79.89786749999999
78.30970455000002
76.71058230000001
75.10255005
73.48770165000002
71.86804184999998
70.24553085000002
68.62221794999999
66.99935055
65.3786661
63.76141200000001
62.14896930000002
60.54209535
58.941547499999984
57.34777125000001
55.761167550000025
54.181335450000034
52.60854225
51.04225335000001
49.54577430000002
48.049295250000014
46.29478259999999
44.548333500000005
42.80825505000002
41.07267615000002
39.33977025
37.60757715000002
35.87409210000001
34.137399450000025
32.39562809999998
30.64695150000002
28.889765850000025
27.122467350000015
25.34367495000003
23.552185799999997
21.74706435000001
19.92741960000003
18.092806049999986
16.242778200000018
14.377202399999994
12.496301400000007
10.600387050000007
8.68999395000003
6.76596855
4.829335500000022
2.8813422000000104
0.9234142500000149
0.0
0.0
0.0
0.0
0.0
0.0
0.0
0.0
0.0
0.0
0.0
0.0
0.0
0.0
0.0
0.0
0.0
0.0
0.0
0.0
0.0
0.0
0.0
0.0
0.0
0.0
0.0
0.0
0.0
0.0
0.0
0.0
0.0
0.0
0.0
0.0
0.0
0.0
0.0
0.0
0.0
0.0
0.0
0.0
0.0
0.0
0.0
0.0
0.0
0.0
0.0
0.0
0.0
0.0
0.0
0.0
0.0
0.0
0.0
0.0
0.0
0.0
0.0
0.0
0.0
0.0
0.0
0.0
0.0
0.0
0.0
0.0
0.0
0.0
0.0
0.0
0.0
0.0
0.0
0.0
0.0
0.0
0.0
0.0
0.0
0.0
0.0
0.0
0.0
0.0
0.0
0.0
0.0
0.0
0.0
0.0
0.0
0.0
0.0
0.0
0.4543918500000115
2.6326641000000257
4.795477500000006
6.9383770500000255
9.056907750000004
11.146748250000023
13.203621750000025
15.22329600000003
17.201806050000005
19.135276050000027
21.019874700000013
22.852082549999988
24.628513800000018
26.345960850000004
28.00148340000002
29.592274800000006
31.115795700000035
32.569684949999996
33.95193780000001
35.26077225000002
36.494584500000016
37.65226080000003
38.732954700000015
39.73622070000001
40.662237
41.51180550000003
42.28670820000001
42.99001905000002
43.627084050000015
44.206590449999986
44.74368525
45.26567760000001
45.827675850000034
46.55856315000002
47.30441924999999
47.73615330000002
48.03330180000002
48.20223540000002
48.24843374999999
48.17670825000002
47.9912466
47.69596919999999
47.29452915000002
46.79031225000001
46.18674885000001
45.487135650000006
44.69468025
43.81276845000002
42.84465239999999
41.793673350000006
40.66335075
39.45711494999999
38.17861904999999
36.83151615000003
35.419593
33.94672545
32.416923000000004
30.834195150000014
29.20268505000002
27.52658040000002
25.810158000000012
24.05778375000002
22.273823550000007
20.46268785000001
18.628787100000032
16.77657630000001
14.910599550000015
13.03513365000001
11.154722700000022
9.273643499999983
7.396217399999992
5.526632100000022
3.669030750000027
1.8274228500000087
0.005728799999984773
0.0
0.0
0.0
0.0
0.0
0.0
0.0
0.0
0.0
0.0
0.0
0.0
0.0
0.0
0.0
0.0
0.0
0.0
0.0
0.0
0.0
0.0
0.0
0.0
0.0
0.0
0.0
0.0
0.0
0.0
0.0
0.0
0.0
0.0
0.0
0.0
0.0
0.0
0.0
0.0
0.0
0.0
0.0
0.0
0.0
0.0
0.0
0.0
0.0
0.0
0.0
0.0
0.0
0.7265478000000106
3.07517925
5.466667800000012
7.8958902000000055
10.357767750000011
12.847266300000015
15.359485350000016
17.88979170000003
20.43364125
22.986890850000016
25.54562010000003
28.10626500000001
30.665617949999998
33.22087230000002
35.76957780000001
38.30968515
40.839546
43.35791295000001
45.86393955000001
48.35695754999999
50.82872520000001
53.20658145
55.56603855
57.907230150000004
60.23028990000001
