0.0
0.0
0.0
0.0
0.0
0.0
0.0
0.0
0.0
0.0
0.0
0.0
0.0
0.0
0.0
0.0
0.0
0.0
0.0
0.0
0.0
0.0
0.0
0.0
0.0
0.0
0.0
0.0
0.0
0.0
0.0
0.0
0.0
0.0
0.0
0.0
0.0
0.0
0.0
0.0
0.0
0.0
0.0
0.0
0.0
0.0
0.0
0.0
0.0
0.0
0.0
0.0
0.0
0.0
0.0
0.0
0.0
0.0
0.0
0.0
0.0
0.0
0.0
0.0
0.0
0.0
0.0
0.0
0.0
0.0
0.0
0.0
0.0
0.0
0.0
0.0
0.0
0.0
0.0
0.0
0.0
0.0
0.0
0.0
0.0
0.0
0.0
0.0
0.0
0.0
0.0
0.0
0.0
0.0
0.0
0.0
0.0
0.0
0.0
0.0
0.0
0.0
0.0
0.0
0.0
0.0
0.0
0.0
0.0
0.0
0.0
0.0
0.0
0.0
0.0
0.0
0.0
0.0
0.0
0.0
0.0
0.0
0.0
0.0
0.0
0.0
0.0
0.0
0.0
0.0
0.0
0.0
0.0
0.0
0.0
0.0
0.0
0.0
0.0
0.0
0.0
0.0
0.0
0.0
0.0
0.0
0.0
0.0
0.09166575000000649
0.47737964999999705
0.842778749999997
1.1954365500000046
1.5482280000000217
1.9242745500000151
2.3674579500000146
2.7781198500000075
3.0112500000000333
3.17982720000001
3.282960450000017
3.319847850000011
3.2899993500000058
3.193236750000027
3.029649150000016
2.7995484000000044
2.5036918500000143
2.1430596000000124
1.7189881500000022
1.2330813000000185
0.687299250000027
0.08400315000001285
0.0
0.0
0.0
0.0
0.0
0.0
0.0
0.0
0.0
0.0
0.0
0.0
0.0
0.0
0.0
0.0
0.0
0.0
0.0
0.0
0.0
0.0
0.0
0.0
0.0
0.0
0.0
0.0
0.0
0.0
0.0
0.0
0.0
0.0
0.0
0.0
0.0
0.0
0.0
0.0
0.0
0.0
0.0
0.0
0.0
0.0
0.0
0.0
0.0
0.0
0.0
0.0
0.0
0.0
0.0
0.0
0.0
0.0
0.0
0.0
0.0
0.0
0.0
0.0
0.0
0.0
0.0
0.0
0.0
0.0
0.0
0.0
0.0
0.7362596999999935
1.569478350000023
2.3615773500000143
3.1109974500000064
3.816357600000003
4.467634050000024
5.092403250000016
5.663266949999993
6.190828050000027
6.677492249999997
7.12717995
7.545860850000009
7.942890450000016
8.332881150000002
8.739800850000012
9.205838400000019
9.66857925000002
9.912356850000002
10.081557750000023
10.179434100000005
10.209327149999996
10.174533599999998
10.078483800000027
9.924697200000027
9.716693250000002
9.458035950000014
9.152289300000017
8.80301730000001
8.413783950000008
7.98815325000001
7.529600100000009
7.041510300000031
6.527225100000034
5.9900412000000145
5.432988000000023
4.8590949000000005
4.271213100000002
3.672015600000022
3.0639971999999966
2.449474499999997
1.830674999999995
1.209425250000013
0.5875072500000063
0.0
0.0
0.0
0.0
0.0
0.0
0.0
0.0
0.0
0.0
0.0
0.0
0.0
0.0
