19.683291344924275
19.561302726795464
19.444595627849832
19.333245763721777
19.227256973390723
19.126526642046805
19.030829176124644
18.939837751432037
18.853128523035174
18.77016572710549
18.690354134516763
18.61300876654627
18.53742238126285
18.46283448314509
18.38850566026399
18.31368152999139
18.237638590116198
18.15970260338907
18.079246670580638
17.995705776029318
17.90859484875628
17.817501816136488
17.72210566471324
17.622143987989997
17.517477095901242
17.407991232667715
17.293660319489973
17.17452025995692
17.050632690116355
16.92212498814418
16.544307446246975
16.40387358242689
16.25937066842104
16.111100748354758
15.959359252688502
15.804473382253923
15.646742352367703
15.486469457884166
15.323929260687164
15.159373267015251
14.993024623428568
14.825085392409068
14.655681035279665
14.484926978501358
14.312894815272198
14.139611333733075
13.965074931469253
13.789260811968061
13.612123269985359
13.433596022765924
13.253591204897123
13.072041729044209
12.888846382842464
12.703909555959541
12.517148082589472
12.328480907431203
12.137860509535203
11.945254869079205
11.750644770290403
11.554055263721862
11.35555611408806
11.15523367971505
10.953233280363746
10.749737333401331
10.544953821801029
10.33912126975385
10.132501950073033
9.925384329142142
9.718096432006057
9.510975600197218
9.30437589212397
9.098684564065046
8.894285941641469
8.691572807961736
8.490957208334393
8.292826258213228
8.097572385120854
7.905599360630695
7.717289266334783
7.533035245262417
7.3532248143332435
7.17825402061116
7.0085223814092386
6.844427906741666
6.686366195772583
6.534748770805959
6.389986536162944
6.252490733629704
6.122690250200888
6.00102280950651
5.887923953834907
5.783868534000867
5.689340214348029
5.604852366512253
5.530919049731588
5.468102616045376
5.416969852016655
5.378116289576751
5.352154761094762
5.339705666508308
5.341435258548972
5.358032549473896
5.390228225950548
5.438818247749002
5.5046386053604985
5.588609740874479
5.6916980227446725
5.814976707710364
5.959580404122403
6.126758005204106
6.31786925830196
6.534421389752724
6.77812754827795
7.050917863615882
7.35506776384702
7.693264168616985
8.06876458601334
8.485603351242176
8.948946731292747
9.465612188525068
10.045061270421572
10.701206968671727
11.456440609785536
12.351840445061908
13.483651708445038
15.32905827721336
18.240372960491815
19.541492495043684
20.604129037764544
21.551085152928472
22.428000027493287
23.257651029687487
24.053189164093535
24.822894023457213
25.572323059337457
26.30530290186636
27.02454480278103
27.731959793755028
28.428887987946137
29.116228425777987
29.794526902345094
30.464062435079647
31.124904361752808
31.776929105023928
32.41988099635821
33.05336989993329
33.676902080242776
34.28991346593696
34.89175102643793
35.48172532880959
36.05908614341832
36.6230614908992
37.17285790504339
37.70766372241727
38.22665246980605
38.72902381733085
39.21396168328719
39.680689805842675
40.12843137017212
40.55644696303145
40.964026808914085
41.350484271746694
41.7151916468703
42.05755097744491
42.377005256132186
42.67304887953813
42.945200506132316
43.19304262277365
43.41620116431279
43.614305423802236
43.78707704134156
43.9342611814809
44.05565377160341
44.151052694262575
44.2203153956516
44.263286831958794
44.27983930778984
44.269831856636394
44.23312595801391
44.169547167031816
44.07889074306597
43.96093315353342
43.81537059119894
43.64185472443708
43.439954807848
43.20911966387324
42.9487084721412
42.65792965646812
42.16619411570169
41.81146051892268
41.42355045404483
41.000886508850606
40.541542540374316
40.043112138175765
39.502614512286755
38.91620382232598
38.27886394900808
37.58378677825845
36.82136340931333
35.97716856737013
35.02770429380992
33.929210828994165
32.578524497943135
30.49251748659937
26.95879397980064
25.416843622564716
24.192212961520067
23.12598234171142
22.159302660532894
21.26258640679522
20.41856463717426
19.6162311527128
18.848159643461734
18.1091521433597
17.395495042123827
16.704485705437026
16.034365920034027
15.383118085933077
14.750347142851396
14.13517241936819
13.5371645734593
12.956107855979054
12.391854028556157
11.413876651439164
10.864338902619865
10.332886289001681
9.81992842650193
9.325937628573454
8.851425250765164
8.396941648304342
7.963077668416218
7.550428413597522
7.1596270889536555
6.791298943828926
6.446099838575569
6.124673392794141
5.827658109405375
5.555691808410118
5.309408203571163
5.089422928923179
4.896335126767276
4.730734168622026
4.593212035890026
4.484331092281434
4.404640412634344
4.3547002847532665
4.335066841551761
4.346291211552835
4.388940308307294
4.463604874626583
4.570898010976732
4.711452603623775
4.885936393397151
5.095063067062383
5.3395984718341785
5.620403603495884
5.938433207421268
6.294815733151588
6.690878889339522
7.128247665853296
7.608926087382956
8.135447524850026
8.711082598431526
9.340185591517892
10.028691906587417
10.785049926673514
11.621845357944649
12.55921938862818
13.63291412974078
14.918933878901598
16.660501669255936
20.486729872258966
22.27291506012508
23.589451035869725
24.707491877983696
25.7062125973346
26.62169788100131
27.47385034216893
28.274812914650813
29.03254212853237
29.752457255054914
30.438358104194403
31.092968611904595
31.718210360565823
32.31546901687726
32.88568171915578
33.4294787656087
33.94722410778174
34.4390880748206
34.9050626477623
35.34501004729154
35.75868554404442
36.14575403023206
36.50583037302431
36.838477875150666
37.14324003505798
37.41963378020495
37.667175355343055
37.885387847304536
38.07382266950701
