0.0
0.0
0.0
0.0
0.0
0.0
0.0
0.0
0.0
0.0
0.0
0.0
0.0
0.0
0.0
0.0
2.549667449999985
5.514737250000015
8.50364130000001
11.508137849999986
14.519406000000023
17.528313000000004
20.525325150000015
23.500908750000022
26.445307350000007
29.348898149999997
32.20214745000001
34.99592250000002
37.72113510000001
40.36936530000001
42.93246045000001
45.402891600000004
47.773575300000005
50.038720050000016
52.13724780000001
54.100076250000015
55.943243400000014
57.663764400000005
59.25941175000003
60.728581649999995
62.07056129999999
63.285395250000036
64.37437545000003
65.34035310000003
66.18862965
66.92869425000004
67.5783669
68.17395585000001
68.8017099
69.7232712
70.33258154999999
70.66412265000002
70.78823895000004
70.72604715000001
70.49282790000002
70.10034240000003
69.55776795000001
68.87258895000004
68.0510424
67.0986525
66.01982970000002
64.819029
63.50030445
62.067799199999996
60.52521090000002
58.876415399999985
57.1251549
55.275394349999985
53.33114325
51.2965002
49.15685280000003
47.01720540000002
44.35828320000002
41.60910270000002
38.776569150000014
35.867810550000016
32.890355850000006
29.85200130000002
26.760765900000017
23.624980500000024
20.44803090000001
17.23459485000003
14.012694300000023
10.7907492
7.577134950000029
4.3631643000000055
1.1616231000000012
0.0
0.0
0.0
0.0
0.0
0.0
0.0
0.0
0.0
0.0
0.0
0.0
0.0
0.0
0.0
0.0
0.0
0.0
0.0
0.0
0.0
0.0
0.0
0.0
0.0
0.0
0.0
0.0
0.0
0.0
0.0
0.0
0.0
0.0
0.0
0.0
0.0
0.0
0.0
0.0
0.0
0.0
0.0
0.0
0.0
0.0
0.0
0.0
0.0
0.0
0.0
0.0
0.0
0.0
0.0
0.0
0.0
0.0
0.0
0.0
0.0
0.0
0.0
0.0
0.0
0.0
0.0
0.0
0.0
0.0
0.0
0.0
0.0
0.0
0.0
0.0
0.0
0.0
0.0
0.0
0.0
0.0
0.0
0.0
0.0
0.0
0.0
0.0
0.0
0.0
0.0
0.0
0.0
0.0
0.0
0.0
0.0
0.0
0.0
0.0
0.0
0.0
0.0
0.0
0.0
0.0
0.0
0.0
0.0
0.0
0.0
0.0
0.0
0.0
0.0
0.0
0.0
0.0
0.0
0.0
0.0
0.0
0.0
0.0
0.0
0.0
0.0
0.0
0.0
0.0
0.0
0.0
0.0
0.0
0.0
0.0
0.0
0.0
0.0
0.0
0.0
0.0
0.0
0.0
0.0
0.0
0.0
0.0
0.0
0.0
0.0
0.0
0.0
0.0
0.0
0.0
0.0
0.0
0.0
0.0
0.0
0.0
0.0
0.0
0.0
0.0
0.0
0.0
0.0
0.0
0.0
0.0
0.0
0.0
0.0
0.0
0.0
0.18513165000001222
2.634045150000018
5.138646150000007
7.6933659000000105
10.29227925000002
12.928970999999994
15.596669549999996
18.288291450000024
20.99653050000001
23.713768650000006
26.432432400000007
29.14468095
31.842985350000035
34.51972755000003
37.16764590000001
39.779701500000016
42.349390050000025
44.87069729999999
47.33809905000002
49.74687300000001
52.040307000000006
54.236443800000025
56.36245890000001
58.41737220000001
60.40118370000003
62.314739849999995
64.15995630000002
65.93955060000002
67.65726495000001
69.31746525
70.92540840000001
72.48697499999999
74.00858025000002
75.49712939999999
76.95979499999999
78.40406145
