14.217129001645098
14.199543018348995
14.203894834427595
14.230282107562989
14.278735517144012
14.349236892221413
14.441724288151368
14.556164746098812
14.692577985059057
14.851049332696098
15.031880874153831
15.235608420768008
15.463201396033096
15.716281687517085
15.997513305769093
16.31136105042073
16.665616763651578
17.075305406727555
17.575982469031924
18.319269335173562
19.652006783400225
20.22559288811659
20.671672557394068
21.05393076745627
21.395334827226225
21.70739048176681
21.996900083544215
22.2682986119224
22.524702550861303
22.768380292065462
23.00110646654229
23.22428638454617
23.439067750724863
23.646420237245938
23.84715410990627
24.041953641848703
24.231422698052143
24.416077578134228
24.596393450405923
24.772759055694788
24.94556633750106
25.120336110569347
25.281779648824283
25.445809125877787
25.607493902860316
25.767077736703396
25.92479336603891
26.080842004860774
26.235419472056897
26.38870017739429
26.5408582931798
26.692047499430206
26.84242177185597
26.99211156364644
27.141238567631863
27.289932534795017
27.438321039749972
27.586514872725974
27.734645253528406
27.882825839478475
28.031163349345817
28.179756820544394
28.328710744517657
28.478119925047217
28.628085947554332
28.7787160850782
28.930116996556695
29.08237874450023
29.2356103813591
29.389881757761124
29.54526255461655
29.70179793369799
29.85952893913992
30.01849515784641
30.178710608075257
30.340184019806813
30.502891304906022
30.666811683418345
30.831918908163658
30.998152725847323
31.16547360320643
31.33385583379826
31.503253506979526
31.673649707291386
31.845017228840966
32.01734871813277
32.19059650642739
32.36475205036835
32.539760392326436
32.715586586671414
32.89217316753784
33.06943843974711
33.24730446167473
33.425659147686275
33.60437574901494
33.78330077261472
33.9622604262226
34.14106341107503
34.31949837538314
34.497344670049735
34.67438443661257
34.85038148891716
35.025118775068826
35.1983436419705
35.36980811027202
35.53924506661758
35.70638325648105
35.87092931641599
36.03260330116306
36.19110620570623
36.34614648433932
36.49744195482494
36.64467945203469
36.78757272640369
36.92580204000263
37.059041952002154
37.18697654495868
37.30925723043486
37.42554038128183
37.535487885985894
37.63876049268102
37.7350074567929
37.82388599336592
37.90504250457222
37.978104301264814
38.042727536003476
38.09852728389497
38.14513926420338
38.18218063621307
38.20926730534719
38.22601482464324
38.23202552436647
38.226899619226046
38.21023999447351
38.18165731188005
38.140731741712536
38.08705312625788
38.02020830536347
37.93975441831463
37.8452793621785
37.73630544036311
37.61236920595519
37.472941976149826
37.198143675636324
37.02617509754223
36.83712668834538
36.6302488687973
36.40467458660218
36.15939859886816
35.893254003225465
35.60485852918525
35.29252611518333
34.954167725152146
34.58711935086048
34.18784459910127
33.75150105911888
33.27108454522175
32.735738068029804
32.12695904916889
31.407804994807012
30.477077709724703
28.286995252274966
27.0047496962745
26.143796275354436
25.425710016068006
24.787526964607164
24.20207989171079
23.65463690353655
23.13618082516042
22.640690271461214
22.16393255122761
21.702780355108718
21.25485623175241
20.81829207035915
20.39161759739324
19.973616855633377
19.563297178605545
19.159831093730446
18.762542032942523
18.37084331150509
17.98424797775034
17.602337464592434
17.22477054354928
16.85125149577524
16.385471667633063
15.927185058542696
15.475878463297231
15.106087330847146
14.739771845856415
14.376940105139282
14.01764268203345
13.661968432996117
13.310018046225355
12.961907363833596
12.617828742185013
12.27794012105822
11.942475883576993
11.611670263227646
11.285771551123846
10.96506408974865
10.649834580138004
10.340363643478462
10.036971629368965
9.739943156853931
9.44959372857976
9.166239451545092
8.89019445901564
8.62176500088035
8.361296381724758
8.109114107282446
7.8655612168261495
7.630997173428248
7.405769624310881
7.190232606795862
6.984761551804809
6.789725148966696
6.605503611415138
6.43248945473722
6.271094739184598
6.121732808415377
5.984825736630774
5.860811809774625
5.750119475529039
5.653192559586637
5.570469119822672
5.502402158167083
5.4494369427476315
5.412033375663254
5.39063374129388
5.385678758461359
5.397607265472232
5.426843285795601
5.473812709532065
5.538915846269559
5.622572423309357
5.725175828201645
5.847129646866636
5.9888479285991485
6.150750520988758
6.333256443293055
6.536838783278652
6.76201008606759
7.009339619461741
7.279484430751047
7.573228772521648
7.8914881431295125
8.235367674362367
8.606217738251267
9.00572610853281
9.43600409153279
9.899800961641478
10.40078485959557
10.94397781748546
11.53658070658064
12.18950131159349
12.920632814223607
13.763247029690934
14.795131918057837
16.369192364481506
19.02529968831641
20.166353083724644
21.065262951796477
21.84253437398995
22.542143169496153
23.185955393267168
23.7866824066143
24.352379111207256
24.888525189816832
25.3989523766603
25.88652199086281
26.353354755865045
26.801073080763228
27.230933762656267
27.64394020223249
28.040893936055756
28.42244496044639
28.789149921806146
29.141472481822603
29.479822468574675
29.80457103548114
30.116069738337355
30.414650830909444
30.700655556132226
30.97443180132925
31.236322970592465
31.486690484183427
31.72589299879087
31.954315424380294
32.172344501256205
32.38038146946408
32.578824015900494
32.76807181248383
32.94852641295012
33.120562451249405
33.28454446255007
33.440791133597614
33.58959233271467
33.73116629959212
33.865669485416205
33.99318025419165
