38.41411640000001
37.78159549999998
37.13098730000002
36.47334019999999
35.81934619999997
35.179251799999975
34.56265010000001
33.9782135
33.43375310000002
32.93577319999997
32.489501000000004
32.098619299999974
31.649555300000006
31.359029900000014
31.313559200000014
31.453386799999997
31.749792800000005
32.1867095
32.753741900000016
33.44319769999998
34.248483499999985
35.163510800000005
36.18216139999999
37.298079499999965
38.50470139999999
39.795136700000015
41.16207919999998
42.59801479999998
44.09510270000002
45.64526450000002
47.240243599999985
48.87169429999996
50.5311521
52.21012279999999
53.90014190000003
55.59283399999998
57.279883100000006
58.95321079999999
60.6048872
62.227190300000025
63.81272480000003
65.35436269999998
66.84530270000002
68.27912959999998
69.64978459999998
70.95165439999997
72.1796009
73.3319015
74.37841069999996
75.3401561
76.21485079999997
77.00142559999999
77.70062300000001
78.31603670000001
78.85622029999999
79.3398254
79.8084617
80.36795029999999
80.71647979999996
80.87608760000002
80.89138309999997
80.7656927
80.50210519999999
80.1034718
79.57252489999999
78.91199690000002
78.12462020000002
77.21318659999997
76.18057699999997
75.02988020000002
73.7643632
72.47669000000002
70.90502540000003
69.2183921
67.42139360000003
65.51896010000002
63.51646729999998
61.419736399999955
59.23494500000002
56.9687162
54.62811859999997
52.22048809999999
49.7536655
47.23572920000003
44.67508429999997
42.08040319999999
39.46059589999998
36.82472089999997
34.181955499999965
31.541566100000008
28.912759700000002
26.30477299999998
23.72663479999998
21.187225399999996
18.695157800000008
16.258748
13.885955599999974
11.584294699999985
9.360804199999992
7.22198839999999
5.173846699999984
3.2217547999999936
1.3704052999999892
0.0
0.0
0.0
0.0
0.0
0.0
0.0
0.0
0.0
0.0
0.0
0.0
0.0
0.0
0.0
0.0
0.0
0.0
0.0
0.0
0.0
0.0
0.0
0.0
0.0
0.0
0.0
0.0
0.0
1.3365473000000032
2.9120728999999934
4.525436299999968
6.169984700000005
7.839065299999979
9.526084699999991
11.224568300000014
12.928100899999992
14.630386099999994
16.325365100000003
18.007068199999974
19.66976329999999
21.307926200000026
22.916299999999975
24.489865399999978
26.02395949999999
27.514097600000017
28.956181099999984
30.34643809999996
31.681423399999996
32.9580779
34.17360980000002
35.325761899999975
36.412514599999966
37.432382899999965
38.3842679
39.26754589999998
40.08209809999998
40.82842939999997
41.507609
42.121537700000005
42.6730667
43.166294600000015
43.6070426
44.003537599999994
44.367986300000034
44.71895120000001
45.086815399999985
45.34731409999999
45.46531220000001
45.508050500000024
45.47995430000001
45.38538950000001
45.22890020000001
45.01508989999997
44.74862149999997
44.434306399999976
44.076985699999966
43.68153019999996
43.252870099999974
42.796054399999996
42.31598360000002
41.817677
41.30609449999998
40.7861069
40.262525599999975
39.74010259999998
39.22341170000003
38.716937599999994
38.22489769999997
37.75136090000001
37.300217900000014
36.8750624
36.47916140000002
36.115603700000015
35.78706229999998
35.495972600000016
35.24441359999998
35.034107899999995
34.75097779999998
34.590063199999975
34.5428105
34.5921422
34.72703959999998
34.93975100000001
35.22433639999998
35.576014100000016
35.99047760000001
36.463806499999954
36.992139799999975
37.571586800000006
38.1982568
38.86811059999999
39.5770199
40.32064850000002
41.09463050000001
41.8943921
42.715359500000005
43.55278069999999
44.4019334
45.25800619999996
46.11627679999999
46.9719635
47.82040339999999
48.65705239999999
49.47742580000002
50.277276499999985
51.052535600000006
51.79943120000001
52.51442899999997
53.19435109999999
53.83646509999999
54.43848409999997
54.998744899999984
55.516297099999996
55.99117040000001
56.42464189999997
56.81971129999997
57.18219980000002
57.522056900000024
57.85677589999999
58.21801699999997
58.46013139999996
58.57893139999998
58.625382199999954
58.60076089999999
58.506701000000014
58.34519239999999
58.11861109999999
57.82971920000001
57.48154609999998
57.0775073
56.62122620000003
56.1166529
55.567886
54.979321099999986
54.3554726
53.70103310000001
53.02081399999998
52.319686100000034
51.6026093
50.874484100000004
50.14027040000001
49.40486869999999
48.67303099999996
47.949479599999975
47.238728900000005
46.5451448
45.872855599999966
45.22578169999999
44.60757619999998
44.021595199999986
43.47092750000001
42.95839459999999
42.48640220000001
42.05708870000002
41.67229550000003
41.33350759999999
41.04188329999999
40.798343300000006
40.55542700000001
40.31880709999999
40.2116792
40.20665990000001
40.28664199999999
40.4398643
40.657416799999964
40.9320824
41.25750530000001
41.62783460000001
42.03757579999999
42.481412599999985
42.954088100000014
43.45046419999998
43.96546219999998
44.49412219999997
45.03154369999996
45.57303409999997
