40.909183699999986
40.0842959
39.2548343
38.423293700000016
37.591990700000025
36.763390400000006
35.93980940000001
35.123564299999984
34.31682320000002
33.5217245
32.74019870000002
31.974116900000006
31.22514230000002
30.494819300000003
29.784514100000006
29.095444399999998
28.428649700000012
27.784991299999987
27.165211699999983
26.569875199999974
25.999427300000008
25.454164999999982
24.934236800000015
24.439702099999966
23.970471799999974
23.526397399999986
23.1071819
22.7125283
22.342020799999982
21.995154499999998
21.67142450000001
21.3702071
21.090967699999997
20.832963799999984
20.59560139999998
20.37816769999997
20.179979599999996
20.00032429999999
19.838518699999995
19.693849999999998
19.565664799999997
19.453279999999985
19.356012500000006
19.273208899999975
19.204245499999992
19.14852829999999
19.105493000000006
19.041905299999996
18.995038699999977
18.964210099999985
18.94820180000001
18.946003999999988
18.9568148
18.979951099999955
19.014878300000028
19.06126969999998
19.11879860000001
19.187346199999986
19.266912500000004
19.35755689999999
19.459457600000004
19.572881899999963
19.698215899999987
19.835905099999966
19.986543500000003
20.150695399999986
20.329043899999995
20.52236120000003
20.731419499999998
20.957050399999993
21.200026100000006
21.461237599999983
21.74148679999997
22.04160530000001
22.362365299999983
22.704509299999987
23.0687501
23.455711400000006
23.86598719999998
24.300082399999965
24.75844250000001
25.2413348
25.74905629999997
26.28172580000001
26.83940269999997
27.421997899999987
28.029333199999968
28.66114129999999
29.317036100000017
29.99651270000002
30.698977100000015
31.42371649999999
32.16995869999995
32.936753299999985
33.72314989999999
34.52807930000001
35.35038320000002
36.188814199999996
37.042095199999956
37.90888969999999
38.787772099999984
39.67737619999999
40.5761576
41.482690699999985
42.395431099999996
43.312923500000004
44.23362350000001
45.15610549999999
46.078854800000016
47.00044580000001
47.9195123
48.83468809999999
49.74466640000001
50.648199800000015
51.5441003
52.43120960000002
53.30845849999999
54.174866899999984
55.029484399999994
55.87141999999999
56.69984209999999
57.513978499999986
58.31317579999996
59.09678059999997
59.8642286
60.614925800000016
61.3484564
62.0643749
62.76226549999999
63.44183119999996
64.10274529999998
64.74479990000002
65.36775740000002
65.97143959999998
66.55578709999999
67.1206514
67.66606219999998
68.19196009999999
68.6984639
69.18560329999998
69.65349709999998
70.10235319999995
70.5323795
70.94375419999999
71.33677429999997
71.71176649999998
72.06902780000001
72.408974
72.73193179999998
73.0383467
73.3353764
73.6038644
73.85738359999999
74.09637950000001
74.32138670000002
74.53285069999998
74.73133579999997
74.91734690000001
75.0913592
75.25390730000002
75.4055555
75.54680870000001
75.67823119999998
75.80041700000002
75.91396010000003
76.01942479999998
76.1174942
76.20879199999999
76.2939716
76.37377550000001
76.44885709999996
76.51989950000001
76.58758579999997
76.6525694
76.71547399999997
76.77689360000001
76.83733309999998
76.89723799999996
76.9570241
77.01695869999998
77.07730909999998
77.1381941
77.1997028
77.2618649
77.3245913
77.38779289999998
77.45132119999997
77.51505739999999
77.57885300000001
77.64261889999999
77.70635510000001
77.7702695
77.8346591
77.86426999999999
77.8851788
77.8968806
77.89812799999997
77.88767359999999
77.86421059999998
77.82643220000001
77.77309099999997
77.70285049999998
77.61452269999998
77.50683049999998
77.37864529999999
77.22877909999998
77.05628149999997
76.86008329999999
76.63938259999999
76.39331809999997
76.12117699999999
75.8224247
75.49655629999997
75.14315599999998
74.7619862
74.35286870000002
73.9157738
73.4507906
73.00285520000001
72.46353289999998
71.89557980000001
71.2996196
70.67621659999999
70.0261727
69.35034919999998
68.64978559999999
67.92549169999998
67.17871490000003
66.4107026
65.62282099999997
64.81652540000003
63.99327109999998
63.15463220000002
62.302242199999995
61.437764300000026
60.56289140000001
59.67934610000001
58.78888069999998
57.89327719999997
56.99431759999998
56.0937839
55.1934581
54.29512220000001
53.4004988
52.511399600000026
51.62948779999996
50.75642660000001
49.89387919999997
49.043449399999986
48.20662219999997
47.384912300000025
46.57971560000001
45.7923983
45.02420779999999
44.27636179999998
43.54992950000002
42.84598009999998
42.16546400000002
41.509183099999994
40.87796899999999
40.272475099999966
39.693354799999994
39.141083299999984
38.61613579999999
38.1188687
37.64957899999998
37.20853399999999
36.795822799999996
36.411564199999965
36.05578789999998
35.728434499999985
35.42941489999999
35.15861030000001
34.91575339999999
34.70066600000001
34.51305110000001
34.3525226
34.21881319999998
34.1114477
33.985430600000015
33.875837600000004
33.81210139999999
33.78881659999998
33.80182519999998
33.847622599999994
33.92338729999999
34.026535400000014
34.154839399999965
34.30619059999998
34.47865849999999
34.670401699999985
34.87954909999998
35.10437809999997
35.343106699999986
35.594041999999995
35.85540200000002
36.1255235
36.402624499999995
36.6850715
36.97117160000003
