28.894374957582713
29.135908800870467
29.372864901366487
29.60493782600255
29.831652085996403
30.052323103550307
30.266121919242423
30.472095126365147
30.66914386893015
30.85609928349487
31.03173304607608
31.194775549315636
31.34396293958431
31.478031895847188
31.59574546344681
31.69592296943737
31.777400528191343
31.839100991457844
31.879992200847557
31.899123364689494
31.89562743234692
31.868711490180463
31.817674816390593
31.741884294662064
31.640767246100715
31.513823154705623
31.360587013432088
31.18064143172338
30.973597205095594
30.739071649346023
30.476679254186998
30.186012909513988
29.866645061721517
29.51807552298451
29.13972350138306
28.730860056245493
28.29057329269148
27.81765230807243
27.31050316994453
26.766952129389463
26.1839908681282
25.55734445410628
24.88067758902428
24.144182049012
23.33152115366644
22.412343556954834
21.317851940733263
19.79228401399575
16.72018371251956
15.375771196694108
14.36437882907288
13.511930632177542
12.760187459599129
12.080986334811719
11.458169383408249
10.881513113809465
10.344124767305347
9.841154169695796
9.369086817420127
8.92532820543437
8.507941449598597
8.115458764280257
7.746791246481294
7.401100982122125
7.077765110760245
6.7763354649084935
6.496534127559046
6.238179576571516
6.001234330764098
5.785749320596351
5.591872584850874
5.419833604319028
5.269925767866671
5.142505602720951
5.037953728346638
4.956722927742012
4.899332009827954
4.866335521034627
4.858375769310601
4.8761837408069075
4.920558844115144
4.992400500112181
5.092705504625578
5.222595004901275
5.383308580014504
5.576288852403803
5.803157634981483
6.06583456303071
6.366590020061143
6.708169049843167
7.094012862849594
7.5285364165839574
8.017614561887084
8.569391410863425
9.195831114261884
9.915880337091066
10.763217167573101
11.810925544006878
13.316774625782118
16.446567993160087
17.85904782176515
18.9580877896467
19.919936645874987
20.80136259987501
21.629116704194647
22.418203276635975
23.17792505919867
23.914463251262898
24.632094783635615
25.333892757034715
26.02209209326723
26.698344270579533
27.363848001283387
28.01950270693063
28.665936997794944
29.303598336463097
29.93275600618596
30.553570873059403
31.16609987553932
31.77029099637126
32.36604525016716
32.953182745747725
33.531472296757435
34.10065418037386
34.660406970122104
35.21041112848886
35.75030105586156
36.27970579143669
36.79824305160786
37.305493519144804
37.8010445876777
38.284449951455585
38.755254089755674
39.21299809203157
39.657217400081684
40.087444406251706
40.50321780441936
40.904061559719466
41.2895094186679
41.659086535275
42.012317576994064
42.348735749757054
42.66784831282458
42.96920543323316
43.25232184300953
43.51673792214495
43.76200688867427
43.98763221295754
44.19317640237858
44.37819513942237
44.54224822809507
44.68490203026092
44.80576589663242
44.90443900771061
44.980569872835716
45.033818835033216
45.06386023811877
45.070387294805876
45.053121805242306
45.01177150348789
44.946079774863755
44.85576185342267
44.74053904312738
44.60013453717939
44.434247799287185
44.05209250805377
43.831455650421965
43.584701278105314
43.31135101962589
43.01084971000769
42.68253326548824
42.32559689983458
41.939053888433904
41.521709389660664
41.07207969246977
40.5883052374046
40.06800606676269
39.508109919065795
38.90456851728316
38.251882527049275
37.542315613166295
36.76441855935618
35.899990041383774
34.916806456760376
33.746224532022104
32.16666250075514
28.66932563136221
27.016121380663655
25.79652697398002
24.76034054515357
23.832544842014023
22.978056572719456
22.177080448118822
21.417177951402284
20.68994760691764
19.989428760485712
19.311261873042696
18.652157498271045
18.00960199517345
17.38163509331676
16.766722863367345
16.16365609526319
15.571488991733139
14.98948131771218
14.417072863264583
13.853843865768996
13.29950123951355
12.75385428796486
12.216813906478063
11.688298206303509
11.16836582300148
10.1723056400597
9.651205050468885
9.139457214882741
8.637302501745493
8.145008411093013
7.662890011286529
7.191288986776605
6.730545986667839
6.281058741186064
5.8432025774758065
5.417379900174694
5.004008552854348
4.603486427732162
4.216223521268248
3.842630536152733
3.483113846024362
3.1380442378777933
2.8078028417990435
2.4927483884844923
2.1932137919677555
1.9095173110091401
1.6419419686226275
1.390781206172678
1.1562857341584505
0.9386966230819916
0.7382341107839124
0.5551086832321426
0.38950885386182565
0.24160673275934413
0.11155991827645721
0.0
0.0
0.0
0.0
0.0
0.0
0.0
0.0
0.0
0.0
0.0
0.0
0.07909771421657069
0.20373280686646922
0.3461600090732941
0.5062838358507906
0.6840433941948026
0.8793905602437166
1.0923173757002815
1.3228788295835057
1.5711671680254586
1.837355261055136
2.1216846503584885
2.4244949364774313
2.7462244007296226
3.087418356028261
3.448788245088965
3.831203908450352
4.235759133189941
4.663805337431036
5.117031135899774
5.597580980674054
6.108233448463745
6.652676275594425
7.235970444942898
7.865409366387101
8.552144935684806
9.314856580504397
10.189361534225831
11.265070411800087
13.159826112718111
15.413370127947179
16.44930590049768
17.26974587499946
17.971075500482574
18.59078259748288
19.14768959813178
19.65252923853007
20.11177891534268
20.52949566828162
20.9082066225069
21.249426758546115
21.567424529943064
21.822318579038928
22.054399928630538
22.250087500247506
22.40902768229884
22.530778295464625
22.61482923987588
