74.13460340000003
73.87472840000001
73.61687300000001
73.35934429999996
73.12545679999998
72.855068
72.5798381
72.2980742
72.00820220000001
71.70876679999999
71.39846119999997
71.07609739999997
70.74063589999996
70.39121539999996
70.02709340000001
69.64767589999998
69.25245800000002
68.8411427
68.41343299999997
67.9691507
67.50826610000001
67.03069009999997
66.53642269999996
66.02555299999996
65.49805130000001
64.95403639999999
64.3934786
63.81643729999998
63.22285310000002
62.61269629999999
61.98581839999997
61.34216000000002
60.681394399999974
60.003373100000005
59.307799100000004
58.5942566
57.86244860000002
57.11195930000001
56.34225409999999
55.5530063
54.74371099999998
53.91392269999997
53.06322559999998
52.19120390000002
51.29750120000002
50.38179079999999
49.44380540000003
48.483366799999985
47.50029679999997
46.49465480000002
45.466411100000016
44.41580329999997
43.34303930000002
42.24847549999999
41.13267620000002
39.99620569999998
38.83977679999998
37.66428050000001
36.47069689999999
35.26012489999999
34.0338119
32.793094399999966
31.539487099999977
30.27456410000002
28.9999886
27.717601999999992
26.429245700000028
25.136939299999995
23.84267269999997
22.54861400000001
21.256901599999996
19.969762999999997
18.689425699999962
17.418206299999994
16.15839169999997
14.912239099999981
13.682035399999991
12.470067500000006
11.278503499999998
10.109600600000007
8.965437800000018
7.848094100000018
6.759589099999969
5.701793900000004
4.676609300000006
3.685728200000008
2.7307840999999784
1.81332140000003
0.93473600000001
0.0963644000000113
0.0
0.0
0.0
0.0
0.0
0.0
0.0
0.0
0.0
0.0
0.0
0.0
0.0
0.0
0.0
0.0
0.0
0.0
0.0
0.0
0.0
0.0
0.0
0.0
0.0
0.0
0.0
0.0
0.0
0.0
0.0
0.0
0.0
0.022619299999985857
0.8399929999999881
1.6887299000000286
2.567345000000014
3.474472099999977
4.4087153000000185
5.368619299999976
6.352788199999996
7.359826099999974
8.388277699999994
9.436747099999955
10.503838400000001
11.588066600000001
12.688006100000006
13.802260999999998
14.92934630000001
16.06783640000001
17.216246299999998
18.373120700000012
19.537034000000023
20.706471500000013
21.87997789999999
23.0561276
24.233435600000004
25.4104763
26.5857944
27.757934599999963
28.925530700000003
30.087127399999993
31.241358500000015
32.386887500000014
33.52231850000002
34.646404100000005
35.75780780000002
36.85537129999999
37.93784719999998
39.004106899999975
40.05305149999996
41.08367119999999
42.094896799999994
43.08586699999998
44.05569079999996
45.00350689999996
45.928632200000024
46.83038359999997
47.708107700000006
48.56129960000003
49.389484100000004
50.19227510000002
50.96940529999999
51.72060739999997
52.445762599999995
53.144752099999984
53.817635300000006
54.46441219999997
55.08526100000002
55.68041929999997
56.25012469999999
56.79470389999997
57.314542999999986
57.8101469
58.2819017
58.7304311
59.15624000000001
59.559981800000024
59.94222080000001
60.30364009999997
60.644922799999996
60.966722300000015
61.26972169999999
61.55460410000001
61.822052599999985
62.0727503
62.30740999999999
62.52662570000002
62.73111020000002
62.921457499999995
63.098350700000005
63.262354099999975
63.41415080000001
63.554275399999995
63.68335160000003
63.801973399999994
63.9107645
64.01031889999999
64.10128999999999
64.18433119999996
64.24352329999998
64.2700751
64.2849251
64.28834059999998
64.28047010000002
64.26152149999999
64.23164329999996
64.19089489999999
64.13942480000001
64.0772627
64.00443830000002
63.92104070000001
63.827069900000026
63.72261499999999
63.607675999999984
63.48231229999999
63.3465833
63.20063749999997
63.04456399999999
62.87848159999998
62.70259819999999
62.5171217
62.322349100000004
62.11851800000001
61.906014499999955
61.6852544
61.45671290000001
61.22086520000003
60.97830530000001
60.72968659999998
60.47572189999998
60.21718339999996
59.95487300000003
59.68974110000003
59.422678700000006
59.15475500000001
58.887009500000026
58.62054110000002
58.35653779999997
58.0961579
57.840648799999975
57.59122819999998
57.349143499999954
57.11570149999998
56.89209019999999
56.67958669999999
56.479379
56.29262539999997
56.120424799999974
55.9638761
55.8239891
55.70168450000001
55.5977939
55.512525199999985
55.38377569999997
55.29494300000001
55.24362139999997
55.227642800000005
55.245106399999976
55.29414109999997
55.37305399999998
55.480152200000006
55.613772499999996
55.77222200000003
55.95386719999998
56.15692609999999
56.379735500000024
56.620513400000014
56.877537200000006
57.14905459999997
57.43328359999999
57.7285016
58.03307510000002
58.34528149999998
58.66363579999999
58.98662329999999
59.31287780000002
59.6411222
59.970227900000005
60.29915539999998
60.62704339999999
60.95323849999999
61.27708730000001
61.59823340000002
61.91643919999997
62.231585899999985
62.54373290000001
62.853117799999985
63.1600079
63.4649378
