17.373136550446144
17.17744017324614
16.92892922869762
16.628856574615146
16.27959237121026
15.884467150761344
15.447505600921176
14.97321312532657
14.4663743545484
13.931857454344003
13.374479290493108
12.798896615663853
12.209481117199994
11.61041092009543
10.538597444723266
9.907805385105485
9.277646665628136
8.651152838568605
8.031091084479861
7.419947545969344
6.819952497797547
6.233104569206177
5.661205766420003
5.105853985119561
4.568500524567985
4.050452633415903
3.55292221728072
3.0770141850298662
2.623779202634969
2.194206590891199
1.7892852566655075
1.4099774198015849
1.0572546359919897
0.7321080282556841
0.43559310603396173
0.1687893549185583
0.0
0.0
0.0
0.0
0.0
0.0
0.0
0.0
0.0
0.0
0.0
0.0
0.04254084345449883
0.3543798286104675
0.7246605724644383
1.157035672249633
1.6557185332213953
2.2257087944614704
2.873079290866588
3.6054742023261204
4.432865634769633
5.368962192338468
6.433718960900782
7.6587547691259195
9.100442196202597
10.882196459043762
13.447066212784407
18.719389201571644
21.082839602009184
22.926461019067855
24.536375022460305
26.00405728446441
27.37214766834111
28.664089517980837
29.893952493476608
31.070596491082224
32.19967972616888
33.28479001912727
34.32809092318421
35.330728645553016
36.29310809865409
37.215094837583656
38.09613119894133
38.935333554755964
39.73158479541128
40.483560433419946
41.18981186563425
41.848776860604396
42.45881527616251
43.01825736726982
43.52539078559856
43.97850088258685
44.37586146386706
44.715759105841066
44.99648633039085
45.21632848659614
45.3735838890202
45.466527050798085
45.493396978501536
45.45240728834651
45.3416219842095
45.159044048081576
44.90246561222664
44.569425466094344
44.15710862325226
43.66221609104092
43.0807729333761
42.40789395960865
41.63736076728239
40.76105825704716
39.767990634788575
38.64259027826399
37.361524474635424
35.88672706673776
34.14755931499584
31.977200822202104
28.57285379191191
22.827808398950342
20.293068866053485
18.25291463087995
16.4543050527516
14.804183345644196
13.256392061106332
11.784498125178123
10.372099728081196
9.008524291863049
7.68668933556492
6.4019228974338445
5.151213601537602
3.9327982280762583
2.7458538680245375
1.5903061131936602
0.46664340235174223
0.0
0.0
0.0
0.0
0.0
0.0
0.0
0.0
0.0
0.0
0.0
0.0
0.0
0.0
0.0
0.0
0.0
0.0
0.0
0.0
0.0
0.0
0.0
0.0
0.0
0.0
0.0
0.0
0.0
0.0
0.0
0.0
0.0
0.0
0.0
1.098813038476485
3.4529674865991025
6.824878357602812
13.547946961727405
16.512951578281854
18.814112378259683
20.80418416815191
22.59978755812136
24.25682393324538
25.806947120481084
27.269846978497018
28.658490407628396
29.98172089097573
31.24568386056919
32.4546915092646
33.61174522781111
34.718872780700785
35.77742001117631
36.78819204863961
37.75158548167102
38.667713794298884
39.53646670651618
40.3575770859139
41.13066049997024
41.855267285017185
42.530922260228806
43.157138759559864
43.73346642662882
44.25947534315814
44.73480092761373
45.15913362583242
45.53222624285061
45.85390921403157
46.124073487109726
46.34268151845728
46.50976069213073
46.625385521708125
46.68967997361477
46.70280523610694
46.664962596067745
46.57635010881024
46.43717338028635
46.24761396201548
46.00782531413193
45.71788759030784
45.37775149712858
44.987285735100016
44.54618228628959
44.05394742541291
43.50981822794809
42.912725777109934
42.26115914253609
41.55307119874842
40.78565353011172
39.95507557759213
39.05602691312037
38.08099369911374
37.01901716577444
35.85322178311339
34.5557011971747
33.07422893293015
31.286801745902828
28.67193241522409
23.873234122478618
21.80886281775224
20.206388160407677
18.830603729499998
17.59744121800483
16.46515327005396
15.409466524636121
14.414894526583268
13.470918626927192
12.570059324029627
11.706849639694271
10.877200727957188
10.077995539939739
9.306833697377387
8.561862654238931
7.841637949264314
7.145034125660409
6.4711846597182925
5.819412599155396
5.18920060651828
4.580153904188233
3.9919991698436004
3.4245539062610395
2.877685681295311
2.351400847707355
1.8457274439222238
1.3608144394205328
0.8968453950532194
0.4541051937067732
0.03295144856019306
0.0
0.0
0.0
0.0
0.0
0.0
0.0
0.0
0.0
0.0
0.0
0.0
0.0
0.0
0.0
0.0
0.0
0.0
0.0
0.0
0.0
0.0
0.0
0.0
0.0
0.0
0.0
0.3592425751995461
0.9011831197850757
1.4724197443352613
2.068767032132432
2.6851119962390544
3.3152474289365457
3.951716639114311
4.585546145213957
5.2059014761016265
5.799749135297983
6.351491380489101
6.842765727894992
7.25267799633536
7.5590456650332785
7.741097709284502
7.783434791103562
