0.0
0.0
0.0
0.0
0.0
0.0
0.0
0.0
0.0
0.0
0.0
0.0
0.0
0.0
0.0
0.0
0.0
0.0
0.0
0.0
0.0
0.0
0.0
0.0
0.0
0.0
0.0
0.0
0.0
0.0
0.0
0.0
0.0
0.0
0.0
0.0
0.0
0.0
0.0
0.0
1.4741473999999943
3.7628887999999776
6.106307900000011
8.499147799999987
10.935913999999979
13.411082300000004
15.918950299999983
18.453815600000006
21.009886699999967
23.58125330000001
26.16209419999998
28.746469399999977
31.328557700000008
33.90244880000001
36.46238089999997
39.00268129999999
41.517677299999995
44.0019635
46.4501939
48.857170999999994
51.2179349
53.5277336
55.7819636
57.976348099999996
60.1067885
62.169423800000004
64.1607494
66.07743890000002
67.91649260000001
69.67511869999996
71.3509115
72.9416435
74.4261386
75.81407899999998
77.1130679
78.32230339999998
79.44125089999999
80.46979159999998
81.4083116
82.2577316
83.01968509999996
83.69696389999999
84.29387449999999
84.8172479
85.2783998
85.69693220000003
86.11035619999998
86.56746890000002
86.77100300000001
86.85974659999998
86.83862989999999
86.71222669999997
86.4847247
86.16022249999999
85.74261080000001
85.23578030000003
84.64368109999998
83.97017419999997
83.21929879999998
82.39515350000002
81.50198540000001
80.54410099999998
79.52598499999999
78.45227059999999
77.32770980000004
76.15717340000002
74.94565100000001
73.69831039999998
72.4953713
71.1198455
69.72335149999999
68.31209659999998
66.89231779999999
65.47016300000001
64.0518395
62.6434358
61.25089189999997
59.880118100000004
58.536698
57.22615580000001
55.953688999999976
54.724227799999966
53.5423757
52.41246889999998
51.33845750000001
50.3238461
49.371812600000005
48.485059700000015
47.66590399999999
46.91615720000001
46.2371855
45.629850199999986
45.094537399999986
44.631098600000016
44.23893980000001
43.88476730000002
43.51060670000003
43.38013459999998
43.41978409999999
43.5944201
43.8842921
44.2769261
44.7633527
45.3365924
45.99073490000003
46.72043419999998
47.5207304
48.3867527
49.31377879999999
50.29708639999999
51.331982899999986
52.413775699999974
53.53774250000001
54.69922040000001
55.89351679999999
57.11599849999999
58.36206199999998
59.6271929
60.90693620000002
62.196955700000004
63.493063699999986
64.7911319
66.08723990000001
67.37761580000003
68.65866589999999
69.92694499999999
71.17927519999999
72.4125677
73.62097159999999
74.78521159999998
75.92263249999998
77.03106619999998
78.1086713
79.15375489999998
80.16489140000003
81.14083340000002
82.08054139999997
82.98327289999997
83.84840419999999
84.6754898
85.46441089999999
86.21507840000002
86.92770019999999
87.60263269999999
88.24032140000001
88.84141969999999
89.40675919999998
89.93720119999999
90.4337258
90.897521
91.3296857
91.73149699999999
92.10420229999998
92.44916780000001
92.76767059999997
93.06104719999998
93.33063410000001
93.57767869999996
93.80348779999997
94.00924939999999
94.1962109
94.36547119999999
94.51821830000002
94.65558080000002
94.77865759999996
94.88857729999998
94.98661700000001
95.0739647
95.15210539999998
95.19392299999997
95.2134359
95.2199699
95.21355469999999
95.19413089999998
95.16131239999999
95.11456460000001
95.05314500000001
94.97616260000001
94.8824888
94.77084650000002
94.63981009999999
94.4878352
94.31316950000001
94.11400130000003
93.8884001
93.63434629999998
93.34973120000004
93.03238670000002
92.68020409999998
92.2909262
91.86238490000001
91.39238240000002
90.87881
90.31955899999997
89.71258010000003
89.05597250000002
88.3478057
87.58638680000001
86.76999319999999
85.89708049999999
84.96625280000002
83.97617359999998
82.925744
81.8138948
80.63982410000003
79.40281910000002
78.10240459999999
76.7383133
75.31036700000001
73.8187142
72.3512669
70.63362679999997
68.84755789999997
66.99421849999997
65.07512329999997
63.092143400000026
61.047506299999995
58.9438256
56.784160399999955
54.57198559999996
52.31119189999999
50.00611549999997
47.66159749999997
45.28289479999997
42.87576919999997
40.44639830000001
38.0014646
35.54797729999998
33.093391099999984
30.645517100000013
28.21243370000001
25.802456899999996
23.4240512
21.085770199999995
18.7961972
16.563767000000002
14.39667679999997
12.302856500000027
10.28979049999997
8.364428600000023
6.533067199999987
4.801230499999973
3.1737001999999785
1.654277900000023
0.2459038999999936
0.0
0.0
0.0
0.0
0.0
0.0
0.0
0.0
0.0
0.0
0.0
0.0
0.0
0.0
0.0
