0.0
0.0
0.0
0.0
0.0
0.0
0.0
0.0
0.0
0.0
0.0
0.0
0.0
0.0
0.0
0.0
0.0
0.0
0.0
0.3284480479604577
1.008924803096794
2.021159369863743
4.179114927884229
5.19570609892745
6.013466019137136
6.750683930334385
7.4462282763089185
8.119038640243758
8.780239887661468
9.437232361221394
10.095353034071836
10.758708907038784
11.43057141394263
12.113680544520044
12.810322987886668
13.522458934239529
14.251744167615094
14.999609735434914
15.76720083726628
16.555478460367016
17.365171791913436
18.19673525714391
19.05044190457218
19.926383125377264
20.824383080319397
21.744047262394744
22.68477664163933
23.645755123438327
24.625954571463684
25.624204267348286
26.639011602966914
27.668868219477538
28.712066309761855
29.76676804434606
30.83102624803968
31.902773439720605
32.97992392629641
34.06019643860452
35.14145219416106
36.2214023600909
37.29779254087313
38.368355332515115
39.4308901946866
40.48321219296751
41.523174230035735
42.5487228546506
43.55786871394979
44.54866958771459
45.51930459419158
46.46799750132894
47.393051113662665
48.29320326150254
49.16607648444979
50.01117183939036
50.82688814250187
51.61198115852753
52.365329149913144
53.085853277625375
53.77258663162311
54.42488435966004
55.041217990618584
55.62161231961103
56.16521135717787
56.67147674693784
57.139993884992464
57.57045093061919
57.96259819287326
58.31629303241384
58.631482813730116
58.90817609331597
59.14646722449054
59.3465324461194
59.5084845474683
59.63263771504286
59.719274497126975
59.76875812361683
59.78142447256867
59.75762881061306
59.69773448089735
59.602112156094094
59.47115108012277
58.63914278284683
58.403330199204404
58.13438523261563
57.83288988792248
57.4993228226154
57.13416167860784
56.73779678246059
56.31051840588107
55.852531160600925
55.36391725464373
54.84460949192017
54.29437315095646
53.71277309052367
53.099129271131076
52.45252929468616
51.77172921431021
51.05508000393889
50.30050392806707
49.50530969382331
48.66600301603437
47.77800261610117
46.835193847773006
45.8290922148518
44.74754584486392
43.57201078073871
42.27161380461249
40.78726729520557
38.971321974673984
35.83251705974054
31.86718115761586
30.05335670645657
28.60449949108954
27.348774615797563
26.217691198388124
25.17537954602039
24.200255210997156
23.278167022922634
22.399277854122708
21.55650357243924
20.74455495009665
19.95943940336976
19.198089851928295
18.45813982633293
17.73775999893153
17.0355334697177
16.350353840044885
15.681416748636895
15.028084885034954
14.389927896533404
13.766649772208105
13.15806234902822
12.56412451703504
11.98484053105998
11.420277055903593
10.869657409629838
10.335028725823076
9.816411653120817
9.312391923747425
8.824062424779376
8.351670421983446
7.8955196948713775
7.455864862493465
7.033035048059027
6.627339878198045
6.238601319722006
5.86871874710587
5.516516753406559
4.65549714278364
3.803507097856716
2.9600728957681373
2.6860523909894676
2.4354783082554947
2.208696541279221
2.0060507956120195
1.8278626087772172
1.6744258072209752
1.5460194995408756
1.4428792583508345
1.365250167176373
1.3133314340164122
1.287303987463464
1.2873146331567467
1.31346497982497
1.3658216400638492
1.4444216938414696
1.549259745080498
1.6803380691497727
1.837645310256946
2.0211647898350225
2.2309260658069126
2.4669549475875714
2.7292990681498215
3.018056983825536
3.333362934653609
3.6754001007371606
4.044400998026626
4.440697569137518
4.8646810210468745
5.316893757126534
5.798003977997678
6.308942941364091
6.850895484312102
7.425462042633471
8.03469682157829
8.68135953997751
9.369157351077657
10.103153147803923
10.890514571287493
11.741739193101168
12.673091722947774
13.712150673833023
14.91267202726342
16.413308524774134
19.732217723337243
22.109393422614033
23.507345584919825
24.642096801350142
25.6327457629476
26.52757401709127
27.35181252039753
28.12060906029498
28.843864430187413
29.528435960552912
30.179254424689653
30.799972109705454
31.393384206283173
31.961642248736688
32.50640250096747
33.028990462318156
33.661254335167584
34.01151532924115
34.47286755211741
34.91495591427308
35.33816162738583
35.74274584726866
36.128903578760514
36.49678929312947
36.8464470447383
37.17792136232598
37.49114268987469
37.78606422478663
38.06252591055429
38.32037689437403
38.55940090782819
38.77935413827958
38.979973464007074
39.16099946003524
39.32194843539334
39.46247870418659
39.58205374735364
39.680371203532715
39.75678716373947
39.81068333070961
39.841391757465736
39.84814756154496
39.83008229068017
39.786259671012466
39.715632595028325
39.617039323172584
39.489196178802985
39.33068037678341
39.13976948905989
38.914685267213585
38.6533725977139
38.35346351439138
38.01231449670486
37.62688269154101
37.193637449282114
36.70842602437017
36.16620410614672
35.56077422598526
34.88407222918862
34.166326291079955
33.2686249486719
32.2894362536125
31.14304148342397
29.72866434373571
27.64889073630632
23.499120626852132
21.663313227257635
20.229537052936145
18.98641343280036
17.86301707646306
16.826216294345873
15.858251054675659
14.949066660512583
14.092944713626906
13.286916816461321
12.529785204561538
11.821545691254526
11.163098150368647
10.555893235213762
10.001776312478635
9.502854256114606
9.061314511015368
8.679380591365405
8.359105776230344
8.102392061523862
7.910863195871455
