0.0
0.0
0.0
0.0
0.0
0.0
0.0
0.0
0.0
0.0
0.0
0.0
0.0
0.0
0.0
1.8087783416004164
4.691294206765114
10.170747327665081
12.614977304432704
14.585261304765085
16.33607155391654
17.95391602931077
19.480244638916403
20.938350046948276
22.342636263806266
23.70259127939955
25.02439730186824
26.312707548619166
27.57054919012042
28.800088300261955
30.002785392522014
31.17960833864046
32.33112680676874
33.457587903190664
34.55901561052264
35.63521069884686
36.6858185232422
37.71033532735417
38.708113165267434
39.678415785100576
40.62038247751374
41.53309419386016
42.41554003332338
43.26666971837759
44.08535718552336
44.87045362799105
45.6207553515103
46.335051988931035
47.012123753692734
47.6507362211137
48.24970187683295
48.807841452055435
49.32404664867392
49.797235623493414
50.22641326869314
50.61065641714961
50.949089894597876
51.240940746602035
51.485493558900146
51.68209929950359
51.83019600723186
51.92932070922052
51.97894359415785
51.97871297684755
51.92825342916336
51.82720302010558
51.675220793223055
51.471921496016314
51.21688862078503
50.90962197965244
50.54953456867399
50.13589734953279
49.41577691640843
48.888294991505425
48.3049779468839
47.663998051071424
46.963039497625
46.19908983931493
45.368202342509306
44.46513763479706
43.48278731840966
42.41125881706956
41.23612041393298
39.93501763242601
38.47003600340995
36.7662979772281
34.62467653360028
29.76728799303488
26.543509661033756
24.546469987902835
22.91763974247124
21.493096259144085
20.20478110809567
19.016955960611632
17.90840733595283
16.86567912677706
15.879853598752796
14.944946478158565
14.05690494388216
13.213064897821578
12.411752247226277
11.65205584217458
10.933625739320314
10.256555551867992
9.62126780079299
9.028422529623512
8.478995966388938
7.973966271193328
6.867923767588891
6.441144356933683
6.065542422493632
5.742626488111532
5.473918984112279
5.260922628558578
5.105145720932078
5.008070350456182
4.9711460461851065
4.995826726804205
5.083536132473494
5.235742923436017
5.453946423807383
5.739732677414941
6.094827384527494
6.521204653888019
7.02118544125806
7.597604696113251
8.254085875703353
8.995402759926158
9.828086198755727
10.761407633940099
11.809185917003804
12.993314146114113
14.351709983743229
15.960174031209494
18.02082190969659
22.768504506767027
25.847003021798137
27.790132815718145
29.393247280660198
30.805334170583112
32.087234008612356
33.27066684626877
34.37439886184837
35.41044919045027
36.38691068383987
37.30942164986664
38.182017587370986
39.00762063546502
39.788391092523234
40.52593610602343
41.221468883390514
41.87591834660854
42.49000326985791
43.064306672922584
43.59930429967413
44.09541208781806
44.55300868569974
44.97245982533679
45.3541272762484
45.69838755691615
46.00564934401442
46.27633554295298
46.51091821481927
46.70990360258069
46.87385077869842
47.00335326380732
47.09906715357969
47.1616902528869
46.97040947667636
46.96198143490943
46.92321039258894
46.855004349706405
46.75833502970494
46.6342218488607
46.48367616858354
46.3078281903803
46.107794455831375
45.884767903003294
45.639974452771966
45.37467988594435
45.09022167957957
44.78794436927834
44.46924516945146
44.135544351835726
43.78826325442686
43.428838636334575
43.058716443746235
42.6793069443908
42.292000661816296
41.89816758531234
41.499102228420774
41.096051572284594
40.69017448404978
40.282560391179814
39.87415395967768
39.465764274072896
39.058004826788746
38.651215273325825
38.24541444997537
37.840157283190884
37.434457235094726
37.02652742999668
36.613533436329234
36.191022799150026
35.752026614217435
35.28513492159546
34.76979692717352
34.16050365138258
33.276058835788774
31.655465425063102
30.94285144003904
30.373956436213312
29.867727763909308
29.39285237028961
28.933497311301807
28.479812075195277
28.025191464243306
27.564958060369545
27.09566809508423
26.614773145915724
26.120359981119645
25.611017369128213
25.085715092269655
24.54373930007984
23.984629493050143
23.408122907535535
22.814124600780698
22.202672815498218
21.57394486693118
20.92818242616856
20.265712939577707
19.586932714693717
18.892291635946723
18.182269493925066
17.457374877377774
16.718149651637756
15.965141661071621
15.198933155355505
14.420189436012077
13.629542456936733
12.82770463570574
12.015414089029212
11.193485608736163
10.362796907827786
9.524308060908327
8.679045674007138
7.828139376717513
6.9727806694602945
6.1142825478500304
5.254043384157053
3.554317568781194
2.6506997335452205
1.7498626388646745
0.8538996195338178
0.0
0.0
0.0
0.0
0.0
0.0
0.0
0.0
0.0
0.0
0.0
0.0
0.0
0.0
0.0
0.0
0.0
0.0
0.0
0.0
0.0
0.0
0.0
0.0
0.0
0.0
0.0
0.0
0.0
0.0
0.0
0.0
0.0
0.0
0.0
0.0
0.5652566003536822
1.9904052511770578
3.4889364852377573
5.0783693518555495
6.816700853418644
8.99124115396475
12.580718854693044
13.771430644172321
14.367788609022671
14.554819903472376
