40.87193989999998
40.46353519999997
40.05174470000001
39.63811279999998
39.22430270000002
38.811977599999985
38.40286009999999
37.998583699999976
37.60087099999998
37.21141490000002
36.8318489
36.463776799999984
36.10871330000002
35.768232499999996
35.4436709
35.136424399999974
34.84774040000001
34.57874750000001
34.33054459999999
34.10411179999999
33.90031040000001
33.71991259999998
33.5636015
33.431941399999985
33.322437500000014
33.1652354
33.063542600000005
33.011805200000005
33.005776099999984
33.042218
33.11783419999998
33.23247619999999
33.38231270000002
33.56636359999999
33.783262699999995
34.031673500000004
34.31040800000002
34.618278199999985
34.95427429999998
35.31729739999999
35.7063971
36.120593299999996
36.558965300000025
37.02062209999998
37.50467269999999
38.01031519999998
38.53668830000001
39.083019799999995
39.648537499999996
40.23252859999999
40.83428030000001
41.45305009999999
42.08821429999998
42.73908979999998
43.40502319999999
44.08545019999999
44.7797174
45.4872308
46.20736669999999
46.9395311
47.68312999999997
48.437480299999976
49.20204739999998
49.9761482
50.75915899999999
51.55042640000002
52.349237599999995
53.154939200000015
53.9668184
54.78413269999999
55.60610989999997
56.43194810000001
57.260875099999964
58.09202959999999
58.924490899999974
59.757397700000006
60.58979960000001
61.42068679999997
62.2490495
63.07390760000002
63.89413249999999
64.70868469999999
65.51640589999997
66.3161972
67.10692999999999
67.88744599999998
68.65661660000002
69.4133132
70.15637749999996
70.88471059999999
71.59721359999998
72.2928767
72.97066040000001
73.62848569999997
74.25473990000002
74.8605011
75.44496739999998
76.00745570000002
76.54728289999997
77.06391439999999
77.55684529999999
78.02568949999998
78.47020939999999
78.89022680000002
79.28568230000002
79.65666499999998
80.00338280000001
80.32628120000001
80.62583540000001
80.9027879
81.15808910000001
81.3928973
81.60866779999999
81.8070638
81.9902237
82.16067199999996
82.32143809999997
82.4290115
82.47623449999996
82.4957474
82.48838179999998
82.4550881
82.39678699999999
82.3144883
82.20920179999999
82.08202639999999
81.93397189999996
81.76619660000001
81.57976970000001
81.37584949999999
81.15553489999999
80.91995450000002
80.6702369
80.40748099999996
80.13278570000001
79.8472202
79.55188339999998
79.2478148
78.93599449999999
78.6174323
78.29304889999997
77.96382439999998
77.6306498
77.2943567
76.95577669999997
76.6157117
76.27493389999997
75.9341264
75.5939723
75.25512499999998
74.91814880000001
74.58369710000001
74.25221540000001
73.92423829999998
73.60024100000001
73.28063929999998
72.98791609999999
72.66709670000002
72.35209849999997
72.04321850000001
71.74075369999998
71.4449417
71.1559904
70.87404829999997
70.59929360000001
70.33178569999997
70.07158399999997
69.8187479
69.5732477
69.33505370000002
69.10410649999999
68.88028729999998
68.663507
68.45358739999998
68.25038
68.05373630000001
67.86344840000001
67.67930839999997
67.5011975
67.32893750000002
67.16232049999998
67.00122769999999
66.8455403
66.6951395
66.54999560000002
66.4100492
66.27533
66.145838
66.0216623
65.90292170000001
65.7897944
65.68239919999998
65.5810034
65.48581490000001
65.39716039999998
65.3152775
65.24052259999998
65.17322240000001
65.11376299999996
65.06247109999997
65.0197328
64.96158019999999
64.90642729999999
64.8652037
64.83823609999999
64.8258512
64.82822719999999
64.84560170000002
64.87809349999999
64.925762
64.98860719999999
65.06656970000002
65.15956039999998
65.2673417
65.38970569999998
65.5263257
65.67678589999997
65.84064079999999
66.0173855
66.20642599999998
66.40707919999998
66.618662
66.84040219999999
67.07149789999998
67.3110581
67.55819180000002
67.8119189
68.07128900000002
68.33526259999998
68.60280020000003
68.87286229999998
69.14434999999996
69.4161941
69.6873551
69.95673409999999
70.22326189999997
70.4859584
70.74378409999998
70.99584800000002
71.2411997
71.47903729999997
71.70864799999997
71.92940810000002
72.140783
72.34244599999998
72.53424860000001
72.71622049999999
72.88868839999998
73.0523948
73.21292329999997
73.35708709999997
73.49670679999997
73.60745810000002
73.65785899999997
73.68657889999997
73.69308319999998
73.67698580000001
73.6380194
73.57591670000001
73.490648
73.38215389999999
73.25052349999999
73.1158637
72.93451549999997
72.72991219999999
72.50241019999999
72.2526035
71.98105639999999
71.68848170000001
71.37556250000002
71.04318979999998
70.69222489999996
70.3236182
69.93837949999998
69.53748889999999
69.1221047
68.6932664
68.25213229999997
67.799831
67.3375208
66.8663006
66.38726929999997
65.9015852
65.4102581
64.9142978
64.41465470000001
63.912219799999995
63.407824699999985
62.90218219999999
62.39591600000002
61.88959040000003
61.383680599999984
60.87845390000002
60.374177599999996
59.87100019999999
59.36886230000002
58.86776389999999
58.36746740000001
57.867735200000006
57.36821090000002
