22.728500850000014
24.543690600000033
26.36605290000002
28.187524200000038
30.000219150000024
31.796341500000004
33.56831775000001
35.308930800000006
37.011230850000004
38.66849085
40.274562900000014
41.8235664
43.310066250000034
44.72898375
46.075863900000016
47.34656355000001
48.537652350000016
49.646145450000006
50.67600780000002
51.580595549999984
52.401652050000024
53.14158300000004
53.80604625000003
54.4066248
54.96697470000001
55.538551200000015
56.25130665000002
57.12983265
57.609636150000036
57.91123965000001
58.04711715000003
58.0270251
57.858759750000026
57.548736300000016
57.10230075
56.52408630000002
55.81801335000002
54.98786865000002
54.03690435
52.96841715000002
51.7856592
50.49170445000003
49.085595075000015
47.67948570000002
45.85026270000001
43.90120020000001
41.83733235000004
39.664227900000014
37.387767449999984
35.01449985
32.551374900000006
30.00583245
27.3858915
24.699927450000022
21.956894850000012
19.16601555
16.336912350000016
13.479609000000009
10.604218349999988
7.721031450000025
4.840383900000012
1.972566750000023
0.0
0.0
0.0
0.0
0.0
0.0
0.0
0.0
0.0
0.0
0.0
0.0
0.0
0.0
0.0
0.0
0.0
0.0
0.0
0.0
0.0
0.0
0.0
0.0
0.0
0.0
0.0
0.0
0.0
0.0
0.0
0.0
0.0
0.0
0.0
0.0
0.0
0.0
0.0
0.0
0.0
0.0
0.0
0.0
0.0
0.0
0.0
0.0
0.0
0.0
0.0
0.0
0.0
0.0
0.0
0.0
0.0
0.0
0.0
0.0
0.0
0.0
0.0
0.0
0.0
0.0
0.0
0.0
0.0
0.0
0.0
0.0
0.0
0.0
0.0
0.0
0.0
0.0
0.0
0.0
0.0
1.0347892500000073
3.4182588000000065
5.807341650000014
8.195756250000002
10.577265600000013
12.94563270000003
15.294798749999998
17.618794049999984
19.911782550000005
22.168240049999987
24.38273145
26.55017805
28.665679349999998
30.724691250000006
32.722847850000015
34.656139650000014
36.52095810000003
38.31382829999998
40.0316763
41.67182910000002
43.23174735000001
44.70942630000002
46.1030394
47.411205600000024
48.63294480000001
49.76767785000002
50.8158057
51.74257935000003
52.586356350000024
53.349765149999996
54.03721620000003
54.655570199999985
55.216454700000014
55.73991720000002
56.26422615
56.871086250000005
57.67539195000001
58.11042270000003
58.39977495000004
58.554719850000026
58.584211950000025
58.49569110000003
58.29539430000001
57.98866755000003
57.58005495000001
57.073699649999995
56.473165650000006
55.78188330000002
55.00283744999999
54.13887930000002
53.19277095
52.16718539999998
51.0645729
49.950689250000025
48.83680560000002
47.35681005000003
45.79662450000002
44.159590200000004
42.44922659999999
40.669231350000004
38.8234803
36.915938400000016
34.95088245
32.932767449999986
30.866182050000006
28.756026750000025
26.6073357
24.425365800000023
22.215596700000013
19.983641700000025
17.735292300000022
15.476518200000031
13.213333650000008
10.951842000000013
8.698280250000032
6.458796300000027
4.2395826000000305
2.0467425000000166
0.0
0.0
0.0
0.0
0.0
0.0
0.0
0.0
0.0
0.0
0.0
0.0
0.0
0.0
0.0
0.0
0.0
0.0
0.0
0.0
0.0
0.0
0.0
0.0
0.0
0.0
0.0
0.0
0.0
0.0
0.0
0.0
0.0
0.0
0.0
0.0
0.0
0.0
0.0
0.0
0.0
0.0
0.0
0.0
0.0
0.0
0.0
0.0
0.0
0.0
0.0
0.0
0.0
0.0
0.0
0.0
0.0
0.4271718000000143
1.6667755500000117
2.858087100000006
3.9978097500000196
5.08313685000002
6.112019100000019
7.083075449999992
7.995682199999994
8.849839349999993
9.646348800000023
10.386725250000023
11.07297345
11.707632749999998
12.293688000000017
12.83421315000002
13.33241580000001
13.791548100000007
14.214906750000015
14.606189399999998
14.969672849999991
15.310925850000016
15.636720000000015
