82.30744335000001
80.11963739999999
77.90862089999999
75.667845
73.39084995
71.07122055000002
68.70294255000002
66.28040265000001
63.798744900000024
61.2537816
58.642260599999986
55.961909850000026
53.21148195
50.39044230000002
47.21536380000002
43.60240335
39.91606905
36.163355249999995
32.35241460000001
28.492825350000015
24.595101300000017
20.670736350000013
16.732026300000015
12.791890650000006
8.863560750000012
4.9606689000000195
1.0967583000000185
0.0
0.0
0.0
0.0
0.0
0.0
0.0
0.0
0.0
0.0
0.0
0.0
0.0
0.0
0.0
0.0
0.0
0.0
0.0
0.0
0.0
0.0
0.0
0.0
0.0
0.0
0.0
0.0
0.0
0.0
0.0
0.0
0.0
0.0
0.0
0.0
0.0
0.0
0.0
0.0
0.0
0.0
0.0
0.0
0.0
0.0
0.0
0.0
0.0
0.0
0.0
0.0
0.0
0.0
0.0
0.0
0.0
0.0
0.0
0.0
0.0
0.0
0.0
0.0
0.0
0.0
0.0
0.0
0.0
0.0
0.0
0.0
0.0
0.0
0.0
0.0
0.0
0.0
0.0
0.0
0.0
0.0
0.0
0.0
0.0
0.0
0.0
0.0
0.0
0.0
0.0
0.0
0.0
0.0
0.0
0.0
0.5207267999999874
2.030080800000013
3.549859500000027
5.078592750000032
6.614498550000006
8.155705800000012
9.699987000000018
11.244981000000024
12.788059350000028
14.326504500000013
15.857242499999991
17.377243950000008
18.88321215000001
20.371716750000004
21.839193750000035
23.282079150000015
24.696719850000015
26.079373650000033
27.426298350000003
28.733840850000014
29.998303500000013
31.2162114
32.38408965000002
33.49868610000001
34.55701590000002
35.556316949999996
36.494361749999996
37.36927920000004
38.17995555000001
38.92616805000002
39.60920864999999
40.232284949999986
40.80225765
41.33191260000004
41.8461087
42.39585570000001
43.101884100000014
43.87678680000002
44.32237590000001
44.632399350000014
44.81175765000002
44.86486125000001
44.795897850000024
44.60878785000002
44.30749620000001
43.89607695
43.37862870000001
42.759383700000015
42.04279695000001
41.23354620000002
40.336576500000014
39.356922
38.300017800000006
37.17147720000003
35.97713624999999
34.72309830000003
33.41568945
32.06136945000003
30.666820799999996
29.238859650000013
27.784346700000008
26.31032084999999
24.823731900000002
23.331574200000023
21.840797550000005
20.358262650000004
18.89060745000001
17.444336250000003
16.02568604999999
14.640582000000025
13.294637399999985
11.992975500000007
10.74031860000001
9.540854399999997
8.398191449999997
7.315225500000018
6.294273150000005
5.336760000000025
4.443309750000027
3.613476900000026
2.8457913000000277
2.1374017500000173
1.4838532500000066
0.8788642499999944
0.11621280000000865
0.0
0.0
0.0
0.09830370000002658
0.5158263000000123
1.0530992999999946
1.700945400000001
2.4523702500000297
3.301315050000019
4.242344700000022
5.270157750000032
6.379497299999993
7.564928250000014
8.8208373
10.141432950000002
11.520700949999986
12.952359750000014
14.42990505000001
15.94660980000003
17.49561330000001
19.069921200000017
20.6623164
22.265670899999986
23.872678500000017
25.476122099999998
27.068829149999992
28.643671650000005
30.193699799999997
31.71214200000003
33.192449400000015
34.62834044999999
36.01380090000001
37.34317290000001
38.61133319999999
39.81347040000001
40.94539680000001
42.00354840000003
42.98511855000001
43.88841435000004
44.71299030000001
45.460494750000024
46.1355609
46.74834615000002
47.31920985000001
47.891098200000016
48.565941600000016
49.573261650000006
50.172191850000004
50.51184105000002
50.72291895000001
50.787917400000005
50.715345450000015
50.5125984
50.123172000000025
49.733745600000006
49.344319200000015
48.63045000000001
47.7984342
46.85352870000002
45.8009904
44.64643260000003
43.39551315000001
42.054157200000034
40.628423549999994
39.12459374999999
37.54912755000002
35.90861835000002
34.209837750000005
32.4595128
30.664548750000012
28.831717199999993
26.96783430000003
25.07958254999999
23.17337715000001
21.25549965
19.331875200000006
17.4081171
15.489393150000007
13.580381100000023
11.68526864999999
9.807619799999994
7.950508499999994
6.116251350000002
4.306585800000026
2.5225364999999838
0.7645044000000017
0.0
0.0
0.0
0.0
0.0
0.0
