3.62403525000002
6.036150449999996
8.454279900000012
10.873033050000002
13.28697480000002
15.690848250000007
18.079485600000034
20.447763600000023
22.79091540000001
25.104396900000012
27.38384220000001
29.625241800000023
31.824719850000026
33.97880144999999
36.084189900000005
38.13790035000002
40.137170700000034
42.079506150000014
43.96263465000001
45.7844178
47.54302905000001
49.2366864
50.857682699999984
52.360888800000026
53.79504240000003
55.15929704999998
56.452806300000006
57.67499100000002
58.825361100000016
59.903560200000044
60.909454650000015
61.843133550000005
62.704953299999985
63.495760350000005
64.21711395
64.87146435
65.46295470000001
65.99840115
66.48943125000001
66.95702804999999
67.44222210000001
68.0352717
68.60266050000001
68.90172465000003
69.07778624999999
69.13757235000001
69.08638440000001
68.92858830000002
68.66779259999998
68.30707125000002
67.84914180000001
67.29632085
66.65088045
65.91482535
65.09033850000003
64.17897915
63.18315300000003
62.10486480000001
60.946252950000016
59.7095895
58.39732470000002
57.01199790000001
55.556326650000024
54.033251250000006
52.445845649999995
50.79722835000001
49.413995400000005
47.40104820000002
45.32835945000003
43.20154245000003
41.02643325
38.809090649999995
36.5557962
34.27305420000003
31.967502600000017
29.645913000000032
27.315057000000024
24.981884400000034
22.653211350000017
20.33589855000003
18.036673050000022
15.762083700000016
13.518545700000022
11.312162400000014
9.148858950000005
7.034204099999991
4.973365649999997
2.971244100000029
1.0322053500000126
0.0
0.0
0.0
0.0
0.0
0.0
0.0
0.0
0.0
0.0
0.0
0.0
0.0
0.0
0.0
0.0
0.0
0.0
0.0
0.0
0.0
0.0
0.0
0.0
0.0
0.0
0.0
0.0
0.0
0.0
0.0
0.0
0.0
0.0
0.0
0.0
0.0
0.0
0.0
0.0
0.0
0.0
0.0
0.0
0.0
0.0
0.0
0.0
0.0
0.22433565000001465
1.1202361500000002
1.9716757500000264
2.775090450000031
3.527317200000028
4.226351250000042
4.87112340000002
5.462613750000024
6.004564500000005
6.505841100000018
6.984976350000002
7.481307900000001
8.088034350000028
8.8266288
9.243884100000031
9.532701750000003
9.694774650000008
9.731795699999985
9.645457799999992
9.437587500000014
9.11001134999999
8.664912299999983
8.104473300000024
7.4312336999999955
6.6479110500000065
5.757401100000022
4.762955999999999
3.6680060999999835
2.4762490500000123
1.1916943500000219
0.0
0.0
0.0
0.0
0.0
0.0
0.0
0.0
0.0
0.0
0.0
0.0
0.0
0.0
0.0
0.0
0.0
0.0
0.0
0.0
0.0
0.0
0.0
0.0
0.0
0.0
0.0
0.0
0.0
0.0
0.0
0.0
0.0
0.0
0.0
0.0
0.0
0.0
0.0
0.0
0.0
0.0
0.0
0.0
0.0
0.0
0.0
0.0
0.0
0.0
0.0
0.0
0.0
0.0
0.0
0.0
0.0
0.0
0.0
0.0
0.0
0.0
0.0
0.0
0.0
0.0
0.0
0.0
0.0
0.0
0.0
0.0
0.0
0.0
0.0
0.0
0.0
0.0
0.0
0.0
0.0
0.0
0.0
0.0
0.0
0.0
0.0
3.1774660500000254
6.430997100000006
9.624608399999993
12.744801300000002
15.778522650000012
18.712808399999986
21.535229100000002
24.233756250000006
26.796717750000006
29.21284245000001
31.472685749999993
33.567738599999984
35.489491949999994
37.230684150000016
38.785568250000026
40.151025750000024
41.32843770000004
42.32885250000002
43.18764285000004
44.02086150000001
45.39309060000001
46.99711335000001
47.88223275000002
48.309556350000015
48.32590619999998
47.96104170000003
47.235277650000015
46.16358285
44.75789669999999
43.028421149999986
40.98504630000003
38.637617700000014
35.997005550000026
32.92394655000001
29.4854439
25.833947699999996
21.986743350000022
17.963521950000004
13.786692150000015
9.481023750000029
5.07355860000002
0.5933878500000392
0.0
0.0
0.0
