0.0
0.0
0.0
0.0
0.0
0.0
1.50051495000001
3.6823957500000253
5.855232900000022
8.015106000000019
10.158361950000026
12.281347649999995
14.380588200000023
16.452697800000017
18.494602500000013
20.50327290000001
22.475991450000016
24.41008515000001
26.30323740000002
28.15326524999999
29.958253050000003
31.716418800000028
33.4262478
35.08640355000003
36.69577230000002
38.2533294
39.75836205000001
41.21020199999999
42.60840375000003
43.95265545000004
45.24273435000001
46.478506800000034
47.66006189999999
48.78744420000002
49.86083190000002
50.87844300000002
51.8096271
52.688643150000004
53.51620394999999
54.29288865000002
55.01954370000001
55.69714920000002
56.32677435000001
56.91002295
57.4488552
57.94585500000001
58.404720000000026
58.83088529999999
59.23228080000003
59.62155870000001
60.01947929999998
60.4628409
60.987996300000034
61.25712285000003
61.4503362
61.56999750000001
61.61802240000003
61.59628200000002
61.50615735
61.349118600000004
61.12636860000003
60.83902110000001
60.48814530000001
60.074854949999995
59.6001747
59.06512920000003
58.47087675000001
57.81848655
57.10925055000001
56.34437160000002
55.52531985000003
54.65360999999999
53.730756750000026
52.758586649999984
51.73888170000002
50.67369119999998
49.61596282500001
48.55823445
47.23229280000001
45.864830550000015
44.45941170000002
43.01977844999999
41.54985120000001
40.05372855
38.53559820000001
36.99982605000002
35.45077800000002
33.892998150000004
32.330941499999994
30.76915215000001
29.21221875000001
27.664462650000008
26.130383400000014
24.614124150000013
23.119828050000017
21.65137095000002
20.212450500000003
18.806541600000013
17.436851850000004
16.106232450000014
14.817356400000012
13.572451200000005
12.3736107
11.22239415000001
10.120182600000033
9.068089800000008
8.06673945000001
7.116666149999988
6.218048099999994
5.370751649999988
4.574509500000014
3.8287425000000086
3.132648750000009
2.485248150000017
1.8852933000000176
1.3314031500000179
0.8219293500000242
0.35491169999999594
0.0
0.0
0.0
0.0
0.0
0.0
0.0
0.0
0.0
0.0
0.0
0.0
0.0
0.0
0.0
0.0
0.0
0.0
0.0
0.0
0.0
0.0
0.0
0.0
0.0
0.0
0.0
0.0
0.0
0.0
0.0
0.0
0.0
0.0
0.0
0.0
0.0
0.0
0.0
0.0
0.0
0.0
0.0
0.0
0.0
0.0
0.0
0.0
0.0
0.0
0.0
0.0
0.0
0.0
0.0
0.0
0.0
0.0
0.0
0.0
0.0
0.0
0.0
0.0
0.0
0.0
0.0
0.0
0.0
0.0
0.0
0.0
0.0
0.0
0.0
0.0
0.0
0.0
0.0
0.0
0.0
0.0
0.0
0.0
0.0
0.0
0.0
0.0
0.0
0.0
0.0
0.0
0.0
0.0
0.0
0.0
0.0
0.0
0.0
0.0
0.0
0.0
0.0
0.0
0.0
0.0
0.0
0.0
0.0
0.0
0.0
0.0
0.0
0.0
0.0
0.0
0.0
0.0
0.0
0.0
0.0
0.0
0.0
0.0
0.0
0.0
0.0
0.0
0.0
0.0
0.0
0.0
0.0
0.0
0.0
0.0
0.0
0.0
0.0
0.0
0.0
0.0
0.0
0.0
0.0
0.0
0.0
0.0
0.0
0.0
0.0
0.0
0.0
0.0
0.0
0.0
0.0
0.0
0.0
0.0
0.0
0.0
0.0
0.0
0.0
0.0
0.0
0.0
0.0
0.0
0.0
0.0
0.0
0.0
0.0
0.0
0.0
0.0
0.0
0.0
0.0
0.0
