0.0
0.0
0.0
0.0
0.0
0.0
0.0
0.0
0.0
0.0
0.0
0.0
0.0
0.0
0.0
0.0
0.0
0.0
0.0
0.0
0.0
0.0
0.0
0.0
0.0
0.0
0.0
0.0
0.0
0.0
0.0
0.0
0.0
0.0
0.0
0.0
0.0
0.0
0.0
0.0
0.0
0.0
0.0
0.0
0.0
0.0
0.0
0.0
0.0
0.0
0.0
0.0
0.0
0.0
0.0
0.0
0.0
0.0
0.0
0.0
0.0
0.0
0.0
0.0
0.0
0.0
0.0
0.0
0.0
0.0
0.0
0.0
0.0
0.0
0.0
0.0
0.0
0.0
0.0
0.0
0.0
0.0
0.0
0.0
0.0
0.0
0.0
0.0
0.0
0.0
0.0
0.6374478000000308
1.5757153500000096
2.534609550000017
3.5125266000000135
4.507684500000009
5.518212150000009
6.54214935000002
7.577402249999987
8.62187700000003
9.673346100000014
10.729537500000006
11.788223700000033
12.846998999999997
13.903546800000006
14.955461400000004
16.000470749999998
17.036169150000006
18.060284550000013
19.070544900000023
20.064722700000022
21.04067955
21.996277050000007
22.929554999999983
23.838553200000014
24.72148965
25.576626899999994
26.402316600000006
27.197133150000003
27.95978460000002
28.688979000000018
29.383869900000015
30.043566300000016
30.66757815000002
31.255682699999994
31.80801360000001
32.32510545000001
32.8081611
33.259229850000004
33.68138565
34.07948445000001
34.46101065
34.837547249999986
35.228206199999995
35.6660436
36.204564000000005
36.48549630000001
36.701831100000014
36.85454849999999
36.94453950000001
36.97278420000001
36.94030724999999
36.847999650000034
36.69684150000001
36.48790200000001
36.222072150000024
35.900376599999994
35.52388455000002
35.093620650000005
34.61060955
34.075965000000025
33.49075619999999
32.856096900000026
32.17314540000002
31.44301545000001
30.666909899999993
29.84603159999999
28.981494300000023
28.074589950000025
27.1265214
26.138491499999994
25.111792200000018
24.04762635000003
22.947285900000008
21.81201825000002
20.64315990000003
19.44195825000003
18.209705250000024
16.94778195
15.657480300000021
14.340181350000018
12.997310700000003
11.630204850000016
10.240289400000012
8.829034500000004
7.397954850000007
5.948476049999989
4.482201900000024
3.000602550000039
1.5053263500000176
0.0
0.0
0.0
0.0
0.0
0.0
0.0
0.0
0.0
0.0
0.0
0.0
0.0
0.0
0.0
0.0
0.0
0.0
0.0
0.0
0.0
0.0
0.0
0.0
0.0
0.0
0.0
0.0
0.0
0.0
0.0
0.0
0.0
0.0
0.0
0.0
0.0
0.0
0.0
0.0
0.0
0.0
0.0
0.0
0.0
0.0
0.0
0.0
0.0
0.0
0.0
0.0
0.0
0.0
0.0
0.0
0.0
0.0
0.0
0.0
0.0
0.0
0.0
0.0
0.0
0.0
0.0
0.0
0.0
0.0
0.0
0.0
0.0
0.0
0.0
0.0
0.0
0.0
0.0
0.0
0.0
0.0
0.0
0.0
0.0
0.0
0.0
0.0
0.0
0.0
0.0
0.0
0.0
0.0
0.0
0.0
0.0
0.0
0.0
0.0
0.0
0.0
0.0
0.0
0.0
0.0
0.0
0.0
0.0
0.0
0.0
0.0
0.0
0.0
0.0
0.0
0.0
0.0
0.0
0.0
