80.42277650000001
80.14448750000001
79.8660203
79.5871967
79.3079276
79.02809419999998
78.7476074
78.46643750000003
78.1844954
77.9019296
77.61876980000002
77.33519419999999
77.05144039999999
76.76780540000004
76.48464560000002
76.20234709999995
75.92135540000001
75.64217540000001
75.36534170000002
75.09138890000001
74.8208813
74.55447230000001
74.29269650000002
74.03614789999997
73.78542049999999
73.5410786
73.30365679999997
73.0907375
72.86059219999997
72.63908959999998
72.42664549999999
72.22358659999999
72.03018019999998
71.84666390000001
71.67321589999999
71.50986590000001
71.35670300000002
71.2136975
71.08070089999998
70.95759439999999
70.8441701
70.74013099999998
70.64512069999999
70.55878279999999
70.48067180000001
70.41028279999999
70.34708120000002
70.29044329999998
70.23974540000002
70.19430440000002
70.15337779999999
70.11625279999997
70.08206809999997
70.0500515
70.01928230000001
69.98895859999998
69.95813000000003
69.92593519999997
69.8914535
69.85376420000003
69.81197629999996
69.7651394
69.71242190000002
69.6529328
69.5857811
69.51016490000002
69.4252823
69.33033139999995
69.22453999999998
69.10725470000001
68.97773300000001
68.83535119999998
68.67954500000003
68.50975009999999
68.3254616
68.12620429999997
67.91162179999999
67.681328
67.43505559999998
67.1725373
66.8936543
66.59825810000001
66.28631899999998
65.95786670000001
65.6129309
65.25168980000001
64.87435129999997
64.48112329999996
64.07239190000001
63.64848379999997
63.20987419999999
62.75697889999999
62.29039189999999
61.810647800000005
61.318370299999984
60.81415339999999
60.29870989999997
59.77266350000001
59.236786399999964
58.69176170000001
58.13836159999997
57.57735830000001
57.00949429999999
56.43563089999999
55.85651059999998
55.27302440000002
54.68597419999998
54.09622130000001
53.50456759999999
52.91190409999998
52.31909210000001
51.72690380000003
51.136259899999985
50.54793260000001
49.962783199999976
49.381613599999994
48.80525539999997
48.23445110000002
47.67000259999998
47.11268209999997
46.56317269999998
46.02224659999999
45.49058690000001
44.96887669999999
44.45773969999999
43.95782930000001
43.46976919999999
42.994123700000024
42.5314868
42.08233370000002
41.64719899999999
41.22652820000001
40.82076679999999
40.4302712
40.0554275
39.6965624
39.35391350000001
39.027777799999974
38.71836319999998
38.42578850000001
38.150231899999994
37.891723099999986
37.6502918
37.42599740000001
37.21872110000001
37.02843320000001
36.854925799999975
36.698050399999985
36.557628800000025
36.43333429999999
36.324899600000016
36.23199799999999
36.15430280000001
36.09133879999999
36.04034390000002
35.9682323
35.91726709999999
35.88560690000003
35.87167759999999
35.87408329999996
35.89157659999998
35.9230289
35.9674304
36.023890100000024
36.0914873
36.16947950000002
36.25715389999999
36.35376799999998
36.458757500000004
36.571468999999986
36.69139759999998
36.81800869999999
36.95079739999998
37.089347900000014
37.23315529999999
37.38189290000002
37.53508549999998
37.69240639999999
37.85349919999997
38.01803719999999
38.18566399999997
38.35614199999997
38.52911480000001
38.70437449999997
38.88162410000001
39.060685399999954
39.241320799999976
39.42332239999996
39.60657140000001
39.79085990000001
39.976069100000004
40.162020799999986
40.34859620000003
40.53570619999999
40.72323200000001
40.91105479999999
41.09911520000001
41.2872647
41.47541419999995
41.66353399999999
41.85147560000001
42.03914990000002
42.226527199999985
42.41348869999999
42.5999453
42.785807899999995
42.97098739999998
43.15542440000003
43.33900010000001
43.521625399999984
43.70321120000001
43.88366840000002
44.06287820000001
44.2407812
44.41728829999998
44.59225099999997
44.76560989999996
44.9372462
45.1070708
45.274964899999986
45.440839399999966
45.60460520000003
45.76614350000002
45.925394899999965
46.08185449999999
46.23671030000002
46.38865549999996
46.53807619999999
46.68491300000001
46.82913619999999
46.97071609999998
47.10968239999999
47.2460054
47.37968510000001
47.510751199999994
47.63923340000001
47.765191099999974
47.88862429999999
48.009681499999964
48.12836269999999
48.24484609999999
48.35916139999998
48.47148680000001
48.581941099999995
48.69067279999999
48.797830399999974
48.9036218
49.00822519999999
49.11181879999999
49.214580799999986
49.316748800000006
49.41853070000003
49.52010470000001
49.621708399999974
49.72352000000001
49.82580680000002
49.928717299999974
50.03245939999998
50.13721130000002
50.24318090000001
50.350486999999966
50.459278099999985
50.56967299999999
50.68176080000003
50.7956306
50.91134179999997
51.028924099999976
51.14831810000002
51.26958319999998
51.392630299999986
51.517370299999996
51.64374380000002
51.771632000000004
51.90082700000003
52.03121000000001
52.162602800000016
52.294767799999974
52.42749709999998
52.560553099999964
52.69372789999999
52.8267245
52.95936469999998
53.091321799999996
53.22241759999999
53.352414500000016
53.48104519999999
53.60810179999997
53.733376400000026
53.856690799999996
53.97786680000001
54.09669649999999
54.213120499999974
54.326990300000034
54.43824649999998
54.546829699999996
54.652799300000005
54.7561256
54.856957099999974
54.95538289999998
55.05161089999997
