59.68971139999997
59.33672690000003
58.98650449999999
58.6364009
58.283743100000024
57.92588780000003
57.560280799999994
57.1845164
56.79642650000001
56.39411029999999
55.97599370000001
55.54082930000002
55.08766670000002
54.61600099999997
54.1257134
53.61698209999996
53.090401099999994
52.54692079999999
51.98775890000002
51.41445979999995
50.82883519999999
50.232964099999975
49.62907399999995
49.01963000000002
48.407216
47.79453470000001
47.18434819999997
46.57947799999997
45.98274560000002
45.39697250000001
44.82495049999997
44.26941200000002
43.73291119999998
43.21803199999998
42.72709100000001
42.26234540000001
41.82584450000002
41.41945940000001
41.04488299999996
40.70362999999999
40.396947800000014
40.12599469999998
39.89166169999997
39.69463189999998
39.53543989999997
39.31378880000002
39.185603600000015
39.137073799999975
39.15611149999998
39.23600449999997
39.36885259999998
39.5499038
39.7747328
40.03930039999999
40.3398644
40.67292019999999
41.03496320000003
41.42266700000001
41.832586400000004
42.26145439999998
42.7059149
43.16261180000003
43.628307799999995
44.09964679999998
44.57345089999999
45.04645310000001
45.51559430000002
45.97781540000002
46.43020579999999
46.870033100000015
47.29471340000001
47.702019199999974
48.089960599999955
48.45705259999998
48.802433900000004
49.125985700000015
49.4289554
49.71428330000003
49.988028199999974
50.26111970000001
50.5538726
50.75330809999999
50.857139299999986
50.90703529999999
50.90100620000002
50.83729970000002
50.7145199
50.53147880000002
50.2872854
49.98125659999998
49.613036000000015
49.18253449999999
48.68990059999999
48.13552039999998
47.52010669999997
46.84460990000001
46.110188300000004
45.31829719999998
44.47059979999998
43.569085999999984
42.61592390000001
41.613430099999995
40.5643073
39.47131759999996
38.33752009999997
37.16612239999999
35.960510299999996
34.72418840000001
33.46092859999999
32.174502800000006
30.8688611
29.5480724
28.21617589999997
26.877389
25.53589939999997
24.195894799999984
22.86162230000001
21.537269599999977
20.226964999999964
18.934807099999976
17.664775699999964
16.42079119999999
15.206655199999988
14.026020799999989
12.882362899999993
11.779067300000019
10.71931189999998
9.706066700000015
8.74209379999999
7.8300068000000165
6.972151999999994
6.1706381000000015
5.4273362
4.743879800000002
4.12154599999999
3.561374299999999
3.0639883999999733
2.6297149999999743
2.258346200000021
1.9491988999999807
1.5608119999999843
1.3954423999999983
1.403609899999974
1.5519614000000044
1.8229442000000018
2.206371199999984
2.6959756999999875
3.287451199999997
3.977738600000011
4.764343099999998
5.645156000000005
6.618128000000017
7.681298900000001
8.832589699999973
10.069683799999998
11.39026460000002
12.79159970000001
14.270837899999954
15.8248607
17.450252599999992
19.143390200000006
20.9002937
22.716834800000015
24.588617900000006
26.51095040000001
28.478991199999996
30.487691299999973
32.531823500000016
34.605952699999996
36.70458439999999
38.82207559999998
40.95266450000003
43.0905893
45.230028799999985
47.36519150000001
49.4902562
51.59946110000001
53.68719290000001
55.747868000000025
57.77599189999996
59.7663671
61.71379610000002
63.613408099999994
65.46048079999997
67.25049979999999
68.97921800000002
70.64268530000002
72.2371595
73.75283959999997
75.17178679999999
76.51294970000001
77.77398199999999
78.95286410000003
80.04796249999998
81.05811889999997
81.98262050000001
82.82146729999998
83.5754612
84.24659209999997
84.8386616
85.35832249999996
85.81745480000001
86.2380365
86.6647364
87.10361329999998
87.29467339999998
87.3666365
87.32366060000003
87.16942849999998
86.9074151
86.54079829999999
86.07272629999999
85.5061691
84.84412640000001
84.08956819999997
83.24549419999998
82.31493379999996
81.30106490000001
80.20709509999996
79.03632109999997
77.79221779999999
76.47828979999998
75.09824959999999
73.6558394
72.2315462
70.5823943
68.8783568
67.12433419999999
65.32537550000002
63.48664850000001
61.61343979999998
59.711095399999955
57.78508010000002
55.840828999999985
53.8838366
51.919597399999994
49.95357619999997
47.99114869999999
46.0376015
44.09819149999999
42.17790829999996
40.281682099999976
38.4142055
36.57996320000002
34.783232000000005
33.027991699999994
31.318014199999997
29.656774399999975
28.047450200000018
26.49289279999997
24.99568610000002
23.558116999999967
22.182116
20.86931659999996
19.621084999999987
18.438430999999976
17.32215650000002
16.272707
15.29026069999998
14.374817599999995
13.526080699999998
12.743515399999984
12.026438599999992
11.373899900000016
10.784859799999978
10.25807089999999
9.792137299999986
9.385633400000023
9.036925700000003
8.74435099999999
8.506156999999975
8.320531999999975
8.080110500000012
7.953291499999981
7.91765149999998
7.955073499999998
8.05338049999997
8.20366250000002
8.39899939999998
8.633718499999988
8.903008399999997
9.202651699999976
9.528876499999992
9.878296999999984
10.247824399999987
10.634577799999969
11.0359733
11.449694299999974
11.873572700000008
12.305648299999984
12.744257900000008
13.187827400000003
13.635079700000029
14.084856499999969
14.536177699999973
14.988271099999972
15.44048329999997
15.892339100000022
16.343422699999994
16.79343710000001
