31.61043435
28.843745700000014
26.07554235000002
23.31477885000001
20.570187000000008
17.850409499999998
15.163688100000005
12.517729950000003
9.919573950000014
7.375679850000028
4.891527300000039
2.4718831500000187
0.12053414999998752
0.0
0.0
0.0
0.0
0.0
0.0
0.0
0.0
0.0
0.0
0.0
0.0
0.0
0.0
0.0
0.0
0.0
0.0
0.0
0.0
0.0
0.0
0.0
0.0
0.0
0.0
0.0
0.0
0.0
0.0
0.0
0.0
0.0
0.0
0.0
0.0
0.0
0.0
0.0
0.0
0.0
0.0
0.0
0.0
0.0
0.0
0.0
0.0
0.0
0.0
0.0
0.0
0.0
0.0
0.0
0.0
0.0
0.0
0.0
0.0
0.0
0.0
0.0
0.0
0.0
0.0
0.0
0.0
0.0
0.0
0.0
0.0
0.0
0.0
0.0
0.0
0.0
0.0
0.0
0.0
1.2909963000000135
4.111724100000026
6.934144799999979
9.748368300000024
12.544504500000016
15.312841500000026
18.043801050000003
20.727983100000017
23.356344
25.92024105000001
28.411387949999998
30.822033000000012
33.14500364999999
35.37419655000002
37.50368655
39.52817220000001
41.443020300000036
43.24426590000004
44.92856775000004
46.4933865
47.93707380000002
49.258783200000025
50.470721399999974
51.512567700000005
52.44054420000002
53.26084335
53.98357800000001
54.6267018
55.22398365000001
55.84772819999999
56.68780755000002
57.49331610000003
57.92371365000001
58.161699750000025
58.22830200000001
58.13995935000003
57.9101259
57.550072800000024
57.06955650000001
56.47717515000001
55.780680450000006
54.98728950000002
54.103595700000014
53.13601425
52.090336650000026
50.97257715000002
49.84699912500004
48.721421100000015
47.262497700000004
45.74463465000001
44.1747372
42.55957695000001
40.90579185000001
39.22006440000003
37.50880980000001
35.77835415000001
34.03484535000002
32.28420855000001
30.5322798
28.78449420000001
27.046153200000006
25.322246399999997
23.617451550000013
21.936223650000002
20.28261675000002
18.660373049999993
17.07301199999999
15.523607550000008
14.014966350000016
12.549494100000022
11.129418300000001
9.75647640000003
8.432272199999991
7.1580085500000035
5.934665550000006
4.762955999999999
3.643369950000019
2.5761747000000095
1.5613702500000146
0.59891205000002
0.0
0.0
0.0
0.0
0.0
0.0
0.0
0.0
0.0
0.0
0.0
0.0
0.0
0.0
0.0
0.0
0.0
0.0
0.0
0.0
0.0
0.0
0.0
0.0
0.0
0.0
0.0
0.0
0.0
0.0
0.0
0.0
0.0
0.0
0.0
0.0
0.0
0.0
0.0
0.0
0.0
0.0
0.0
0.0
0.0
0.0
0.0
0.0
0.0
0.0
0.0
0.0
0.0
0.0
0.0
0.0
0.0
0.0
0.0
0.0
0.0
0.161742900000026
0.3306764999999943
0.4917247500000249
0.6451549500000103
0.7910562000000072
0.9296512500000014
1.0611183000000077
1.1856801000000121
1.3034257500000008
1.414488900000021
1.5189141000000257
1.6166568000000288
1.6780467000000159
1.7117265000000044
1.735026149999995
1.748346600000012
1.7522670000000233
1.7472328500000056
1.7338233000000263
1.7126175000000012
1.684105500000007
1.6488664499999968
1.6075685999999907
1.560791100000023
1.5091131000000144
1.4531137499999989
1.3933721999999962
1.330512150000021
1.2651573000000094
1.197797700000027
1.1291016000000003
1.0596927000000007
0.9901056000000382
0.9210085500000109
0.8529361500000228
0.7865566500000374
0.7224937500000229
0.6613266000000131
0.603678900000009
0.5501298000000114
0.4649056500000284
0.3781222500000194
0.30336735000000176
0.24184380000000544
0.19453169999998993
0.1622775000000081
0.1457940000000002
0.1456158000000046
0.16223294999999396
0.1959127500000156
0.2469224999999996
0.31530675000002106
0.40115459999998637
0.5043324000000078
0.6247065000000055
0.7619650500000164
0.9157516499999884
1.085576250000019
1.270948800000009
1.471111950000014
1.685397450000004
1.9129588500000017
2.152860600000019
2.4040335000000077
2.6654529000000178
2.9359605
