0.0
0.0
0.0
0.0
0.0
0.0
0.0
0.0
0.8182228999999999
1.9244291000000096
3.0252893000000136
4.119764000000015
5.2067543000000045
6.285042499999975
7.353321799999978
8.410285399999974
9.45444829999996
10.48438489999999
11.498550799999991
12.495401600000028
13.473392899999988
14.430950600000003
15.366559999999971
16.278706400000008
17.165904799999975
18.026788999999987
18.859992799999993
19.664268799999974
20.438458699999988
21.18149329999999
21.892422200000013
22.570413800000008
23.214814699999973
23.825060599999993
24.40079510000003
24.941780600000005
25.44807649999999
25.919860999999994
26.357639000000006
26.762153000000016
27.134501899999986
27.476259799999994
27.789416599999996
28.076764099999995
28.34189599999999
28.589742499999993
28.82695639999999
29.063041700000014
29.222263399999985
29.297077700000017
29.33037139999999
29.323213699999997
29.276703500000004
29.19211789999996
29.070704299999996
28.913769499999987
28.722679700000025
28.49886049999997
28.243796900000003
27.958973900000004
27.64593589999999
27.306227300000003
26.941511299999966
26.553421399999984
26.143591100000016
25.713713299999977
25.265570000000007
24.800794699999994
24.3211991
23.828505799999988
23.32446709999996
22.81086500000002
22.289481499999976
21.762128300000022
21.230527999999982
20.69649229999997
20.161832900000014
19.628272399999986
19.097563099999977
18.571486999999966
18.05173700000001
17.54000599999999
17.037957200000005
16.547313200000012
16.06961840000003
15.606536000000004
15.159551000000022
14.730237499999994
14.320050799999999
13.930386800000022
13.562611699999986
13.21803230000001
12.897925699999995
12.603420500000002
12.3356156
12.095550499999982
11.88414590000003
11.702233399999985
11.550614899999973
11.366059099999974
11.213044699999985
11.134102099999998
11.121479600000002
11.169890599999963
11.275533499999984
11.435735299999974
11.648416999999995
11.912063899999985
12.225369199999996
12.587352800000009
12.997123699999996
13.453909700000008
13.956908899999958
14.505467900000017
15.098814499999989
15.736265599999989
16.416989600000008
17.140214299999965
17.905108099999982
18.710690900000003
19.55604199999998
20.44012189999997
21.361802000000033
22.31998339999999
23.31335930000002
24.340711999999993
25.4006456
26.491734500000028
27.612553099999992
28.761497599999977
29.937053300000013
31.13755699999999
32.3613158
33.60660710000001
34.871648900000004
36.15459980000003
37.4536481
38.76686329999997
40.09237430000003
41.42822090000001
42.772442900000016
44.12310979999996
45.478142600000034
46.83564049999999
48.193524499999995
49.5498344
50.902550600000005
52.249683200000014
53.589242299999974
54.9192677
56.237799200000005
57.54287660000001
58.83265849999999
60.10521439999997
61.35876230000002
62.59152019999998
63.801735799999996
64.98771620000001
66.14788729999997
67.28064529999996
68.38456460000002
69.4581899
70.50018469999999
71.5093313
72.48447139999999
73.42622869999998
74.31253609999999
75.16219369999999
75.97439959999996
76.74850039999998
77.48396149999998
78.1803374
78.83727169999997
79.45464559999996
80.03237
80.57065279999998
81.06979099999995
81.53043799999998
81.95351450000001
82.34035700000003
82.69289599999999
83.01386389999998
83.30709200000003
83.57819360000002
83.8354253
84.09158779999999
84.29274590000001
84.38086580000001
84.4183472
84.4057544
84.34374079999999
84.232841
84.07364899999999
83.86681819999995
83.6129723
83.3127053
82.9667003
82.57561069999998
82.14014929999998
81.66102890000002
81.13899199999997
80.57481079999998
79.96928720000002
79.3232528
78.63756889999998
77.91312650000002
77.15084629999998
76.35167869999997
75.51666319999998
74.6468393
73.74324650000001
72.88031299999999
71.86611739999998
70.8194597
69.7417061
68.63422279999999
67.49849479999999
66.33603679999996
65.14830409999999
63.93695989999999
62.7035486
61.44973339999998
60.17723689999999
58.8877223
57.582941899999966
56.264677699999964
54.934711699999966
53.594825900000025
52.246832
50.89257140000001
49.53385580000003
48.1725266
46.81033609999998
45.44915539999998
44.09073679999998
42.73683259999998
41.38916540000002
40.049457799999956
38.719373000000004
37.40054449999999
36.09457609999996
34.80298249999999
33.5273081
32.26897849999998
31.02941929999998
29.80993729999997
28.611839299999996
27.436372699999993
26.284725499999993
25.157966899999998
24.0571067
22.983184399999974
21.937061300000003
20.919568999999996
19.9314797
18.973476500000015
18.04618309999998
17.150134099999992
16.285834399999988
15.45367010000002
14.654056999999995
13.8872327
13.153464499999986
12.452900900000001
11.78572010000002
11.152011199999984
10.551774200000024
9.985038799999975
9.451775299999998
8.951924299999993
8.485396699999969
8.052073700000019
7.6517771
7.284328699999983
6.949550299999995
6.647204300000003
6.377053099999975
6.138769999999973
5.93211740000001
5.756709200000003
5.612218700000018
5.498230099999965
5.3378797999999685
5.237553199999989
5.190775699999998
5.19095389999997
5.233098199999968
5.313020900000013
5.427306499999991
5.572836500000011
5.746789399999978
5.946551599999991
6.169509500000023
6.411772399999979
6.675092599999992
6.952698499999982
7.243609999999974
7.545302600000011
7.855340899999996
8.1712895
