17.21356254483504
17.111515506531177
16.883714413609518
16.542761399142602
16.105975764234792
15.591943302719708
15.01824083365416
14.400410563353173
13.751702373321377
13.083277709240512
12.404497406450508
11.723227281991594
11.046148931852192
10.37892793725705
9.726407059224286
9.092763550916516
8.481609114751414
7.89603578474902
7.338721400106581
6.811950258654677
6.317659460379412
5.857464424170664
5.432676745382675
5.044340791577181
4.693266239292321
4.380010238056273
4.10494002759574
3.8682187629570284
3.6698284669184775
3.509580889674578
3.3871400211284777
3.3020668280871543
3.2537925546847624
3.2416927352215588
3.2650642230469633
3.3231432586876553
3.415159025248279
3.5402896524825382
3.6977458480285965
3.8867454505520276
4.106548830805273
4.35647009042712
4.635933402015897
4.944476627760923
5.281809049979192
5.647821323387371
6.042677672467676
6.466855099356401
6.921233394655726
7.407264029821994
7.927114225148236
8.484028795669289
9.082790378698864
9.730635973700798
10.43895071410453
11.227031863516645
12.131991071775238
13.245159206869953
15.110996628502456
17.620720933894315
18.74040299740557
19.63490859973953
20.411443960422766
21.11203148282261
21.758555189934924
22.364212261837103
22.937845457557163
23.485691106310078
24.012431636924198
24.521690476162593
25.01636633789457
25.498804392359165
25.970939020809993
26.434396554434333
26.890527260501127
27.340465061124824
27.78518458156118
28.225468156699016
28.66200279698056
29.095312549447673
29.525858297824872
29.953969561380323
30.379920650989604
30.80388289898836
31.225960347489856
31.64619444260865
32.06454984154165
32.480945042285825
32.895203990308
33.30712138304379
33.716413334384704
34.12274651260306
34.52573045204689
34.92492849266874
35.319841311409974
35.70992834289409
36.094584139068644
36.47317162465384
36.844988235407676
37.209314527412644
37.56533803748658
37.91224918118852
38.2491434623964
38.57512104981706
38.88921787879384
39.19046471237765
39.477861870744015
39.75039623667388
40.00706214021813
40.2468080332366
40.46861523395953
40.671393583771525
40.85408889414758
41.015631948934924
41.1549325591376
41.27089936149643
41.36242274613818
41.428368836053146
41.467579925746186
41.47887464943126
41.46100985725938
41.41272210902277
41.33265874230052
41.21939190530065
41.07138219735447
40.88695888118666
40.66426856869455
40.40126182853822
40.09560698931968
39.74465502400218
39.34530455575713
38.89388346231334
38.385925284219674
37.81587554131462
37.176582891422065
36.458523076886074
35.64835926471552
34.726131838664514
33.6590283421689
32.384280569051825
30.74184867665858
26.977223869217752
24.113478281347152
22.372683743437094
20.916311398242406
19.60569672622715
18.384483253121704
17.22325110259565
16.10454243766259
15.017124746742752
13.953441787159871
12.908281021750032
11.877990195228952
10.860046193555942
9.852750539275634
8.855063004127862
7.866441959197123
6.886773611928163
5.916284615774275
4.955521872733589
4.005283019975023
3.0666072027752445
2.1407557633364878
1.2291335191613917
0.33335298988415163
0.0
0.0
0.0
0.0
0.0
0.0
0.0
0.0
0.0
0.0
0.0
0.0
0.0
0.0
0.0
0.0
0.0
0.0
0.0
0.0
0.0
0.0
0.0
0.0
0.0
0.0
0.0
0.0
0.0
0.0
0.0
0.0
0.0
0.0
0.0
0.0
0.0
0.34704655213173735
2.2869435550581785
4.770732768395162
10.455548336181417
14.340841340227279
16.75589325885509
18.755225536690283
20.52438707615057
22.13863853817921
23.637047944848113
25.042624357117113
26.369993042167398
27.62889601836994
28.826025160475275
29.966083856826963
31.05241107583795
32.087411123612455
33.072826649838326
34.00992639791929
34.899659546816345
35.74275710080871
36.53978972822043
37.29123062249009
37.997520755974314
38.65906746129659
39.27629024364282
39.84960419299538
40.379454378965576
40.86630379149215
41.31065776354052
41.71302532061274
42.07395006616912
42.39395550389722
42.67357603926383
42.913352548243715
43.113774569309264
43.275326413595174
43.398444160606
43.4835159964975
43.53085291715761
43.540707632868624
43.51322114023647
43.44845245453208
43.346306804078885
43.20656491318776
43.028829041925476
42.812514165927354
42.55681744191881
42.26070560056883
41.922880796210215
41.5416933940474
41.1151883148637
40.64096228889777
40.11609852356846
39.53703827084998
38.899424548189295
38.19785108075238
37.425445258787576
36.573283824556654
35.62924644969278
34.57600577094164
33.386801179513235
32.01536410504488
30.364887648707366
28.128133370821335
23.067955842221462
20.62628210570562
18.819567872498137
17.272752570337744
15.876983074344578
14.582773635625054
13.363081434199712
12.201592241216815
11.087895138916306
10.01507623377161
8.97848337334434
7.974926890414367
7.002241885707044
6.058926850173023
5.14394602792047
4.256527739239337
3.3960934434145225
2.562097369057619
1.7540256350521168
0.9713133784760976
0.21330710076591003
0.0
0.0
0.0
0.0
0.0
0.0
0.0
0.0
0.0
0.0
0.0
0.0
