2.8389008226623993
2.5037101851772925
2.1803034755882345
1.8692451663344174
1.5711736883009644
1.2868085320029468
1.0169346330057123
0.7623807557276859
0.5240059073077691
0.3026791862246182
0.09928554093656203
0.0
0.0
0.0
0.0
0.0
0.0
0.0
0.0
0.0
0.0
0.0
0.0
0.0
0.0
0.0
0.0
0.014012407873174197
0.22805518662263013
0.4673427591480709
0.7320272325873203
1.0222527118928566
1.3382786416139447
1.680429485480845
2.0491781981031862
2.445116645720625
2.8690653799005053
3.3220698229813093
3.805503833535911
4.321169798832061
4.871434929566074
5.459481608198871
6.089684733160761
6.768245203953526
7.5043545414410495
8.31250850939271
9.21777569917272
10.270854510523975
11.612665669730589
14.68561978672098
16.400801024856012
17.53608889831208
18.467431046934244
19.281076431236787
20.014215371497468
20.686998756198065
21.311844807672387
21.89711023454037
22.448775953859258
22.97136396070448
23.468391033899362
23.94281536942091
24.397093614661863
24.833383572637057
25.25360394894704
25.659475937012914
26.052587812163676
26.434406912707544
26.806285014437762
27.169465037879288
27.52509972010038
27.8742125390779
28.217712256051765
28.55638033575901
28.890853335944882
29.221621874998945
29.549030443473757
29.87327494251635
30.1943803885967
30.512232749943156
30.82654440569897
31.136897906558954
31.442702938643407
31.7432556736651
32.03771919102728
32.325145579116054
32.60450813278686
32.87469855565714
33.13454529486774
33.38282157117731
33.61827746503092
33.83962067059403
34.045552293036465
34.2347622516923
34.40597716804254
34.55794398413465
34.68943762979686
34.79929289840141
34.88638695865282
34.949675413514676
34.988161534320675
35.00093455632931
34.98714044978792
34.94601816633339
34.876881897218965
34.77913106066621
34.65224650907905
34.49578247420223
34.309362113713625
34.09268148953998
33.845469418611245
33.567487390179174
33.25850878855872
32.918273882525675
32.546466241813064
32.14261956505991
31.706089637657442
31.23591150585264
30.73065524213663
30.188231430605228
29.605483274180934
28.9776230209969
28.297094114797773
27.551311113331458
26.717359994830314
25.746263330278282
24.488925603607594
21.6407764809366
20.212538325452535
19.221226866060814
18.407443921148108
17.701035726475716
17.0701333688616
16.49697616740255
15.970404819031987
15.482878054674309
15.028993694602951
14.604739360083812
14.207041109728408
13.833491259313556
13.482170206652802
13.151532693649383
12.840332506983845
12.547569184717167
12.27240648263707
12.014191299099558
11.772383400992418
11.54655103830509
11.336341501101675
11.14148942938606
10.96178920857926
10.797082174764611
10.64729245045946
10.512366162184875
10.392301286384988
10.287127207712484
10.196923659467977
10.12178902862396
10.061852166723925
10.01728447502753
9.988274445167512
9.975043040329346
9.977842917653302
9.996968756147917
10.032729904333115
10.08545329124297
10.15551271960435
10.24329011569505
10.349189402025937
10.473664645648741
10.61720244193004
10.780354606407665
10.963737234099614
11.168071868392222
11.394183009621875
11.643099322695404
11.916032845806363
12.214507389957484
12.540440129259968
12.896317407634463
13.285421980201741
13.712250025070471
14.183201387505624
14.707911980211202
15.302076184515927
15.994713528355785
16.853463146382094
18.189938330896165
20.424478986552522
21.399124274457545
22.177546034983134
22.859147151354428
23.48050626822108
24.05992212059829
24.608013489378266
25.131570137557002
25.635173388165867
26.122056418280213
26.594549639029893
27.05441610724357
27.502950477997246
27.941141907502335
28.36975213860041
28.789357957910774
29.200398547962997
29.60321015588809
29.998032318269217
30.385046800111695
30.764368590715087
31.136066175275488
31.50015833434747
31.85662689620397
32.2054256929985
32.54646079677683
32.87962418953645
33.20478550430282
33.52180814526117
33.83054081456627
34.13079741043143
34.42241761111833
34.70521443134109
34.97900393102415
35.24361375184658
35.49886420512795
35.74458135551655
35.98059205230441
36.2067295453066
36.42283027665547
36.628735300334114
36.82430514785281
37.00940209003104
37.18389116309426
37.34763835405918
37.50051326656307
37.64238898118554
37.77314293749086
37.89263929239098
38.00077578511411
38.09742122842974
38.18246405013653
38.2557997580156
38.31732015995131
38.36691757869754
38.404493830123414
38.429949710295745
38.44318491259268
38.44408782019545
38.43253143813961
38.408400151591
38.37153852718295
38.321795976805774
38.259001359883136
38.18296476930844
38.09346049664504
37.990256134411915
37.87307025033641
37.74160725963143
37.59553924600465
37.434485257143415
37.25803594003524
37.065732207032035
36.85703021690744
36.631333011419564
36.38795022546424
36.12605325883963
35.84469790854798
35.542714408353056
35.2187088441052
34.87099037644183
34.49744987181365
34.0953965636505
33.661301326302585
33.190373024816445
32.67579654605193
32.10717702477005
31.467228584535917
30.72279825576989
29.790951171695788
28.020640316278183
26.078484198522236
25.11931771773757
24.40489066639371
23.70621457159573
23.07570987594696
22.494405314604393
21.971828097191082
21.4825365277169
21.022849186246635
20.5905085861942
20.18425975182236
19.80355137720679
19.44832359840416
19.118928236282997
18.815972320815362
18.54030603903589
18.292896943396645
18.074824319423108
17.887195742663064
17.731104428913376
17.60759441366992
