0.0
0.0
0.0
0.8615551999999949
2.661583100000001
4.4608091000000085
6.2600647999999826
8.05979569999998
9.860090899999989
11.660504899999992
13.460235799999989
15.257947099999978
17.051975600000024
18.84018289999999
20.620163300000012
22.389154700000002
24.144216800000002
25.88229050000001
27.600108800000008
29.29446409999999
30.962119100000013
32.599985
34.205062099999964
35.77455859999998
37.305860899999985
38.796652400000006
40.24488379999998
41.64874339999998
43.006746199999974
44.31767449999997
45.580666999999984
46.79504060000002
47.96043889999999
49.076713399999996
50.143953200000006
51.16242559999998
52.13257609999999
53.0550284
53.9304953
54.7598084
55.54388840000002
56.28368570000001
56.980239799999985
57.63464959999997
58.24795460000002
58.8213428
59.35597249999997
59.85303169999999
60.313827200000006
60.739695499999996
61.132151300000004
61.492887500000016
61.8238346
62.12736859999999
62.40640009999996
62.664700999999994
62.90729060000001
63.141059299999974
63.37598629999996
63.52897099999998
63.604409000000004
63.63981139999996
63.63562369999999
63.59232110000001
63.510319400000014
63.39015319999998
63.23232739999999
63.03731719999996
62.80577599999999
62.53832749999998
62.23565480000001
61.898559799999994
61.52784439999999
61.12439959999999
60.6892055
60.22333130000001
59.72787590000001
59.20396789999997
58.6529141
58.0759619
57.474477499999985
56.84988650000001
56.20364420000001
55.53720589999997
54.85217539999997
54.15006740000001
53.4325451
52.7012123
51.95773219999998
51.20379769999998
50.44110169999999
49.671366799999994
48.89631560000001
48.117700400000025
47.3372141
46.55663869999998
45.77772649999999
45.00214069999999
44.231692999999986
43.468016900000016
42.71286470000001
41.96789959999999
41.2347551
40.51503499999997
39.81034309999999
39.12222379999999
38.452162099999974
37.80164300000001
37.172092099999986
36.56481619999999
35.981151800000006
35.42231659999998
34.88949860000002
34.383826399999975
33.906339500000016
33.45795860000002
33.039634100000015
32.65219759999999
32.29633219999997
31.97275069999999
31.681987700000008
31.424518399999993
31.200788300000013
31.011064699999974
30.85558519999996
30.666663500000016
30.517896199999978
30.443883799999995
30.434587699999998
30.482909599999978
30.583562900000015
30.732419299999993
30.9260336
31.161524899999954
31.436160800000017
31.74756529999997
32.0933921
32.47129490000001
32.87910560000001
33.31450760000002
33.77527339999999
34.2590567
34.763570600000016
35.28643909999998
35.825256499999995
36.37758739999999
36.94099639999999
37.513018399999986
38.0910992
38.67280339999999
39.255576799999986
39.83692459999999
40.414411399999985
40.98554239999999
41.547941600000016
42.099292399999996
42.637248499999984
43.15967149999998
43.6644824
44.149720999999964
44.613664700000015
45.05470969999997
45.47163830000003
45.86350009999999
46.229938699999984
46.5711917
46.88856589999999
47.184793699999986
47.46492410000002
47.73801560000001
48.01992799999997
48.28164439999998
48.40463209999997
48.47469440000001
48.4901978
48.44953849999997
48.35129090000001
48.194237300000005
47.9771897
47.69916799999999
47.359310900000004
46.95687590000002
46.49123929999999
45.96201499999999
45.36884659999998
44.71158559999999
43.990202299999986
43.20484520000001
42.35578159999999
41.44351640000001
40.46864360000002
39.43202450000002
38.33463920000003
37.17767569999999
35.962589300000026
34.69098380000002
33.36473029999997
31.985848399999973
30.556684399999966
29.079762800000005
27.557905099999992
25.99411100000001
24.39161779999998
22.75395979999998
21.084849499999997
19.388266699999992
17.668339699999997
15.929434399999975
14.176124599999985
12.41307319999998
10.645150999999991
8.877347599999998
7.114741700000009
5.362441699999999
3.6256451000000136
1.9095494000000166
0.2192926999999881
0.0
0.0
0.0
0.0
0.0
0.0
0.0
0.0
0.0
0.0
0.0
0.0
0.0
0.0
0.0
0.0
0.0
0.0
0.0
0.0
0.0
0.0
0.0
0.0
0.0
0.0
0.0
0.0
0.0
0.0
0.0
0.0
0.0
0.0
0.0
0.0
0.0
0.0
0.0
0.0
1.3981451000000151
3.6732838999999826
6.022435099999978
8.439688400000023
10.918866200000013
13.453523600000011
16.0369484
18.662071999999974
21.321766399999987
24.008636300000017
26.7151676
29.43375709999997
32.156742200000025
34.876490000000025
37.5853973
40.27592029999996
42.94072309999999
45.5727074
48.1649531
50.71098560000002
53.2046273
55.64020549999999
58.0125227
60.31691600000001
62.5494353
64.70669479999998
66.78602150000002
68.7855443
70.70413459999999
72.54143599999998
74.2810541
75.92607769999998
77.4941189
78.9882368
80.41220329999999
81.77047339999999
83.06824459999999
84.31136779999999
85.50622849999998
86.65974679999998
87.77919920000002
88.8723374
89.94700219999997
