76.58517405000003
72.69515715
68.74856175000001
64.75790640000001
60.73619970000001
56.69653935000001
52.652023050000004
48.275787449999996
43.48131645
38.745339600000015
34.08442950000003
29.514579600000033
25.051026000000007
20.707980149999997
16.498762499999984
12.435490650000014
8.529123899999995
4.789285050000033
1.2243940500000186
0.0
0.0
0.0
0.0
0.0
0.0
0.0
0.0
0.0
0.0
0.0
0.0
0.0
0.0
0.0
0.0
0.0
0.0
0.0
0.0
0.0
0.0
0.0
0.0
0.0
0.0
0.0
0.0
0.0
0.0
0.0
0.0
0.0
0.0
0.0
0.0
0.0
0.0
0.0
0.0
0.0
0.0
2.103989250000015
4.810178999999987
7.537307250000017
10.275929399999992
13.016556300000005
15.749787900000037
18.466357800000008
21.15713324999999
23.813204250000005
26.42606175000001
28.987330350000004
31.489080150000035
33.923737650000014
36.28413030000003
38.56384289999998
40.756950300000014
42.85775010000001
44.8610745
46.76220120000002
48.55698705000002
50.241823499999995
51.77385345000001
53.176688399999996
54.464539800000026
55.637006700000015
56.694712799999984
57.63979650000002
58.47666825
59.21361435000002
59.86640550000001
60.46671675000004
61.086585449999994
61.928803200000026
62.742508950000015
63.17174820000001
63.39445365000001
63.43076190000002
63.29581995000002
63.00138900000001
62.55686910000003
61.96992285000001
61.24696545
60.393654750000024
59.414846699999984
58.31517450000001
57.09873675000004
55.7697657
54.33164715000001
52.788747
51.144673800000014
49.41600015
47.68732650000001
45.471231300000014
43.149329849999994
40.72732454999999
38.21122965000002
35.60741580000001
32.922476400000015
30.163405800000007
27.33742110000003
24.452140350000036
21.515359800000027
18.535276649999982
15.520177200000028
12.47865960000001
9.4195002
6.35156445000002
3.2837178000000047
0.22500390000000636
0.0
0.0
0.0
0.0
0.0
0.0
0.0
0.0
0.0
0.0
0.0
0.0
0.0
0.0
0.0
0.0
0.0
0.0
0.0
0.0
0.0
0.0
0.0
0.0
0.0
0.0
0.0
0.0
0.0
0.0
0.0
0.0
0.0
0.0
0.0
0.0
0.0
0.0
0.0
0.0
0.0
0.0
0.0
0.0
0.0
0.0
0.0
0.0
0.0
0.0
0.0
0.0
0.0
0.0
0.0
0.0
0.0
0.0
0.0
0.0
0.0
0.0
0.0
0.0
0.0
0.0
0.0
0.0
2.7764714999999955
5.871627300000004
8.96896605000001
12.060379650000037
15.137760000000004
18.193355400000026
21.21954780000002
24.20894190000001
27.15449880000002
30.04953600000001
32.887638300000006
35.66283600000003
38.369426700000005
41.00224260000002
43.55638320000001
46.02748260000001
48.41148675000002
50.70171315000002
52.823540550000004
54.84842715000001
56.77459095
58.600472700000026
60.32518140000003
61.947959700000006
63.46849575
64.88696775000003
66.20368755000003
67.41954615
68.53570185000001
69.55384755000001
70.47621075000005
71.30586540000002
72.04686554999999
72.70495815000002
73.2886968
73.81131285000001
74.29557135
74.78419575
75.36993915000002
75.90676665000001
76.17041355000003
76.30085595000003
76.30967685000002
76.20596445000002
75.99715859999999
75.68949630000003
75.28836810000001
74.79840720000001
74.22380129999999
73.56838169999999
72.83566785000002
72.02904555
71.1516333
70.20659415000002
69.19682385000002
68.12530724999999
66.99511830000003
65.80884090000002
64.56950445000001
63.27996015000002
61.94337105
60.56258835000001
59.14055235000001
57.68033700000004
56.184971700000006
54.65748585000002
53.10108705
51.51876015000002
50.322459000000016
48.47367855000001
46.60917195
44.733483300000024
42.851156700000004
40.96673625000001
39.08463240000002
37.20930015000003
35.34510540000004
33.496235850000026
31.6667901
29.86068855000002
28.081717950000012
26.333308650000014
24.61875735000003
22.941048899999995
21.3028563
19.706451600000005
18.15383955000002
16.646579399999993
15.185918550000036
13.77261435000001
12.407023200000003
11.08905600000001
9.818222700000003
8.59349864999998
7.413502800000034
6.276274950000023
5.179364850000017
4.11987675000002
3.0944248500000033
2.0990442000000304
1.1294579999999868
0.1808103000000334
