0.0
0.0
0.0
0.0
0.0
0.0
0.0
0.0
0.0
0.0
0.0
0.0
0.0
0.0
0.0
0.0
0.0
0.0
0.0
0.0
0.0
0.0
0.0
0.0
0.0
0.0
0.0
0.0
0.0
0.0
0.0
0.0
0.0
0.0
0.0
0.0
0.0
0.0
0.0
0.0
0.0
0.0
0.0
0.0
0.0
0.0
0.0
0.0
0.0
0.0
0.0
0.0
0.0
0.0
0.0
0.0
0.0
0.0
0.0
0.0
0.0
0.0
0.0
0.0
0.0
0.0
0.0
0.0
0.0
0.0
0.0
0.0
0.0
0.0
0.0
2.2483312499999952
7.01099355
11.783724149999998
16.54193145000001
21.261513899999983
25.919038200000006
30.49191750000001
34.958767800000004
39.29949705000004
43.495394250000025
47.52939675000002
51.36350340000003
54.894580950000005
58.21618440000003
61.319314650000024
64.19675459999999
66.84298005000001
69.2540706
71.43051630000001
73.3729854
75.08285895000003
76.56338910000002
77.82085740000002
78.86698049999998
79.72577085
80.45643539999999
81.25806810000003
82.39057365000001
82.87398570000002
82.96571415
82.73383140000003
82.21843245
81.44508900000001
80.43144285000002
79.19059170000003
77.73287115000001
76.0669239
74.20067985000003
72.14166795000001
69.89755080000003
67.47559005000002
64.8843393
62.13230760000002
59.22867224999999
56.16073650000001
52.864214700000026
49.26127799999999
45.02693414999998
40.67925510000002
36.235258949999995
31.713033000000028
27.131421900000007
22.50993855000003
17.868630449999987
13.227856949999996
8.608111049999996
4.029752099999996
0.0
0.0
0.0
0.0
0.0
0.0
0.0
0.0
0.0
0.0
0.0
0.0
0.0
0.0
0.0
0.0
0.0
0.0
0.0
0.0
0.0
0.0
0.0
0.0
0.0
0.0
0.0
0.0
0.0
0.0
0.0
0.0
0.0
0.0
0.0
0.0
0.0
0.0
0.0
0.0
0.0
0.0
0.0
0.0
0.0
0.0
0.0
0.0
0.0
0.0
0.0
0.0
0.0
0.0
0.0
0.0
0.0
0.0
0.0
0.0
0.0
0.0
0.9646230000000204
3.9111600000000246
6.804058799999999
9.633028350000004
12.38826765000003
15.060599400000017
17.641336350000017
20.12245950000002
22.496662650000026
24.75793155000001
26.900875650000014
28.920460799999987
30.8124993
32.57347170000003
34.20079409999999
35.69277360000001
37.048741950000036
38.269278300000025
39.356743800000004
40.31599440000003
41.15611830000004
41.89377720000003
42.56233905
43.23749430000001
44.137359750000016
45.28657155
45.935175
46.337817900000005
46.51766624999998
46.4925846
46.27687350000001
45.88256145000001
45.320162249999996
44.59907595
43.727945250000005
42.71487825000003
41.56767120000001
40.293897600000015
38.90095275000003
37.39623194999998
35.78695230000002
34.08042000000002
32.28398580000003
30.404955900000004
28.450636500000016
26.428512000000026
24.34584405000001
22.210117049999983
20.028726300000024
17.80893345
15.558089250000034
13.283321700000032
10.991669699999994
8.690083049999995
6.385244250000011
4.0836130499999985
1.7914264500000114
0.0
0.0
0.0
0.0
0.0
0.0
0.0
0.0
0.0
0.0
0.0
0.0
0.0
0.0
0.0
0.0
0.0
0.0
0.0
0.0
0.0
0.0
0.0
0.0
0.0
0.0
0.0
0.0
0.0
0.0
0.0
0.0
0.0
0.0
0.0
0.0
0.0
0.0
0.0
0.0
0.0
0.0
0.0
0.0
0.0
0.0
0.0
0.0
0.0
