22.11429998469614
22.37254961786742
22.60558222369074
22.81433190049158
22.99993798852934
23.163681785943023
23.306986743599232
23.43137561959749
23.538427733860935
23.629746608892095
23.70690488120357
23.77144801706948
23.824837850484887
23.868464585415378
23.90360035925837
23.931379192130567
23.952790130595076
23.968691625661066
23.97974954816216
23.986508839731016
23.989327509188076
23.988451406027554
23.98395130235264
23.97582729104192
23.96394453844589
23.948102537682065
23.928062112106396
23.90353830578371
23.874250943510333
23.839929582587956
23.80034404634765
23.755308291521935
23.704744752162078
23.648635237946177
23.58708984455246
23.520315249608572
23.448649764018853
23.37256474843475
23.292649303802122
23.20963976594215
23.124468748851264
23.038197039650996
22.952058858768
22.867438124864776
22.785888404193873
22.70905586859257
22.63878040848456
22.57696763299703
22.5256373455524
22.486866855468175
22.462780235690058
22.45547861445789
22.467024104918096
22.49934215781879
22.55422464324528
22.633241095482816
22.737709586341012
22.868683726284846
23.0269176169277
23.212858372023465
23.426677372993964
23.66824165044865
23.937195330826086
24.232944968326304
24.554686092637702
24.901453500137468
25.27212382936563
25.665447094048375
26.08010571742928
26.51467012667605
26.967663722831865
27.43755556919831
27.922749242709244
28.4216298386631
28.932576108020882
29.453965048746255
29.984154422177618
30.521540940046336
31.064483609775642
31.611389215180434
32.160646308996846
32.71063692170194
33.259760069117334
33.80642546451624
34.3490464692276
34.88605099567645
35.415903812349136
35.93709213549872
36.66575053324237
36.947611214299215
37.434091070711474
37.90619413126494
38.362577349082144
38.80190746486328
39.222897651440455
39.62429088970745
40.00485497060973
40.36340485730682
40.698793982823375
41.00994186351302
41.295804741428086
41.55555872636226
41.78785845591305
41.99227866829955
42.16788584144658
42.31392145817426
42.42971584298658
42.514621118926144
42.56804353103135
42.58942681753446
42.57824189702748
42.533981333626265
42.456132442319586
42.34419877918184
42.19764599759433
42.015928206668065
41.79842441318085
41.54445302704181
41.25327038575191
40.92403974471397
40.55578223651467
40.147419233279194
39.69765156123727
39.20482066582987
38.66708070671885
38.081989261054325
37.44643694849884
36.756368750624134
36.00633190140246
35.188716223883155
34.29247473418229
33.300540096543926
32.18396381386562
30.88609094265384
29.260435042072473
25.72479963733901
22.79380355296199
21.139089092564795
19.792127300092165
18.609204950399818
17.532152546928295
16.530468798044925
15.585774814970907
14.686078045968571
13.823047280673748
12.990631449904036
12.184323646518394
11.400682855836362
10.637001541632618
9.891124042328524
9.16135390823696
8.446286126681748
7.744787851424807
7.0559333042521715
6.378939545096636
5.713159938834767
5.058047712839984
4.4131237541069845
3.7780270852308777
3.1524523860128584
2.536160863382023
1.9289825943523602
1.3307888050877137
0.7415133055346121
0.16113089391041968
0.0
0.0
0.0
0.0
0.0
0.0
0.0
0.0
0.0
0.0
0.0
0.0
0.0
0.0
0.0
0.0
0.0
0.0
0.0
0.0
0.0
0.0
0.0
0.0
0.0
0.0
0.0
0.0
0.0
0.0
0.0
0.0
0.0
0.0
0.0
0.0
0.0
0.0
0.0
0.0
0.0
0.0
0.0
0.0
0.0
0.0
0.0
0.0
0.0
0.0
0.0
0.0
0.0
0.0
0.0
0.0
0.0
0.0
0.0
0.0
0.0
0.0
0.0
0.0
0.0
0.0
0.0
0.0
0.0
0.2206308221842107
1.0674264827136677
2.0185093486661665
3.1491641140100217
4.756717671971792
7.748205257750763
9.02496105099881
10.001543727904647
10.832616670620652
11.572643692628041
12.248679511710954
12.876616700670166
13.46674197986191
14.026210874746868
14.560222592437697
15.072719449338003
15.566748706981143
16.044712569140184
16.508581734793736
16.95998116865097
17.400240759857027
17.830489337431676
18.251668422077053
18.664571022948465
19.069860125964205
19.468100258576833
19.85975710624307
20.245212646430836
20.624796314521607
20.998738292023603
21.36726192372177
21.730496447131713
22.088571004688795
22.441694323534257
22.789552747173033
23.132521701071482
23.47048706539903
23.8034150867503
24.131278495448022
24.454012643985433
24.771580118296956
25.08391355451858
25.39097613006242
25.692742399614794
25.98921673870663
26.280423786468745
26.566426114154645
26.847325224707646
27.123244383987668
27.394354834436818
27.66086271964435
27.92299067842039
28.181001055594052
28.435189715381394
28.68585765669811
28.93333298972134
29.177959654227287
29.42009524417331
29.660069636908272
29.898205691449444
30.134836179901015
30.370239882940087
30.604648122176258
30.838251062901612
31.071207092290482
31.303575262215112
