0.0
0.0
0.0
0.0
0.0
0.0
0.0
0.0
0.0
0.0
0.0
0.0
0.0
0.0
0.0
0.0
0.0
0.004148078090754552
0.5122924614721398
1.0729467471960061
1.6907460327414037
2.3719500289766153
3.1254287585148117
3.9645783572813107
4.911136556933485
6.004646795225078
7.332517180453907
9.207834905153407
13.04319143723836
14.74107888564389
16.041746114893876
17.163229283093056
18.176173037765807
19.11419259113892
19.996439608311025
20.835093278821134
21.638448123576858
22.412503608937097
23.16176608212478
23.8897410805474
24.599222415291138
25.292502046675775
25.971461078337462
26.637681866307418
27.292500557503423
27.937011717422493
28.572141648008525
29.198619472589854
29.817037969450247
30.427850978524035
31.03135321687723
31.627718066425462
32.21698232654549
32.79905440612724
33.37372535541013
33.940655280755806
34.49939407418646
35.04968972124406
35.58994250739237
36.1203405666119
36.639718730380714
37.14712342755497
37.64152760241658
38.121832725036775
38.58685010343896
39.035354083831336
39.46604530695872
39.87758968334454
40.5731212448363
40.63774137304822
40.98350630719773
41.304463779899784
41.599134809077334
41.86603797633717
42.10367019306911
42.31054760582264
42.48519050656724
42.62613054561422
42.731933895482285
42.80133114617456
42.832507647912905
42.824567323970975
42.77606471056629
42.685745227220416
42.55235841267419
42.37468767828065
42.15151650219366
41.8816121421292
41.56370337203586
41.19647779634012
40.778485783576855
40.3081348438469
39.783624227001695
39.20290695982038
38.56322395330856
37.86165404855748
37.09415073632541
36.25546517384891
35.338457209557845
34.33293572793825
33.22349839335501
31.985056224569146
30.57168447601344
28.880357108003313
26.53557319920704
21.603121267216093
19.403780523203157
17.747455809643967
16.339852658210674
15.08594954835165
13.940669231168417
12.878645271942158
11.884130235988268
10.946688498621485
10.05912995551473
9.216287822159433
8.414409052291294
7.6506808813926215
6.922977884281657
6.229645472000894
5.569361050672205
4.941061886606416
4.343868510051241
3.7770309039634435
3.2398924048132254
2.731919181050338
2.2525897967977517
1.8014545335016217
1.378056504561223
0.981963965637102
0.6127216164366769
0.2698544004259873
0.0
0.0
0.0
0.0
0.0
0.0
0.0
0.0
0.0
0.0
0.0
0.0
0.0
0.0
0.0
0.0
0.0
0.0
0.0
0.0
0.0
0.0
0.0
0.0
0.0
0.0
0.0
0.0
0.0
0.0
0.0
0.0
0.0
0.0
0.0
0.0
0.0
0.0
0.0
0.0
0.0
0.0
0.0
0.0
0.0
0.0
0.0
0.0
0.0
0.0
0.0
0.0
0.0
0.0
0.0
0.0
0.0
0.0
0.0
0.0
0.0
0.0
0.0
0.0
0.0
0.0
0.0
0.0
0.0
0.0
0.0
0.0
0.0
0.0
0.0
0.0
0.0
0.0
0.0
0.0
0.0
0.0
0.0
0.0
0.0
0.0
0.0
0.0
0.0
0.0
0.0
0.0
0.0
0.0
0.0
0.0
0.0
0.0
0.0
0.0
0.0
0.0
0.0
0.0
0.0
0.0
0.0
0.0
0.0
0.0
0.0
0.0
0.0
0.0
0.0
0.0
0.0
0.0
0.0
0.0
0.0
0.0
0.0
0.0
0.0
0.0
0.0
0.0
0.0
0.0
0.0
0.0
0.4863678438145951
1.2245748802907372
2.1435721038229065
3.69186856743783
5.843754522788307
6.824069536896554
7.61986585315241
8.32158956169379
8.964491879659626
9.566666984659493
10.138826519117982
10.687804316304995
11.21816961321131
11.73312540642926
12.2348561347853
12.724887904365758
13.204233576002547
13.673543600149333
14.133156355314446
14.583171110735307
15.023537050757483
15.454023413660554
15.874291029130099
16.283892769288997
16.682337142081852
17.06906224004974
17.44346366152494
17.80493577830194
18.15288195531537
18.486672748368974
18.805748125927458
19.109531909505673
19.397523166528124
19.66915063014357
19.923948179808107
20.1614795938853
