78.50510689999997
77.87003179999995
77.23091750000002
76.5896648
75.94826360000002
75.3086444
74.67270799999997
74.04232549999999
73.41930860000001
72.84511849999996
72.21631009999997
71.60068850000002
70.99967930000001
70.41452989999998
69.84630950000002
69.29596850000003
68.76421969999998
68.2515977
67.7584589
67.2849815
66.8311655
66.39689209999999
65.98180490000001
65.58545839999998
65.2072289
64.84634419999999
64.5019727
64.1731343
63.85873009999999
63.5576315
63.26856139999996
62.99024270000001
62.7213389
62.46045409999999
62.20619240000003
61.957098500000015
61.71180619999998
61.468889899999986
61.227013099999986
60.984809600000006
60.74106169999996
60.49449229999999
60.24397279999998
59.98843399999999
59.726895799999994
59.4584375
59.18222750000003
58.89761240000002
58.60396849999999
58.3008206
57.987782599999996
57.6646763
57.331382900000015
56.98793210000002
56.63444269999996
56.27124139999998
55.89868460000003
55.51733659999999
55.1277617
54.73076180000002
54.32713879999999
53.917843100000034
53.503884499999984
53.08639159999999
52.6665227
52.24552519999995
51.82470589999997
51.405401299999994
50.989037000000025
50.577008899999996
50.17071289999997
49.77166369999997
49.3812275
49.00085960000002
48.631985599999965
48.27591229999998
47.934035599999966
47.607573200000004
47.29777250000001
47.00573239999996
46.73258149999999
46.47927019999999
46.24668949999998
46.0357304
45.84701659999999
45.68126090000001
45.53893849999999
45.420494899999966
45.3160994
45.17930119999997
45.0912407
45.04677979999998
45.04184959999998
45.07300489999999
45.137275700000004
45.23192959999996
45.35450149999999
45.50267480000001
45.674132900000025
45.866677999999986
46.07811229999999
46.306267699999985
46.5490058
46.804128799999994
47.0695577
47.34312439999997
47.62274990000001
47.90635520000001
48.19189099999998
48.477426799999996
48.76103209999999
49.04095459999999
49.31544199999997
49.58300929999998
49.84226060000001
50.09200789999998
50.331389899999984
50.55978290000001
50.7770087
50.983334599999985
51.17980010000001
51.36815749999999
51.55155499999999
51.73477429999999
51.88069039999996
51.94950529999999
51.9886202
51.997054999999975
51.9741266
51.91930039999998
51.832219999999985
51.71273690000001
51.560880799999964
51.37691899999998
51.16120789999997
50.91434149999999
50.63706230000002
50.330290999999974
49.99512649999999
49.6328162
49.244726299999975
48.83237149999997
48.39744469999997
47.9416982
47.46706250000002
46.975557200000004
46.469290999999984
45.95046169999999
45.42132649999998
44.884201999999995
44.34152360000003
43.79563759999997
43.24903879999999
42.70419229999996
42.163503800000036
41.62943839999998
41.1044315
40.590829399999976
40.09091899999999
39.60698720000002
39.14117239999997
38.69558330000001
38.27212069999998
37.872715099999986
37.499059399999986
37.152787099999976
36.83538320000002
36.54815450000001
36.292289000000004
36.06885589999999
35.8787462
35.72273209999999
35.51465389999999
35.37488570000003
35.3125454
35.31780230000002
35.383558099999995
35.5044371
35.676162499999975
35.89508119999999
36.15795589999999
36.46178689999999
36.80372299999998
37.180913000000004
37.590594800000005
38.029946900000006
38.496118100000004
38.98613839999997
39.4970972
40.02593540000001
40.56956419999998
41.124835399999974
41.68863049999998
42.257712200000014
42.8289026
43.39902380000002
43.96489790000001
44.52343609999999
45.07154959999999
45.606357499999994
46.12500859999998
46.624918999999956
47.103623600000006
47.559043399999965
47.98939639999998
48.39343520000001
48.77056579999998
49.12105550000001
49.446508099999996
49.75039850000001
50.039112199999984
50.3241134
50.6256872
50.8453484
50.95384249999999
51.00525320000002
50.998689500000005
50.933646499999995
50.80994600000003
50.6278256
50.387760499999985
50.09061199999996
49.73756809999999
49.33005440000001
48.8698232
48.358834699999996
47.79940549999999
47.19391160000001
46.545085399999984
45.855689000000005
45.12878149999997
44.367421999999976
43.57481810000003
42.754266499999986
41.90909360000002
41.0426258
40.1582192
39.25914080000002
38.3486576
37.4299475
36.5060696
35.57996419999996
34.65445279999999
33.73214899999998
32.81560700000002
31.90708399999996
31.00874809999996
30.122559499999976
29.250240800000004
28.39339579999996
27.553390699999994
26.731443200000015
25.92859279999998
25.14570079999999
24.383479999999977
23.642524400000003
22.923249799999986
22.226012600000004
21.55108010000001
20.89860079999997
20.268634099999982
19.661298800000004
19.07656519999998
18.51446300000001
17.974992200000006
17.458152800000008
16.963974499999992
16.492486999999997
16.043868500000006
15.618178399999985
15.215683999999984
14.836563499999977
14.481143599999978
14.149750999999968
13.842771799999984
13.560562400000011
13.303597999999988
13.07229440000001
12.8670971
12.68842189999997
12.536743999999983
12.412390099999973
12.266444299999991
12.138199700000014
12.066414799999977
12.045060499999995
12.069503599999987
12.135883099999996
12.240872599999978
12.381442699999985
12.554801599999974
12.758187199999998
12.988807700000015
13.2439307
13.52070499999998
13.816309099999984
14.127772999999957
14.452097000000004
14.786311099999981
15.127385899999986
