0.0
0.0
0.0
0.0
0.0
0.0
0.0
0.0
0.0
0.0
0.0
0.0
0.0
0.0
0.0
0.0
0.0
0.0
0.0
0.0
0.0
0.0
0.0
0.0
0.0
0.0
0.0
0.0
0.0
0.0
0.0
0.0
0.0
0.0
1.3499804999999963
3.513194850000005
5.6099406000000025
7.635762750000026
9.58647360000001
11.458420050000003
13.248349950000012
14.953367550000007
16.5710226
18.09935490000001
19.536716100000007
20.882037000000008
22.134560250000025
23.29415219999998
24.361213800000012
25.336903350000032
26.223091950000004
27.02298720000003
27.741400499999997
28.385816250000016
28.96835205000003
29.50932270000001
30.04650660000003
30.659425499999998
31.545391349999996
32.05237035000002
32.41059689999999
32.63027295000001
32.71990755000001
32.68685144999999
32.53769805000003
32.27841705
31.914443550000016
31.45103445000002
30.893134800000013
30.245600550000006
29.513064900000032
28.700250150000016
27.811700399999985
26.85213795000002
25.826106900000006
24.738285000000012
23.593305450000006
22.395890550000008
21.15080715000001
19.862777550000025
18.536657700000006
17.177214450000022
15.789259200000032
14.377647900000008
12.947102850000018
11.50243545000001
10.0482789
8.589355500000025
7.130120249999983
5.675028149999993
4.228400549999994
2.7943806000000104
1.3770223500000307
0.0
0.0
0.0
0.0
0.0
0.0
0.0
0.0
0.0
0.0
0.0
0.0
0.0
0.0
0.0
0.0
0.0
0.0
0.0
0.0
0.0
0.0
0.0
0.0
0.0
0.0
0.0
0.0
0.0
0.0
0.0
0.0
0.0
0.0
0.0
0.0
0.0
0.0
0.0
0.0
0.0
0.0
0.0
0.0
0.0
0.0
0.0
0.0
0.0
0.0
0.0
0.0
0.0
0.0
0.0
0.0
0.0
0.0
0.0
0.0
0.0
0.0
0.0
0.0
0.0
0.0
0.0
0.0
0.0
0.0
0.0
0.0
0.0
0.0
0.0
0.0
0.0
0.0
0.0
0.0
0.0
0.0
0.0
0.0
0.0
0.0
0.0
0.0
0.0
0.0
0.0
0.0
0.0
0.0
0.0
0.0
0.0
0.0
0.0
0.0
0.0
0.0
0.0
0.0
0.0
0.0
0.0
0.0
0.0
0.0
0.0
0.0
0.0
0.0
0.0
0.0
0.0
0.0
0.0
0.0
0.0
0.0
0.0
0.0
0.0
0.0
0.0
0.0
0.0
0.0
0.0
0.0
0.0
0.0
0.0
0.0
0.0
0.0
0.0
0.0
0.0
0.0
0.0
0.0
0.0
0.0
0.0
0.0
0.0
0.0
0.0
0.0
0.0
0.0
0.0
0.0
1.3570194000000124
3.39442455000001
5.384116650000019
7.320348749999999
9.19764120000001
11.010826200000027
12.755003250000012
14.425672800000026
16.018558050000006
17.529961350000022
18.956407800000008
20.294957100000012
21.54320355
22.699320599999997
23.762105399999996
24.73146885
25.60843560000003
26.395990500000025
27.10005869999999
27.73195590000003
28.313155200000033
28.888295700000036
29.563851900000003
30.558876150000017
31.143594900000025
31.546816950000036
31.780036200000023
31.85234085000002
31.771438050000015
31.5440103
31.1760273
30.67305780000002
30.040269599999984
29.28283050000001
28.40577465000002
27.414180750000018
26.31326115000001
25.108272750000012
23.804828850000007
22.408542750000002
20.92538415
19.361590050000007
17.72353110000002
16.01802345000003
14.251972350000003
12.432594900000016
10.567375500000004
8.66393220000002
6.730016700000014
4.773558900000013
2.8025332500000046
