50.3907305
50.32675669999999
50.2332908
50.12084660000001
49.999433
49.80451190000001
49.624470500000015
49.519570099999974
49.499730500000005
49.56940670000001
49.730024300000004
49.98125659999998
50.32179680000002
50.74950650000001
51.2615642
51.854405900000025
52.5238439
53.26494799999998
54.072134600000005
54.93925579999997
55.85956969999999
56.82594830000001
57.830907200000006
58.86666500000002
59.92532149999997
60.9988874
62.07943280000001
63.15920599999999
64.23054439999999
65.28614180000002
66.31904839999997
67.32264110000001
68.29083140000002
69.2179466
70.09893770000001
70.9292903
71.70517310000001
72.4236161
73.08256999999999
73.6798964
74.20876430000001
74.68360790000001
75.11396090000001
75.5196332
75.94386800000002
76.3948625
76.6063562
76.708643
76.70115859999999
76.5832793
76.35426259999998
76.01339569999998
75.55987669999998
74.99287399999997
74.31158569999998
73.5152693
72.6769868
71.60018359999998
70.39623469999997
69.06457580000001
67.60502869999999
66.0179201
64.30402220000002
62.46479029999997
60.502362799999986
58.4195315
56.219979200000004
53.90819059999997
51.48948200000001
48.97012009999997
46.35729230000001
43.65907700000002
40.88438420000001
38.04310400000001
35.14586900000002
32.20405430000002
29.229777499999965
26.235661099999994
23.2348325
20.240745799999992
17.26706299999996
14.327505500000004
11.435765000000027
8.605206499999971
5.848838599999997
3.179164999999981
0.6079171999999755
0.0
0.0
0.0
0.0
0.0
0.0
0.0
0.0
0.0
0.0
0.0
0.0
0.0
0.0
0.0
0.0
0.0
0.0
0.0
0.0
0.0
0.0
0.0
0.0
0.0
0.0
0.0
0.0
0.0
0.0
1.0352110999999942
3.615071899999992
6.275776099999989
9.006809899999983
11.797481299999998
14.636860700000023
17.51386999999997
20.41734199999995
23.33610949999998
26.259094400000002
29.175426499999976
32.0743544
34.945542499999995
37.77889280000001
40.56481219999999
43.294153099999996
45.958332199999994
48.549300799999976
51.05954479999999
53.482292599999965
55.81130719999998
58.041064400000025
60.16666369999997
62.183917400000006
64.0892021
65.87960719999998
67.55290519999998
69.10743289999998
70.54226959999998
71.85708859999998
73.05233540000002
74.11711009999996
75.0593129
75.89064560000001
76.61660270000003
77.24564870000002
77.79171290000001
78.2795354
78.75886369999998
79.33477639999998
79.60864009999997
79.73670649999997
79.72741040000002
79.5878204
79.32414379999999
78.94178600000001
78.4456178
77.84000510000001
77.12907619999999
76.31660300000001
75.4062089
74.40130940000003
73.3052903
72.18141260000003
70.8441998
69.41788700000002
67.9059788
66.312158
64.64016679999997
62.893985
61.077622099999964
59.195384600000025
57.25172749999997
55.25122459999998
53.19877639999999
51.099372500000015
48.95824009999999
46.780814299999975
44.57264899999999
42.3395654
40.087444100000035
37.82231419999999
35.550323600000006
33.277679599999985
31.01067859999998
28.755616999999965
26.518761499999997
24.306378799999983
22.12464649999999
19.97959369999999
17.877160399999973
15.823078699999984
13.822902499999966
11.881888699999989
10.005056599999998
8.197128499999971
6.4625
4.805150899999993
3.2287343000000144
1.7365172000000026
0.33129140000000035
0.0
0.0
0.0
0.0
0.0
0.0
0.0
0.0
0.0
0.0
0.0
0.0
0.0
0.0
0.0
0.0
0.0
0.0
0.0
0.0
0.0
0.0
0.0
0.0
0.0
0.0
0.9721282999999766
2.3331605000000075
3.7472665999999992
5.209783699999996
6.716167699999988
8.261815099999993
9.84224120000002
11.452991000000008
13.089728299999972
14.748146599999979
16.424087899999982
18.113512999999994
19.81253120000002
21.51737059999999
23.224407800000023
24.930197600000003
26.6315324
28.325234299999984
30.008422400000004
31.6783643
33.33247609999999
34.96838179999998
36.5838836
38.176932200000024
39.74565650000001
41.28830419999999
42.80330119999998
44.28919219999996
45.74470010000001
47.1686369
48.55984429999999
49.917371900000006
51.24032870000002
52.5278237
53.77914409999998
54.993547400000026
56.17040990000001
57.30916730000001
58.40928499999999
59.47028780000001
60.49173019999999
61.47331520000001
62.414745800000006
63.31581409999998
64.1764607
64.99668559999998
65.77657789999999
66.5164346
67.21658239999998
67.87761529999999
68.50018669999999
69.08515789999996
69.63353869999997
70.1464874
70.62525139999997
71.071286
71.48607620000001
71.87119609999999
72.2282792
72.55898869999997
72.86498779999998
73.15880989999997
73.41506150000001
73.65283969999997
73.874669
74.08351939999997
