6.393180970807468
5.895742212970301
5.372303593243532
4.823543215158456
4.250854878757726
3.6562981550570157
3.042545600268129
2.4127781356229274
1.7706080392922832
1.1199990420746644
0.46516740772977755
0.0
0.0
0.0
0.0
0.0
0.0
0.0
0.0
0.0
0.0
0.0
0.0
0.0
0.0
0.0
0.0
0.0
0.0
0.0
0.0
0.0
0.0
0.0
0.0
0.0
0.0
0.0
0.0
0.0
0.0
0.0
0.0
0.0
0.1420897904759181
1.3082594684403603
2.636990233686074
4.195450338967592
6.146028416876709
9.363989494267466
14.113909812187472
16.235895165564415
17.960452000808566
19.483242673578356
20.878143601900074
22.18248976082313
23.417939878678506
24.598400845294375
25.73302433501771
26.828133471566936
27.88809708017714
28.915959304774443
29.91378073944181
30.88290912765129
31.82414197645512
32.7378586042776
33.624120309997096
34.482732214981
35.31331432802766
36.115347573980564
36.88818608130615
37.63114426501762
38.34348087026489
39.02445446448378
39.673318121430555
40.28936477927026
40.87192559105369
41.420390748258086
41.93420707000229
42.412904000321035
42.85607340127534
43.26339033791743
43.63460168303045
43.96953708013274
44.26809035686529
44.53024604220016
44.756060925978986
44.9456718349094
45.099292201092496
45.217188732961965
45.299726571911236
45.34730745838569
45.36040493930765
45.339511828430894
45.28517461386584
45.19796230407772
45.07841792798536
44.92715257885535
44.74476328317706
44.53183894444876
44.288984510536594
44.016781295617896
43.71579392751861
43.38655074412178
43.0295352629812
42.64516632835687
42.23376576419898
41.79555313603361
41.330605469383215
40.83881978980164
40.31988882764286
39.77321724671707
39.19787736853827
38.592496177824245
37.95511913334547
37.28297041207533
36.57211800075198
35.81686308246727
35.008668487213676
34.13409509869444
33.097467411482924
32.011001680705334
30.677194764367883
27.87517908430351
25.572352292923803
24.301647937592715
23.286776669681394
22.412390094058768
21.631319998012955
20.918559397297226
20.258962815745964
19.64254931283647
19.062363379391574
18.445798546013748
17.849755831750745
17.271786174133023
16.783600838689303
16.316496307124876
15.86915362248824
15.440561007929135
15.029925869169737
14.636657245074382
14.260318569369433
13.900588129364792
13.557266989374586
13.230277707189048
12.91958738195072
12.62525223381723
12.34737904044632
12.086125315924551
11.8416805831583
11.614259098504451
11.404120173435908
11.211520979978475
11.03674720654068
10.880087672929848
10.741851634515656
10.622327687235098
10.52184926659684
10.44070907226748
10.379205584513413
10.337630801103783
10.316254401300395
10.315320809196974
10.335084013689881
10.375758996927631
10.437577026413223
10.520748881036862
10.625484073335185
10.751978810810572
10.900449750973587
11.071139053713027
11.26428775395226
11.48019991355766
11.719217103012966
11.981743999781502
12.268264337681362
12.579356250244203
12.915748271426192
13.27833984752263
13.6682877490976
14.087090825543251
14.536761831359518
15.02003419619363
15.54074763868693
16.10452176111709
16.719982532490768
17.401443294319066
18.17548868238435
19.10303149132327
20.42497789099639
22.908615150444586
23.96359023551211
24.76338723244636
25.436363881378934
26.02668269392806
26.55572933970622
27.035679598316737
27.474111541471185
27.876065058329495
28.24497037066352
28.583259489479477
28.892646384130867
29.174336462691585
29.429161016146946
29.65767746201105
29.860226726196565
30.036974561566893
30.187947785212355
30.313070387882032
30.41214161802367
30.484875681884688
30.530893160413058
30.549713520282307
30.540749499996565
30.50328709223866
30.436476425463958
30.33930919592892
30.21057568438786
30.048819834036777
29.85225112270414
29.618652573904647
29.34518704652828
29.028190012408736
28.662741172645955
28.242022149198647
27.756138121243364
27.189606880878724
26.51548302684102
25.677362907028673
24.49633325452107
21.784785270167262
20.46171051248158
19.450453541744537
18.56347612640905
17.7452155082722
16.96995532309973
16.223288303031993
15.496226920682766
14.78268146780161
14.078359971472551
13.380086558044072
12.685477202039918
11.992679109957926
11.300276779353515
10.607166898928117
9.912533859787914
9.215792347322191
8.516567493444814
7.814666896662552
7.110085836994004
6.402982822001254
5.693667295840373
4.98262354855337
4.270486225836469
3.558038090325592
2.8462324561872787
2.1361583208654293
1.4290831862626465
0.7264003670535953
0.029666592398955346
0.0
0.0
0.0
0.0
0.0
0.0
0.0
0.0
0.0
0.0
0.0
0.0
0.0
0.0
0.0
0.0
0.0
0.0
0.0
0.0
0.0
0.0
0.0
0.0
0.0
0.0
0.0
0.0
0.0
0.0
0.0
0.0
0.0
0.0
0.0
0.0
0.0
0.0
0.0
