0.0
0.0
0.0
0.0
0.0
0.0
0.0
0.0
0.0
0.0
0.0
0.0
0.0
0.0
0.0
0.0
0.0
0.0
0.0
0.0
0.0
0.0
0.0
0.0
0.0
0.0
0.0
0.0
0.0
0.0
0.0
0.0
0.0
0.0
0.0
0.0
0.0
0.0
0.0
0.0
0.0
0.0
0.0
0.0
0.0
0.0
0.0
0.0
0.0
0.0
0.0
0.0
0.0
0.0
0.0
0.0
0.0
0.0
0.0
0.0
0.0
0.0
0.0
0.0
0.0
0.0
0.0
0.0
0.0
0.0
0.0
0.0
0.0
0.0
0.0
0.0
0.0
0.0
0.0
0.0
0.0
0.0
0.0
0.0
0.0
0.0
0.0
0.0
0.0
0.0
0.0
0.0
0.0
0.0
0.0
0.0
0.0
0.0
0.0
0.0
0.0
0.0
0.0
0.0
0.0
0.0
0.0
0.0
0.0
0.0
0.0
0.0
0.0
0.0
0.0
0.0
0.0
0.0
0.0
0.0
0.0
0.0
0.0
0.0
0.0
0.0
0.0
0.0
0.0
0.0
0.0
0.0
0.0
0.0
0.0
0.0
0.0
0.0
0.0
0.0
0.0
0.0
0.0
0.0
0.0
0.0
0.0
0.0
0.0
0.0
0.0
0.0
0.0
0.0
0.0
0.0
0.0
0.0
0.0
0.0
0.0
0.0
0.0
0.0
0.0
0.0
0.0
0.0
0.0
0.0
0.0
0.0
0.0
0.0
0.0
0.0
0.0
0.0
0.0
0.0
0.0
0.0
0.0
0.0
0.0
0.0
0.0
0.0
0.0
0.0
0.0
0.0
0.0
0.0
0.0
0.0
0.0
0.0
0.0
0.0
0.0
0.0
0.0
0.0
0.0
0.0
0.0
0.0
0.0
0.0
0.0
0.0
0.0
0.0
0.3515258999999952
1.7058904499999903
3.045508950000018
4.369534950000034
5.677032899999996
6.967200899999995
8.239014300000026
9.491626650000006
10.72392420000003
11.93501595
13.123699050000011
14.288904300000011
15.429384300000011
16.54393620000001
17.63117894999999
18.689820600000004
19.718346450000016
20.71533090000002
21.67925925000001
22.608527700000014
23.50166610000001
24.357070650000026
25.173315750000018
25.949020349999994
26.68284795000001
27.37395210000001
28.021575450000004
28.625673450000022
29.187048000000026
29.707792949999984
30.19218509999999
30.648243450000024
31.09084770000003
31.548465300000018
32.08034775
32.80517625
33.21490259999999
33.52684170000002
33.74072625000001
33.85606620000003
33.87254970000001
33.7898649
33.607744499999995
33.32614395000004
32.94501870000001
32.46459150000003
31.885218750000014
31.207524149999998
30.43235415000003
29.56082250000003
28.594310250000007
27.53451030000004
26.383427400000024
25.14333360000003
23.816946449999993
22.407117150000026
20.917186950000023
19.350675299999992
17.711547150000015
16.003990200000008
14.232459450000013
12.401721750000027
10.516811250000003
8.582851200000018
6.605232150000008
4.589478300000015
2.541158400000037
0.4658412000000065
0.0
0.0
0.0
0.0
0.0
0.0
0.0
0.0
0.0
0.0
0.0
0.0
0.0
0.0
0.0
0.0
0.0
0.0
