21.667010023426393
21.673431196167112
21.648111827911798
21.590883433458025
21.501589108226483
21.380012836377183
21.22584685773372
21.038471503932136
20.81679610754855
20.558916805924326
20.26137623103947
19.91804460261241
19.516991660834222
19.031460407779058
18.376214190089023
16.8849699550499
16.157220587678516
15.636454402147509
15.205114402755335
14.830239459407412
14.496863870962985
14.196650004065223
13.92440049602348
13.676498697242138
13.450337635916618
13.243880567992203
13.055496720053931
12.883823633382836
12.727682980212137
12.586078999541744
12.458056233937604
12.34272792517592
12.239276045717673
12.146903689243572
12.064861954240941
11.992436887762604
11.92893021795979
11.873638421027538
11.825910444114072
11.785068644111913
11.750433599374796
11.721352884333848
11.69712813481743
11.677061385056886
11.660463752567743
11.64663903574063
11.634896920712288
11.624544578925448
11.614930174670265
11.60535520240497
11.595141923953005
11.583614346176802
11.570105716822717
11.553931325913423
11.53441904147039
11.510919330467184
11.482794921692705
11.449408140453464
11.410140859503539
11.364421116494945
11.311656437990628
11.251337045680922
11.182975187193055
11.106069922114225
11.020180916822222
10.924845134722682
10.819681231053908
10.704276700747698
10.578333487893222
10.441597033458288
10.29383528355124
10.134932946105085
9.964801559666352
9.78344054466995
9.590884396000492
9.387212957792915
9.172576897640838
8.947183175878466
8.711255422743548
8.465028815598188
8.20877932290131
7.942766330206417
7.66726269576762
7.3825296556650635
7.088837926594076
6.786502612074191
6.475817840121342
6.157152757174753
5.830831521218319
5.497247910302891
5.156785044936544
4.809872858423115
4.456961539631341
4.09850504954607
3.734980204090818
3.3669149509348304
2.9948142945842076
2.619251982918015
2.2407828626984405
1.8599516324904264
1.477336297885463
1.0934689689893946
0.7089136313877816
0.32423409533442965
0.0
0.0
0.0
0.0
0.0
0.0
0.0
0.0
0.0
0.0
0.0
0.0
0.0
0.0
0.0
0.0
0.0
0.0
0.0
0.0
0.0
0.0
0.0
0.0
0.0
0.0
0.0
0.0
0.0
0.0
0.0
0.0
0.0
0.0
0.0
0.0
0.0
0.0
0.0
0.0
0.0
0.0
0.0
0.0
0.0
0.0
0.0
0.0
0.0
0.0
0.0
0.0
0.0
0.0
0.0
0.0
0.0
0.0
0.0
0.0
0.0
0.0
0.6030458770763721
1.4942788322913612
2.5529692773988373
3.9648836796541946
7.134854329155998
8.678710871259762
9.803509322709388
10.761754862819874
11.625276247830053
12.427094069601148
13.185745828097403
13.912906892920043
14.616508651667298
15.302213337242263
15.974204672811517
16.63571204162923
17.289164720590254
17.93651227113499
18.579254009699596
19.218526340471474
19.855192049077875
20.489862650847797
21.122949575505636
21.754685545545662
22.385138575989544
23.014245392062705
23.641841934827973
24.267599956301265
24.891153984656473
25.512015081283707
26.1296295592621
26.7433450883672
27.352502505193918
27.956338513302555
28.554100470102647
29.14499390836569
29.728203254325113
30.30289868407891
30.868277344416967
31.423488929700603
31.96772036732591
32.50014919556336
33.01995621310099
33.52634016756635
34.01848075957519
34.49558656357162
34.95687286518009
35.40157588191867
35.82891160223214
36.23816015314349
36.628576906629576
36.99942664023042
37.34998648588619
37.679558546132384
37.98744666354888
38.272969257415895
38.53545307741142
38.774275081164106
38.988796431035226
39.17840457704854
39.342524127450226
39.48055351753009
39.591969761750704
39.67622677706488
39.73283661804995
39.76133502129455
39.76127111576994
39.73221632365043
39.67377771551211
39.58558293702334
39.46724180166291
39.31841497228227
39.13875771717838
38.927923524363514
38.68554879254728
38.411240971084666
38.104576132567225
37.76503145575043
37.39201778824093
36.984842664053794
36.54264764123734
36.06441849674335
35.548920647543426
34.99464187712269
34.39968472510389
33.76165204923246
33.07746649243602
32.34307478771242
31.552988018260706
30.699515309835604
29.77135113568104
28.750813574501564
27.607334102437335
26.279325529852805
24.597135930792184
20.67238364269177
18.27011778248395
16.721779883207326
15.452351773237801
14.339967062757303
13.332870740836881
12.403367784125294
11.534674114259799
10.715786611981189
9.939108092262938
9.19916293449539
8.491949239077643
7.8144511752699835
7.164354187600688
6.539865554721228
5.939558295119587
5.362301750405441
4.807201152498204
4.273505573546556
3.7605946716001917
3.267958321274037
2.795102305617679
2.3416016485426736
1.9070569020493622
1.4910925909521688
1.0933326880568426
0.7134173880852108
0.3509815707866324
0.005655923885839229
0.0
0.0
0.0
0.0
0.0
0.0
0.0
0.0
0.0
0.0
