42.132410444794125
42.53721033579164
42.971099856865685
43.433550244529734
43.92307089790404
44.43729239946636
44.973029344893845
45.526436998136916
46.0933162129442
46.66819738385273
47.24654436720039
47.822810822397734
48.39155032943689
48.947321794726776
49.48477863518187
49.998755170851645
50.484269261151965
50.93661228183137
51.351381466779756
51.7244505628867
52.05200978013241
52.33055003444667
52.55687513575668
52.72804047526496
52.84139496551208
52.89443755404272
52.884919909655466
52.8107436245992
52.66990323739624
52.460436326039925
52.18040392266835
51.82775167755935
51.40033380981789
50.89567680999104
50.3110132913055
49.6429438555541
48.88734909083301
48.03907770356202
46.69614885689025
45.64972676996592
44.48729114425941
43.19214797658209
41.739210273097825
40.08774019807918
38.16274209595803
35.789233435922924
32.1404885515628
25.903581730681942
23.198633637583903
21.046825141529236
19.164755115664523
17.44767506223298
15.842866698376096
14.319488783917738
12.857721015893247
11.444148109270937
10.06925105910424
8.7261753079793
7.409438832353951
6.116642532654891
4.843759188963748
2.5819002465884853
0.41713497902282026
0.0
0.0
0.0
0.0
0.0
0.0
0.0
0.0
0.0
0.0
0.0
0.0
0.0
0.0
0.0
0.0
0.0
0.0
0.0
0.0
0.0
0.0
0.0
0.0
0.0
0.0
0.0
0.0
0.0
0.0
0.0
0.0
0.0
0.0
0.0
0.0
0.0
0.0
0.0
0.0
0.0
0.0
0.0
0.0
0.0
0.0
0.0
0.0
0.0
0.0
0.0
0.0
0.0
0.0
0.0
0.0
0.0
0.0
0.0
0.0
4.073490872857925
6.636702927173185
8.293873212776148
9.684281997228663
10.943593973162969
12.131114921293573
13.279679996302264
14.40987978294486
15.535525635870727
16.666201279471114
17.808599233172036
18.96733911671834
20.14527924514176
21.3440598873395
22.564172974978238
23.805173697612105
25.065817112011175
26.34418189176351
27.63782759808771
28.94367794237478
30.258492928105518
31.57867426021515
32.90044421340108
34.21988401213165
35.53307584720129
36.8361722087127
38.12531015962063
39.39683891817154
40.647253584818586
41.87327293412221
43.071804509116035
44.23999098570294
45.37518705810958
46.47509923389573
47.53770960696566
48.56121795831898
49.544083230325484
50.48498199006288
51.38281690533118
52.23670380812073
53.04596291510576
53.81009038361891
54.528752137215896
55.20177779812498
55.82915409913198
56.4109560551599
56.9474008035093
57.43880327826228
57.885577482069635
58.28822210416456
58.64732047671879
58.9635460414319
59.23763871820644
59.47039256936653
59.66268506162758
59.81543352005376
59.92964102133475
60.00623744698547
60.046321163043515
60.050969555100295
60.02133284945252
59.95857172508188
59.8638340617703
59.73825380115275
59.58297644679952
59.399184614313995
58.518346069094086
58.24681979672129
57.951278230146215
57.63295249963286
57.293043878365566
56.932689359186426
56.55297497708402
56.154922576654805
55.739498220355955
55.307603275733335
54.860089438237424
54.39774085102444
53.92132612290617
53.431539511713865
52.92904197602277
52.41445101489029
51.88833753898861
51.35123739035396
50.80363210394824
50.245951477489896
49.67858620546002
49.10181996084866
48.51588520156763
47.92093192104203
47.31700691492953
46.70401009336901
46.08167625626391
45.449545012723945
44.80681685405285
44.15234197600808
43.48436407181897
42.80029617946106
42.09624030293364
41.36618797798873
40.600272673217425
39.78091387554781
38.871807625889716
37.77116217369499
35.3575471716894
33.97352065239102
33.11988424294697
32.45851862972188
31.91370578192865
31.45226972699409
31.055993079946052
30.7135043466888
30.417164950385082
30.161584781935247
29.94279142878566
29.757782910852107
29.60425486798652
29.480396709202353
29.384747955888386
29.316161256480385
29.27372539308348
29.256732576345208
29.26462548907765
29.29703632729307
29.353658310964235
29.434338388070913
29.538972733667386
29.66759024948745
29.820268412211995
29.997208913715316
30.19876045878062
30.425377895819135
30.67783171816386
30.95716228198968
31.264989162068524
31.603730086990414
31.977240491010818
32.39181552271264
32.8587012388108
33.400822224083555
34.08061688347807
35.602742934926276
36.578108521715116
37.17056857796611
37.6376202248975
38.02823979199465
38.36216583119305
38.64934507287978
38.89532086258924
39.103357722400816
39.27538588304298
39.41247934889992
39.51521528857898
39.58382723585206
39.6183356493013
39.61861593849849
39.58452057512422
39.51584395552287
39.412382752860346
39.2738870573868
39.100072886654424
38.89049970388858
38.64439795522479
38.36036300928505
38.03572505414391
37.665041448963834
37.23646338027681
36.718906355877564
35.96555898541548
34.670509390959644
34.14660275042164
33.77391994904459
33.49287490382256
33.28351461917838
33.13719367721767
33.049918210127544
33.02012737675315
