51.60783650000001
50.67178159999999
49.70950160000003
48.718412600000015
47.69590099999998
46.63941259999996
45.54657140000001
44.41514990000001
43.24333639999999
42.029645900000006
40.7730686
39.473099599999976
38.129798300000004
36.74381809999999
35.31637669999999
33.84931549999999
32.34506989999999
30.806609899999994
29.237469800000003
27.64156999999996
26.023424899999988
24.387816200000003
22.739881999999987
21.085027700000015
19.428807200000026
17.77692289999998
16.135136599999978
14.509239799999992
12.904905199999973
11.327656999999983
9.782930299999975
8.275892899999986
6.811415600000001
5.39416129999998
4.028347399999994
2.717983399999967
1.4666036000000071
0.27744530000000395
0.0
0.0
0.0
0.0
0.0
0.0
0.0
0.0
0.0
0.0
0.0
0.0
0.0
0.0
0.0
0.0
0.0
0.0
0.0
0.0
0.0
0.0
0.0
0.0
0.0
0.0
0.0
0.8949082999999893
2.235358399999984
3.641178200000006
5.108625500000006
6.633809600000014
8.212602199999989
9.8408453
11.514173000000012
13.228159999999976
14.978202799999988
16.75969789999998
18.56795269999998
20.39827459999998
22.24591159999999
24.106200799999964
25.974449600000018
27.846054499999994
29.71650109999998
31.581393799999983
33.43639639999997
35.27738059999998
37.1003369
38.901434000000016
40.6770485
42.423646100000006
44.13804889999998
45.817168099999975
47.458211899999995
49.05853700000001
50.61579709999999
52.127794399999985
53.592628099999956
55.00857560000003
56.37415189999998
57.68802049999998
58.94917159999995
60.15671419999998
61.30999489999999
62.40853850000002
63.45207769999998
64.44055309999996
65.37405379999998
66.2528768
67.07749729999998
67.84853899999996
68.56686320000001
69.23347970000002
69.84960620000001
70.416698
70.93647769999997
71.41096490000002
71.84259499999997
72.23430829999997
72.58969850000001
72.91339879999998
73.21960580000001
73.49150929999996
73.75536410000004
74.02275319999998
74.13620719999999
74.19982460000001
74.2154765
74.1848855
74.1098039
73.99183549999997
73.8325841
73.63362380000001
73.3965287
73.0930145
72.78950029999997
72.48598609999996
72.098906
71.6793935
71.2289039
70.7489816
70.24111159999998
69.70683830000002
69.14770609999998
68.56525939999997
67.96101289999999
67.3365704
66.69350599999999
66.03339379999997
65.35783759999998
64.6684709
63.96689749999996
63.25472120000001
62.53363489999997
61.80524239999997
61.07120689999999
60.33316189999998
59.592770599999966
58.851577400000004
58.1113049
57.37349749999996
56.63972929999999
55.91160409999999
55.190666300000004
54.478371200000005
53.776263199999995
53.08570849999999
52.408132699999996
51.7448723
51.097234099999966
50.46640610000001
49.85357629999997
49.25990299999998
48.68636630000001
48.133976
47.603652799999985
47.096228299999986
46.61250439999999
46.1531345
45.71880169999998
45.31004060000002
44.92735610000002
44.57116399999999
44.2418207
43.939593499999994
43.66469029999998
43.41725959999999
43.19736079999999
43.00499390000001
42.8400698
42.702439999999996
42.591955999999996
42.45480140000002
42.344584699999984
42.282719600000014
42.263503699999994
42.28248199999998
42.33600139999996
42.4209434
42.534575599999975
42.674522
42.838525400000016
43.02447709999999
43.23041689999998
43.4544143
43.69459819999997
43.9491569
44.216308399999996
44.49427069999998
44.7812915
45.07570759999996
45.37576669999999
45.679805600000016
45.986190800000024
46.29331850000001
46.5996443
46.903623800000005
47.203801699999985
47.4987821
47.78725820000002
48.067982599999986
48.33985640000001
48.601899499999995
48.85328029999998
49.09346419999999
49.322124500000015
49.53929089999999
49.745527700000025
49.942082299999996
50.1311822
50.316569600000015
50.50418450000001
50.651021299999975
50.72298439999999
50.7650396
50.77561279999998
50.7533378
50.69672960000001
50.604392299999994
50.4750488
50.30730320000002
50.0999378
49.8516755
49.561357999999984
49.227797300000006
48.849894500000005
48.42655070000001
47.956756099999964
47.439530599999976
46.8739535
46.25913380000001
45.59432899999997
44.878856000000034
44.112061399999995
43.2934997
42.4228145
41.49973849999999
40.52424200000002
39.496384400000025
38.41649240000001
37.2850412
36.10274360000003
34.870549999999994
33.58961869999998
32.26146440000001
30.887809699999977
29.470674199999998
28.012374499999986
26.51555389999999
24.983123000000003
23.41825969999998
21.824468600000014
20.205491899999988
18.565339099999996
16.908168200000002
15.238404500000021
13.560562400000011
11.879304800000012
10.199294599999988
8.525254099999959
6.861786799999994
5.213436799999974
3.584540300000008
1.979225599999973
0.4012349000000009
0.0
0.0
0.0
0.0
0.0
0.0
0.0
0.0
0.0
0.0
0.0
0.0
0.0
0.0
0.0
0.0
