0.0
0.0
0.0
0.0
0.0
0.0
0.0
0.0
0.0
0.0
0.0
0.0
0.0
0.0
0.0
0.0
0.0
0.0
0.0
0.0
0.0
0.0
0.0
0.0
0.0
0.0
0.0
0.0
0.0
0.0
0.0
0.0
0.0
0.0
0.0
0.0
0.1714006076664907
1.2008142273719864
2.2888114816280565
3.4553096017628993
4.738201127842727
6.226193374370364
8.280532901628856
11.998642620479625
13.51311009985331
14.618447298045176
15.509226269745234
16.25264865086255
16.881160283104613
17.412959169754764
17.859104984394605
18.2265301564968
18.51961778690733
18.740970030923293
18.89192962696776
18.97279461728066
18.98303568233009
18.92130226903703
18.785394141703055
18.57216212177549
18.277239744895297
17.89449412014246
17.41523436450635
16.82646151469665
16.107406157589935
15.221006092154598
14.08737935713275
12.43919483728317
8.689542399554567
6.886886431054318
5.484986558404271
4.250636439966493
3.1140936411589277
2.0441109917593328
1.0241643054891312
0.044753068229213114
0.0
0.0
0.0
0.0
0.0
0.0
0.0
0.0
0.0
0.0
0.0
0.0
0.0
0.0
0.0
0.0
0.0
0.0
0.0
0.0
0.0
0.0
0.0
0.0
0.0
0.0
0.0
0.0
0.0
0.0
0.0
0.0
0.0
0.0
0.0
0.0
0.0
0.0
0.0
0.0
0.0
0.0
0.0
0.0
0.0
0.0
0.0
0.0
0.0
0.0
0.0
0.0
0.0
0.0
0.0
0.5141338935805447
2.3881342178180547
5.010572990009894
6.18573969599713
7.133009758333477
7.966673136532327
8.731931538408668
9.453144992846674
10.145016303851516
10.817423719184577
11.477400118978704
12.130130150991821
12.77947451675356
13.428417538032866
14.0792130985446
14.73355296008565
15.39267645818298
16.057423487493327
16.728324232716883
17.405609980315226
18.089190808187723
18.778831455494828
19.474060244989495
20.174240871598645
20.87855722627429
21.58604326633565
22.295593300610605
23.005962693069623
23.715785406509408
24.423638419768853
25.12785565436245
25.826819204347466
26.51881471296465
27.202061872851953
27.874746415466163
28.535012778600617
29.181038151662015
29.810982273165777
30.422932852595828
31.015158065279145
31.58584474274374
32.13324481668049
32.65568618291354
33.15154207474174
33.61927056478004
34.05737582438159
34.46444980679094
34.83916412154491
35.18027324366784
35.48658918748925
35.75703942298277
35.990622667803144
36.18644248763568
36.34366977407372
36.46157348372655
36.53949690845665
36.57687527628635
36.573215605982035
36.52810065664876
36.44116424259529
36.31211610948683
36.1410237888572
35.92670303826338
35.669960842456135
35.370294480262146
35.02753808208307
34.641499266690964
34.21195010151668
33.73854428163888
33.22087224845267
32.658311179382906
32.050021704664836
31.394874475131402
30.691266879419338
29.93702626830182
29.129091641658427
28.263152106107153
27.332941107412076
26.329069938503302
25.23668280747217
24.030459311792818
22.661374252567004
21.009525002648612
18.48177604816872
14.314027029687647
12.537229351856297
11.15483984501182
9.978463626320792
8.93782157260981
7.9974989151185785
7.1368644347664745
6.342742489319888
5.606252414177634
4.921138365270096
4.282828787487734
3.687978599705059
3.134023109208897
2.6190256564597325
2.1414944020168853
1.700244184136535
1.2943790825461132
0.923166022243363
0.5860543402517624
0.2825896012795954
0.012434097095523382
0.0
0.0
0.0
0.0
0.0
0.0
0.0
0.0
0.0
0.0
0.0
0.0
0.0
0.0
0.0
0.01017617281232333
0.26305460364074407
0.5428055292719284
0.8488116893537858
1.1804316352667206
1.5370011400623707
1.9178365407939226
2.3222681711749407
2.749624712351501
3.199264142877546
3.6705598324594755
4.163052927098557
4.676333975540402
5.210242257293536
5.764928477561185
6.341051012125899
6.94011015945817
7.564964930544686
8.221051001414661
8.918868432832987
9.681081912618717
10.569670600568172
12.155524114131747
13.656891322311695
14.334167717706425
14.818530279311979
15.183920341465903
15.460372891882429
15.66378857446577
15.803894462279441
15.887280525981375
15.91877043655991
15.902233293298348
15.840915186710296
15.73773423254774
15.595414836519485
15.41657765154796
15.203791413437129
14.959503141479146
14.685957028269236
14.38501259312184
14.057569369497166
13.702148022539532
13.310434932958888
12.842538803471388
11.957888625616967
11.620978036709936
11.46084055908081
11.412287411264707
