34.28176766642964
34.362881069946425
34.35571374240533
34.259746257996696
34.07388751632198
33.796036754493514
33.42251117534881
32.94658801237179
32.355532235404134
31.623312381411438
30.68681277915679
29.3008579525913
26.390116327637486
25.083246379929015
24.0821154995936
23.231492501599796
22.481939409732323
21.81076262549282
21.20571531129413
20.659413228036506
20.16711276880315
19.72555831954289
19.33239033571511
18.985815355918383
18.684406683242685
18.426942760341905
18.212359610972857
18.039690970150936
17.908033514684323
17.816517857102475
17.764354436554047
17.750764031010675
17.77502928443434
17.836448748963306
17.9344315444362
18.06840862687581
18.237922084678356
18.442625857990368
18.68229559309873
18.956900652530674
19.26668810091353
19.612243744347136
19.994647446791756
20.415677959987267
20.878147517085814
21.38649276301426
21.94785411299565
22.5742803781735
23.28813941134939
24.138915180020156
25.29533686463344
27.73716487580743
28.820507678233305
29.60880566395019
30.26073036447809
30.8246507136857
31.322605511623888
31.76652046868525
32.163521070872
32.518008509572525
32.83283589494869
33.10982708805965
33.35014116140445
33.554429782442966
33.7230120915765
33.85593291018249
33.952976569428756
34.01378228670481
34.03778205069208
34.02424615128438
33.972264712148295
33.88069052179995
33.74811736482502
33.57276497450531
33.3524309361262
33.08419030834607
32.76419022391923
32.387040336361906
31.944841613276395
31.42523853137181
30.806870204020484
30.046596959935158
29.02445210504291
26.516082699771765
25.044287355954218
24.02857726753119
23.166481629687386
22.38962880608378
21.66911429420309
20.989731060142546
20.342472319322816
19.721595036750927
19.123276851413767
18.5448833770592
17.98456564939564
17.440981863078694
16.913179084275573
16.40045764471808
15.902285614752092
15.418309713847965
14.94825186565635
14.491933645739005
14.049219808909363
13.620006596189032
13.204241465990272
12.801867924499668
12.4128443896874
12.03714766929938
11.674707165493665
11.325481605723581
10.989380061713096
10.666303708037814
10.356098926336198
10.058625462966077
9.773692604040273
9.501088605805757
9.24059668563091
8.991963193648779
8.754952102296603
8.52925924282886
8.314585949247471
8.110585386584729
7.916872600209187
7.733050317557838
7.558677425322617
7.393263534941573
7.236281810764777
7.087169761560974
6.945319834889646
6.81011130091958
6.6808956300416735
6.557012715996185
6.437798473305969
6.3226122405664
6.210809709152968
6.101745495943733
5.994813858448571
5.889381630444423
5.784886228847412
5.680763077488589
5.576490426659593
5.4715771320748035
5.365559986821193
5.258011070423678
5.14851897774691
5.036702497168055
4.922201717067665
4.804681763626142
4.683830306806247
4.5593389018964885
4.4309483696807765
4.298436489631252
4.161573654080164
4.020196820345843
3.8741521592236827
3.7233240361124227
3.5675967086629337
3.4068767694485924
3.2410835803257565
3.0701109897502112
2.8938529541055127
2.7121813837864934
2.5249399642645938
2.331982723517575
2.1331516302774083
1.9283052919385808
1.7173253296148379
1.5001124961428571
1.2766024749241591
1.046777587381639
0.8106497934776029
0.5682945855026071
0.3198746422771671
0.06558050569999067
0.0
0.0
0.0
0.0
0.0
0.0
0.0
0.0
0.0
0.0
0.0
0.0
0.0
0.0
0.0
0.0
0.0
0.0
0.0
0.0
0.0
0.0
0.0
0.0
0.0
0.0
0.0
0.0
0.0
0.0
0.0
0.0
0.0
0.0
0.0
0.0
0.0
0.0
0.0
0.0
0.0
0.0
0.0
0.0
0.0
0.0
0.0
0.0
0.0
0.0
0.0
0.0
0.15440187274506115
0.7429785449982547
1.3676612035674691
2.0350582656694156
2.755388468552269
3.545387564957259
4.435854069320017
5.495702649924255
6.9845636677603125
9.869406800571939
11.112346504651793
12.057509396722681
12.861876633511384
13.57915882973916
14.235818077157784
14.847312290187064
15.423693293658653
15.971951124550515
16.49722140291132
17.00342340159321
17.493620072383692
17.970294603776615
18.43545239013243
18.890741398998376
19.337554712601897
19.77702118071456
20.210094850478132
20.637526397277973
21.059949219576325
21.477851285463288
21.891590813462233
22.301404115420162
22.70744007428808
23.109692524617515
23.508089589411302
23.90246329232184
24.292529262851467
24.677967150257025
25.058374171416116
25.4333299939346
25.80236315173685
26.164966575260948
26.520632833908067
26.86880178996448
27.208935797565484
27.540488869022255
27.86295417989635
28.17585488195663
28.47878101198151
28.7713833153158
29.053417001224346
29.324723084033646
29.5852223064076
29.835011426994356
30.074276710215464
30.303332423686452
30.522624568101183
30.732720446068285
30.93431354024154
31.12823244835209
31.31543166004611
31.496944843706128
31.673931132639282
31.847592619899263
32.01919779370725
32.19003720260674
32.36166662990233
32.53449080131899
32.710558936503986
32.890674082883514
33.0757796938147
33.266631237313895
33.46377846610091
33.66751873747828
