0.0
0.0
0.0
0.0
0.0
0.0
0.0
0.0
0.0
0.0
0.0
0.0
0.0
0.0
0.0
0.0
0.0
0.0
0.0
0.0
0.0
0.0
0.0
0.0
0.0
0.0
0.0
0.0
0.0
0.0
0.0
0.0
0.0
0.0
0.0
0.0
0.0
0.0
0.0
0.0
0.0
0.0
0.0
0.0
0.0
0.3493913453752509
1.9501980160696473
5.197032767035877
6.652914220410764
7.781813920733933
8.769304940010395
9.67809869301992
10.53924284866018
11.371168380846997
12.186040162958417
12.99245702128237
13.796842078033922
14.604105743531436
15.41811955555178
16.241961220544372
17.077966853847318
17.928078371183577
18.793717871850827
19.6759204881541
20.575365830153377
21.49242177578083
22.427148083948342
23.37933450829177
24.348551838988676
25.33399959544829
26.33479585544244
27.349827797672063
28.377780803776908
29.41716538728579
30.46636375011785
31.52362512524152
32.58713739216758
33.65478358429343
34.72468444037228
35.79470449764379
36.86272711670047
37.92660472971538
38.98415736849403
40.033222521760116
41.071662199177155
42.09733518502911
43.108132844646384
44.101966608719536
45.07679175404921
46.03062126923946
46.961458189926226
47.86773911182632
48.74643888285922
49.596884003905245
50.41690361779649
51.20476007619513
51.95874107402334
52.67721517905578
53.35856119256061
54.00121292054922
54.603659582898615
55.16442413831352
55.68208994011903
56.15527493773028
56.582635851986055
56.96286067737911
57.294670833839916
57.576815502126806
57.808048677603665
57.9871495696516
58.11290270267837
58.18412437911394
58.199482965300206
58.15783538070479
58.0579180847336
57.8983914339273
57.67789476208419
57.39492709554953
57.04789538141041
56.63499430718656
56.15420796883629
55.60325518858315
54.97939029665784
53.71891927840795
52.93050582551367
52.06179234700749
51.10742517148857
50.06053697095922
48.912218519464915
47.650444433100525
46.258572568273735
44.712324826390216
42.97375932486723
40.976797824005295
38.58227985864747
35.331522658393055
28.24853845204467
24.9800298396714
22.54695110702622
20.46743621795722
18.593705273974308
16.856590325063983
15.217272095469088
13.6516569397287
12.143781207794852
10.682722799244303
9.260778393555299
7.872555523128953
6.514267556000503
5.183405255853113
3.8776096748944493
2.5982220012653787
1.3427849968958379
0.11219475616623754
0.0
0.0
0.0
0.0
0.0
0.0
0.0
0.0
0.0
0.0
0.0
0.0
0.0
0.0
0.0
0.0
0.0
0.0
0.0
0.0
0.0
0.0
0.0
0.0
0.0
0.0
0.0
0.0
0.0
0.0
0.0
0.0
0.0
0.0
0.0
0.0
0.0
0.0
0.0
0.0
0.0
0.0
0.0
0.5132331025127792
3.6163488690732484
10.74904228430947
14.53449496789776
17.18810666813674
19.442390377834016
21.477517664474323
23.37303892262288
25.172481532856185
26.902397214530744
28.580010883032124
30.21674914952799
31.82016468263491
33.3950679744333
34.944246519087784
36.46890838844374
37.969083897959095
39.44383696555626
40.89150643135618
42.30988950838616
43.696318524827326
45.04785715228003
46.36136284635669
47.633932352767516
48.8609940691761
50.04050962652808
51.16895172580495
52.24331493908585
53.26077599102304
54.218665409307185
55.114552867845774
55.94657480687115
56.711799695736126
57.409488152351514
58.03785603823458
58.59568961893095
59.08202535387059
59.49611623859272
59.837458233880014
60.1057340306393
60.30084161686753
60.422856129329304
60.47206025501053
60.44869147842162
60.35332396154462
60.18652064231149
59.94896072830783
59.64144704146237
59.264758888801545
58.819648407035814
58.30683406906867
57.7270519541117
56.46825107729431
55.73883201853941
54.94763934633464
54.0950037890278
53.180892803109785
52.20482751533604
51.165695001009354
50.061590835554526
48.889490918080234
47.64480167985654
46.3205886914937
44.906224052970884
43.384826439070146
41.72773712810524
39.88036617518409
37.71370029035733
34.68175110632484
29.09854214271527
26.776993172262017
25.047581526666207
23.619400531663192
22.389658461688498
21.30759107837713
20.3438301481872
19.479724641944664
18.702602154005156
18.00343781970436
17.3754853465463
16.813496746361736
16.31318106608801
15.870847768579786
15.483176344428728
15.146982809597793
14.859102836832072
14.616293450417114
14.41511781592624
14.251896131334862
14.122614417308313
14.022946071840797
13.948214860231936
13.893407022859282
13.853242359718095
13.822095005067414
13.79462167643382
13.764829631859136
13.72728650557233
13.676706215765623
13.608318777330858
13.518026483195133
12.631206143415529
12.485850975064785
