27.61495568006452
28.036688952413996
28.424824940036178
28.777722336613017
29.09383045272404
29.371533584117305
29.609169823648458
29.805046356413925
29.957406604076773
30.064427577043794
30.124270390709903
30.13502624113429
30.094726463143623
30.001367502819495
29.852868756869242
29.647078969269202
29.38176484308029
29.054562651617687
28.662932966899277
28.20413405077062
27.675069830775428
27.07220320271114
26.39128127422367
25.62703380190913
24.7726280529333
23.818714829182117
22.751811428834124
21.550965572902207
20.180302528782022
18.568196695547435
16.52294437939973
11.832267884193772
8.578463047110287
6.579444240478074
4.9464056469638304
3.519253323556719
2.233358508326355
1.0557464680075896
0.0
0.0
0.0
0.0
0.0
0.0
0.0
0.0
0.0
0.0
0.0
0.0
0.0
0.0
0.0
0.0
0.0
0.0
0.0
0.0
0.0
0.0
0.0
0.0
0.0
0.0
0.0
0.0
0.0
0.0
0.0
0.06265979292938936
1.6370455388812595
3.633382393812644
7.131974671790359
11.760536722711997
13.917137488094173
15.697151863359194
17.288478505157713
18.76314016537256
20.15753761323386
21.492688014746296
22.78167630083494
24.03288537417477
25.25166149472457
26.441224535966775
27.603293038856158
28.73834633977078
29.845949744318794
30.924891076000666
31.973352369291433
32.988999371072055
33.96910498339522
34.91060064969898
35.810206625865725
36.66445421478344
37.469736858622404
38.22242810997208
38.91882321874597
39.55527203545644
40.128169357508355
40.63396079364195
41.069219916369356
41.43092739155401
41.71492884463994
41.91903435063728
42.039943830469895
42.07470815608975
42.02046329941143
41.87433630353082
41.63342462979296
41.294716669513925
41.17130707853979
40.31068477770785
39.65774766558213
38.891383505562096
38.00568280378667
36.99308867799392
35.843627070441244
34.54342178810623
33.07232631221994
31.39904526982171
29.47004611780116
27.178598372480415
24.232250246476553
17.306129978692596
13.085789902710605
10.307750681406219
7.993384226305271
5.936653852008219
4.052179181460472
2.2958257429902678
0.6420290713992154
0.0
0.0
0.0
0.0
0.0
0.0
0.0
0.0
0.0
0.0
0.0
0.0
0.0
0.0
0.0
0.0
0.0
0.0
0.0
0.0
0.0
0.0
0.0
0.0
0.0
0.0
0.0
0.0
0.0
0.0
0.0
0.0
0.0
0.0
0.0
0.0
0.0
0.0
0.0
0.0
0.0
0.0
0.0
0.0
0.0
1.5583041077150188
4.67392057372074
9.443554951958497
11.489095937440359
13.103371182410129
14.495806275391509
15.745120705612496
16.89091840741422
17.956005630777156
18.954600531759077
19.895806446392214
20.785524216320724
21.627448180565327
22.423730987956276
23.175378520515125
23.8825736561841
24.544847769364594
25.16140166835442
25.730822719451808
26.251775482857354
26.722671588305065
27.141830638208205
27.50760659603435
27.818385397597446
28.072593494002682
28.268785698569566
28.40562477701512
28.481902276918575
28.496564239425716
28.448690690342943
28.337531374263193
28.162443416639434
27.92292429621052
27.61852418488671
27.248856585328305
26.81351099494938
26.312031301146106
25.743829546132062
25.108020888519437
24.40327439285288
23.627534245975276
22.777559913627275
21.84822073833307
20.831149700014358
19.71214154192478
18.465320947751
17.03714825896499
15.28440294607741
11.714437764901827
8.554068314530891
6.89585084966156
5.598663795082402
4.510829902209407
3.572510974707263
2.753339586867419
2.0358796487231348
1.4093411297860519
0.8668034195348594
0.40372383105663173
0.017125662508058213
0.0
0.0
0.0
0.0
0.0
0.0
0.0
0.0
0.0
0.23633495503688778
0.6926504309622477
1.242448756215008
1.8949250829587105
2.6639487562812314
3.5719494582479756
4.658928590161167
6.00976729679475
7.891546275186215
12.18589290965806
14.262965868205287
15.82098631905166
17.17016424773309
18.39693475104641
19.539008785578716
20.616056915334497
21.63918463362731
22.614907392525016
23.546891286432523
24.437011177026086
25.285895548559246
26.093279488723418
26.858250067324583
27.57939338312766
28.254965089675004
28.88293834110476
29.461182601566406
29.987440392490292
30.459515933912613
30.875299456133142
31.232863977808446
31.53056385757536
31.76707326809809
31.94151542662403
32.0535191740257
32.103304871663404
32.09175282469414
32.020481968600905
31.89193147249985
31.70940890441013
31.47719329343478
31.20058283461309
30.886001417036432
30.540984526519857
30.174251030910874
29.795674217741237
29.41624251931203
29.047911682227564
28.703459228922917
28.396096160932565
28.13908815853345
27.94509244634599
27.82543524664804
27.789416546198137
27.843503864609417
