0.0
0.0
0.0
0.0
0.0
0.0
0.0
0.0
0.0
0.0
0.0
0.0
0.0
0.0
0.0
0.0
0.0
0.0
0.0
0.0
0.0
0.0
0.0
0.0
0.0
0.0
0.0
0.0
0.0
0.0
0.0
0.0
0.0
0.0
0.0
0.0
0.0
0.0
0.0
0.0
0.0
0.0
0.0
0.0
0.0
0.0
0.0
0.0
0.0
0.0
0.0
0.0
0.0
0.0
0.0
0.0
0.0
0.0
0.0
0.0
0.0
0.0
0.0
0.0
0.0
0.0
0.0
0.0
0.0
0.0
0.0
0.0
0.0
0.0
0.0
0.0
0.0
0.0
0.0
0.0
0.0
0.0
0.0
0.0
0.0
0.0
0.0
0.0
0.0
0.0
0.0
0.0
0.0
0.0
0.0
0.0
0.0
0.0
0.0
0.0
0.0
0.0
0.0
0.0
0.0
0.0
0.0
0.0
0.0
0.0
0.0
0.0
0.0
0.0
0.0
0.0
0.0
0.0
0.0
0.0
0.0
0.0
0.0
0.0
0.0
0.0
0.0
0.0
0.0
0.0
0.0
0.0
0.0
0.0
0.0
0.0
0.0
0.0
0.0
0.0
0.0
0.0
0.0
0.0
0.0
0.0
0.0
0.0
0.0
0.0
0.0
0.0
0.0
0.0
0.0
0.0
0.0
1.6843728000000306
3.7205751000000213
5.792595600000018
7.895400150000009
10.023731849999994
12.172244699999993
14.33545905000004
16.507806150000008
18.68367270000001
20.85735630000002
23.02315455
25.17554325
27.308864550000017
29.41768335000002
31.496653650000034
33.54051855000002
35.54428845000001
37.50301830000001
39.412164000000004
41.267181450000024
43.063972050000004
44.79857085000002
46.46732474999999
48.066847949999996
49.59402195000001
51.03454620000001
52.35941865000003
53.60566035000002
54.77189025
55.857172800000015
56.86101795000002
57.783559350000004
58.62564345
59.389185900000015
60.07757250000003
60.69637200000001
61.25476170000001
61.76855685000001
62.26631400000001
62.80514625000002
63.516342449999996
64.01156025000002
64.29921960000001
64.45665930000003
64.4937249
64.41870270000004
64.23872070000002
63.960238649999994
63.58895895
63.13022760000004
62.58912330000001
61.970501999999996
61.279041450000015
60.51941940000002
59.69617995000002
58.81395630000001
57.87733710000002
56.89095555000003
55.85944485
54.787438200000025
53.67970245000001
52.540915350000006
51.37593285000002
50.194362900000016
49.01279295
47.831223
46.46790390000001
45.10565400000003
43.750665749999996
42.408775200000036
41.08581840000001
39.78731955000003
38.51844645000001
37.28414415000002
36.08895675
34.936893750000024
33.831608250000016
32.77612965
31.772863650000026
30.823547699999985
29.92907280000001
29.089438950000034
28.30357695000003
27.56912565000001
26.882209200000013
26.23681335000002
25.430770200000005
24.922900199999987
24.762119250000012
24.82261815
25.051382399999994
25.421771100000033
25.918503600000026
26.531823450000026
27.254647199999994
28.081361550000025
29.007155100000034
30.027483750000005
31.137937050000033
32.33397090000001
33.610952100000006
34.96398015000001
36.387798150000016
37.87688190000003
39.42548445000001
41.027368800000005
42.67603065
44.36465385000002
46.08611040000001
47.83300500000003
49.59763050000002
51.34688625000001
53.05822995000001
54.76039634999999
56.44536645000001
58.10521035000002
59.732131800000005
61.31851275000002
62.857046999999994
64.34087384999998
65.7633999
67.1187891
68.40169545000003
69.60748575000004
70.73241780000001
71.7736404
72.72932700000004
73.59889845000001
74.3832903
75.08499735000001
75.70869735000001
76.26174105000003
76.75495410000002
77.20397355
77.6314308
78.06953550000001
78.56395140000004
78.78852795000003
78.89919015000002
78.91986135000002
78.86515395
78.74825475
78.581415
