0.0
0.6490308000000026
1.8290266500000112
3.0069732000000027
4.179039150000026
5.3414823000000045
6.490738650000036
7.623199649999993
8.735434949999988
9.82432605000001
10.886665350000024
11.919690750000012
12.920684700000024
13.887196950000009
14.817000000000025
15.708044550000022
16.558637699999995
17.36730929999999
18.132811950000022
18.854388300000007
19.531459200000015
20.164024649999984
20.752574700000036
21.298312200000012
21.80346464999999
22.27159605
22.708453350000017
23.123392050000007
23.531603700000012
23.959773749999997
24.458466449999985
25.021355700000026
25.326879600000016
25.553104500000032
25.70150055000003
25.773404249999995
25.77006300000001
25.69276875000001
25.542590700000012
25.32077625000001
25.02835005000003
24.66651495000002
24.236384700000023
23.739162150000023
23.176005600000025
22.548162450000003
21.85701374999999
21.103806900000002
20.290101150000023
19.417277549999987
18.48693989999999
17.500781100000005
16.46044950000001
15.367816200000036
14.224752300000034
13.033218000000003
11.795262599999988
10.513069049999988
9.188820299999994
7.824788400000038
6.423379050000024
4.9870870500000155
3.5184517499999948
2.020012500000015
0.49448685000001535
0.0
0.0
0.0
0.0
0.0
0.0
0.0
0.0
0.0
0.0
0.0
0.0
0.0
0.0
0.0
0.0
0.0
0.0
0.0
0.0
0.0
0.0
0.0
0.0
0.0
0.0
0.0
0.0
0.0
0.0
0.0
0.0
0.0
0.0
0.0
0.0
0.0
0.0
0.0
0.0
0.0
0.0
0.0
0.0
0.0
0.0
0.0
0.0
0.0
0.0
0.0
0.0
0.0
0.0
0.0
0.0
0.0
0.0
0.0
0.0
0.0
0.0
0.0
0.0
0.0
0.0
0.0
0.0
0.0
0.0
0.0
0.0
0.0
0.0
0.0
0.0
0.0
0.0
0.0
0.0
0.0
0.0
0.0
0.0
0.0
0.0
0.0
0.0
0.0
0.0
0.0
0.0
0.0
0.0
0.0
0.0
1.7483020499999982
3.856408049999992
5.957920650000014
8.049142200000027
10.126419600000018
12.186144300000006
14.224752300000034
16.238813249999996
18.2249859
20.17988444999998
22.100390400000006
23.983429800000003
25.826017800000017
27.62525865
29.378523900000026
31.083140550000024
32.73670290000002
34.33689435000001
35.881576500000016
37.368700050000015
38.79643845000003
40.16305424999999
41.467077300000014
42.707082000000014
43.88199915
44.99089320000002
46.033006800000024
47.00807265000003
47.91595709999999
48.757105650000014
49.53249840000002
50.24387280000002
50.89786680000002
51.469799700000024
51.993217650000005
52.47903539999999
52.945518449999994
53.42572290000001
53.98478085000001
54.66069345000003
55.02034560000004
55.27062749999999
55.417687050000026
55.46664750000002
55.42205295000001
55.28786835000002
55.06765770000003
54.764494949999985
54.38140950000002
53.9210298
53.38585065000002
52.77836685000001
52.1008059
51.35548440000001
50.54445165000002
49.71711360000002
48.88977555000002
47.789969700000015
46.62307155000002
45.39170955
44.09855670000001
42.74641965000003
41.33814960000002
39.876642300000015
38.36492715000003
36.80603355000001
35.203169100000025
33.559541400000015
31.87835805000002
30.163004850000004
28.416823050000012
26.643243000000005
24.845650500000005
23.02756500000001
21.192416850000015
19.343680949999985
17.48487675000002
15.619434600000005
13.750740300000032
11.882268750000003
10.017272100000003
8.15904705
6.31084575000001
4.475742149999999
2.656765650000013
0.8567674500000055
0.0
0.0
0.0
0.0
0.0
0.0
0.0
0.0
0.0
0.0
0.0
0.0
0.0
0.0
0.0
0.0
0.0
0.0
0.0
0.0
0.0
0.0
0.0
0.0
0.0
0.0
0.0
0.0
0.0
0.0
0.0
0.0
0.0
0.0
0.0
0.0
0.0
0.0
0.0
0.0
0.0
0.0
0.0
0.0
0.0
0.0
0.0
0.0
0.0
0.0
0.0
0.0
0.0
