60.09036440000002
59.58136580000002
59.060071400000005
58.5295106
57.99274249999997
57.452796499999984
56.912672300000025
56.37525080000003
55.843412900000004
55.31995040000001
54.80753629999999
54.30875450000003
53.8261295
53.36203729999999
52.918794499999976
52.4985692
52.10341070000001
51.73521980000001
51.3958379
51.08689849999998
50.809916299999976
50.56622779999999
50.357080399999994
50.18351359999998
49.94433949999999
49.79658200000003
49.73845909999998
49.758684800000026
49.84962619999998
50.00572940000002
50.222776999999994
50.497353499999996
50.826459199999995
51.20739139999999
51.63762559999997
52.11460760000002
52.6357832
53.19859820000003
53.800320199999994
54.43821680000001
55.10931799999997
55.81062409999998
56.53904629999998
57.29125819999999
58.063963099999995
58.8536861
59.65695229999999
60.47013830000002
61.28959099999997
62.11165729999999
62.932654400000004
63.74889950000002
64.5567395
65.35252129999999
66.13271060000001
66.89386220000002
67.63262000000002
68.34577639999999
69.03036139999999
69.6835238
70.30279849999998
70.88601739999999
71.43145790000003
71.9379914
72.40526149999997
72.83407009999999
73.23573289999999
73.5890738
73.9200209
74.2443449
74.59180520000001
74.84740339999998
74.9700941
75.02099989999999
74.99985349999999
74.90653609999995
74.74122589999999
74.50433869999996
74.19652789999996
73.81865479999999
73.37175889999999
72.90674599999998
72.3051131
71.6346653
70.89736279999998
70.09537369999998
69.23113339999999
68.30731489999998
67.32682879999997
66.2929421
65.20901090000002
64.07874770000002
62.9060432
61.694996
60.449942299999975
59.175366800000006
57.87599180000001
56.55662869999998
55.222237399999976
53.87789659999997
52.52883349999999
51.180245599999985
49.8374492
48.50567149999998
47.190258499999985
45.896407700000005
44.629197799999965
43.3937372
42.19483730000002
41.037220400000024
39.925371199999994
38.863477399999994
37.85551879999998
36.90508909999999
36.015455300000006
35.189557699999995
34.4297723
33.73814839999998
33.116111599999975
32.56467169999997
32.08409600000001
31.67411719999996
31.301293099999963
30.908718499999992
30.780028399999996
30.834914000000026
31.03651759999999
31.364969899999995
31.808123599999988
32.35760330000001
33.00693439999998
33.7507115
34.584034100000004
35.5021799
36.5005157
37.57437860000001
38.718957199999956
39.929321299999984
41.20045160000001
42.52712089999997
43.904072299999996
45.32587069999998
46.78702159999997
48.28194139999999
49.80501679999996
51.350693899999975
52.91338909999998
54.48748909999999
56.0675885
57.64828190000002
59.224282699999996
60.7905122
62.34198079999999
63.873906799999986
65.38174610000003
66.86110310000001
68.30787919999997
69.71815399999998
71.08827439999999
72.41491400000002
73.6903805
74.89738850000002
76.05280759999998
77.1544994
78.2005631
79.18951370000002
80.1201038
80.99144239999998
81.8029949
82.55455339999996
83.24638519999998
83.8791734
84.45416539999998
84.97323229999999
85.4391659
85.85582720000002
86.228681
86.56562749999999
86.87833880000001
87.1849022
87.47195269999999
87.59093090000002
87.64151
87.62671940000003
87.54970729999998
87.4135031
87.22125500000001
86.9759924
86.6809526
86.33922439999999
85.95407479999997
85.5286817
85.06637149999997
84.57038149999997
84.0440381
83.49066770000002
82.91362639999998
82.31621089999999
81.7017773
81.0736223
80.4350129
79.7891864
79.1393207
78.48853429999998
77.8398566
77.1962576
76.56055880000001
75.93555199999999
75.3237914
74.72777180000003
74.14986920000003
73.59222199999999
73.09605380000002
72.5630873
72.05762299999999
71.58123499999999
71.1352301
70.7207963
70.33879490000001
69.9899981
69.67494049999999
69.39397849999999
69.14720119999998
68.93463829999996
68.75608190000001
68.61114589999997
68.4921974
68.33802469999998
68.24657840000003
68.20713679999999
68.2115027
68.25323119999999
68.3268575
68.42759989999999
68.5513004
68.69400889999997
68.85213170000003
69.0223721
69.20155220000002
69.3868208
69.5755346
69.76534730000002
69.95429870000002
70.14087409999999
70.3241528
70.50410510000002
70.68174079999996
70.8599111
71.0439323
71.20422320000003
71.28233420000001
71.33122039999999
71.3482979
71.3312501
71.27796829999997
71.18664079999998
71.05572319999999
70.88390869999999
70.6702469
70.41399529999998
70.1148272
69.7725644
69.38747419999999
68.96003180000001
68.49103909999997
67.98168410000002
67.43330330000002
66.84764899999999
66.22668139999999
65.57265770000001
64.8881321
64.17580729999996
63.43868299999998
62.67993710000002
61.902925700000004
61.11112369999999
60.30815449999997
59.49770089999996
58.6834754
57.86922020000001
57.0585884
56.255173699999986
55.462451
54.68368730000002
53.921941699999984
53.180035700000005
52.460404700000005
51.7652465
51.09637279999999
50.455149800000015
49.842498199999994
49.258952600000015
48.70448329999998
48.17861510000002
47.6803085
47.20798939999996
46.75957879999999
46.33243339999997
45.92340500000001
45.5288405
