22.77081595551783
22.740457550024903
22.72173095496971
22.714648603842694
22.719157808008255
22.7351246818347
22.7623096439023
22.800389582490176
22.84891968036292
22.90734246204772
22.974970252721022
23.050990936933765
23.134429835500132
23.22416722300063
23.318935074146967
23.3371131774274
23.439294252452363
23.54166535150443
23.64222799319581
23.73881590522088
23.82913504463779
23.91076413212793
23.98119724960846
24.037894122827392
24.07838154334751
24.10031243347665
24.101607554459097
24.08053129707514
24.035800088543596
23.96662944878443
23.87274763144504
23.75435929807705
23.61210144748804
23.446986206107002
23.260248345104085
23.05334613565099
22.827792427662697
22.585185473038784
22.327086221188107
22.05503547134259
21.770511873410193
21.474933188435443
21.16964623232605
20.855949835351126
20.535043035007366
20.208084973458455
19.876155081206754
19.54028407206515
19.20145813451224
18.860605250334462
18.518627439800145
18.17636840117866
17.834639729925367
17.494215484299556
17.155840106108233
16.820220182706578
16.488048755773743
16.15998047691158
15.836644899488189
15.518621578348181
15.206465964097108
14.900702664118745
14.601813925240604
14.310273492276643
14.026504413361149
13.750945053201377
13.483988714625783
13.226020106311191
12.977423156920521
12.738555884958423
12.509748271696708
12.291345074752149
12.083648180403909
11.88695329866689
11.701555237349622
11.527710951557829
11.365662901533634
11.215631927980803
11.077823839125326
10.95243016791908
10.839616105092894
10.739543902746618
10.652353387371493
10.578196257749154
10.5172039038985
10.469522628925633
10.435286207090952
10.414619166764377
10.407661480763993
10.41452052930726
10.435318859128628
10.470158857649341
10.51911601748349
10.582282946286627
10.65973895572596
10.751546693659005
10.857768849432349
10.97847957804911
11.113726916230158
11.263558597038841
11.428016843216255
11.607163955496445
11.801068090003268
12.009816212129827
12.233530247615782
12.472338859578427
12.726430177266048
12.996037432760449
13.281458426787344
13.583062889254707
13.901352554076789
14.236981927486136
14.59082940580609
14.964102551332227
15.358478680445883
15.7763733368281
16.22138383608183
16.699096891300762
17.21877102740551
17.79753280508754
18.473566281043556
19.381412040083177
21.22173499575898
22.019872389284473
22.597596285614436
23.069346145147478
23.471785028172476
23.82229733020564
24.130647504236915
24.40291502631885
24.64309088162101
24.85387336512311
25.037153549424296
25.194209447813535
25.325888365655864
25.432693162730867
25.51489470540017
25.572507868715206
25.60535182651967
25.613073450182505
25.595096720347655
25.55065785091712
25.478796470296714
25.37829152968845
25.247621032767736
25.08485450317429
24.887491254891255
24.65215584352294
24.37411524426295
24.04638701265491
23.65788960899406
23.188969578593394
22.597598859902554
21.743082175204854
19.84651700651908
18.946904028255414
18.24688993823525
17.631225099991266
17.064308419957175
16.52963699392904
16.01807936114397
15.524057020427108
15.043926360119722
14.575233200744606
14.11625632770128
13.665772357506057
13.22292871043318
12.787100832071408
12.357874442680618
11.934966816999541
11.51823000911961
11.107609837269846
10.703119035527132
10.304836834214175
9.912902542464629
9.527481619843742
9.148805789068568
8.777147985814988
8.412825358672187
8.05620531747761
7.707689542310093
7.367706920700593
7.036726759247791
6.715240717461788
6.403755452176622
6.102809422857008
5.812981968327781
5.534841854791641
5.269017629726607
5.016111163491785
4.776743193553557
4.551531598139645
4.3410739272774705
4.145962402270218
3.966770470239294
3.804084608178332
3.6584514033921596
3.5304611398857197
3.420679949169639
3.329687839725293
3.2580923394010255
3.206496332141139
3.1755242338211405
3.1658204881969003
3.178030216288228
3.212835454081628
3.270931970913582
3.353052210985902
3.4599908886130493
3.5925631709772983
3.75168177733985
3.9383590181059276
4.1537031186838975
4.398974996629802
4.675599825756627
4.9852539195810825
5.3298714073443625
5.71183659877338
6.134094887845231
6.600439408457305
7.115873481496906
7.687315195301478
8.324762231003271
9.043733707263474
9.870711888012917
10.85882689387912
12.156514483134004
15.200288811490548
16.86971902275664
18.022100698655688
18.993106593894538
19.862479519531863
20.664536988643313
21.417569777879685
22.132699058055707
22.817123222510155
23.475799876046203
24.112259626355097
24.72907297099758
25.328158108890293
25.910954726246384
26.47856358316458
27.03182765553436
27.571379606021246
28.09773110763477
28.61122812690057
29.112152865361832
29.600678844942756
30.07692639129071
30.54094429707575
30.992728058161276
31.432204493179942
31.85924788445755
32.27368756512743
32.67530622796784
33.063824509913594
33.43893293290317
33.80028769597253
34.147509365638044
34.480180896368566
34.797851704215
35.10003350944978
35.386211298729414
35.655849132142194
35.908400478511986
36.143306772911096
36.360002714386205
36.55795142941974
36.736599756398384
36.89543578847644
37.033992435749255
37.15184638694973
37.24866927527729
37.32419660640605
37.37829232435107
37.4109380051578
37.422257351211
37.41254138036161
37.38228708454646
37.33215464038176
37.263053031249314
37.176131030772645
37.07276259500402
36.95462146581586
36.82364166394638
36.68206636795201
36.532447855622166
36.3776547896936
36.22085654956643
36.065511263642904
35.91533374406134
35.77422698615361
35.64623431346137
35.53543833055557
35.44584997218852
35.38130936065308
35.345314607540935
35.34090711930202
35.37051227665143
35.435873335945004
