15.298232780194818
15.497618441682894
15.79682341743554
16.192295658908634
16.67807457851287
17.246685044439868
17.889835258307166
18.599055462579447
19.366120067703292
20.183257603730794
21.04333155655612
21.939815628915124
22.866799464015976
23.818861438458633
24.79120744461985
25.779111791477412
26.778492141873066
27.785332487467457
28.79586738185848
29.806503294407726
30.813773782103446
31.81434653001731
32.80500276599199
33.78260928190009
34.744149731243624
35.686713011647875
36.607445518483345
37.503613037082516
38.37254376388194
39.211680513262024
40.01850072733229
40.79058573871822
41.52557641189659
42.22115565390109
42.87507013676236
43.485479964600884
44.04906569675866
44.564815222883325
45.03024306354203
45.443269478094805
45.801822647131004
46.10383753767452
46.34726132015664
46.53001584505175
46.64998907467343
46.70504716595577
46.69299691626978
46.61156237682588
46.45854582520639
46.230911950021884
45.92648071531418
45.542170965404296
45.074747384325036
44.52056700792183
43.875512118198614
43.13472296973385
42.292406246766845
41.34146270663486
40.27288313336986
39.07485017462071
37.731225103864354
36.21869450494726
34.50098870904178
32.51519696480017
30.130237600009018
26.935179288283294
19.637257681872004
16.07471662960734
13.465979237770377
11.240327595538668
9.237709380674008
7.386835407397985
5.649568349563916
4.003477429895291
2.434709449062833
0.9346024034177027
0.0
0.0
0.0
0.0
0.0
0.0
0.0
0.0
0.0
0.0
0.0
0.0
0.0
0.0
0.0
0.0
0.0
0.0
0.0
0.0
0.0
0.0
0.0
0.0
0.0
0.0
0.0
0.0
0.0
0.0
0.0
0.0
0.0
0.0
0.0
1.691718283295362
4.8139519647952085
12.096920739483103
16.613740188523423
19.59580719244557
22.116228712242044
24.389550656690172
26.505448000969913
28.511229260682946
30.43483773631203
32.29369443928049
34.09880997238594
35.856954062825096
37.571861707623455
39.24507408774253
40.87643648444588
42.46449182410244
44.0067627531102
45.50039709120797
46.940492970011704
48.32393677822547
49.645761036183856
50.90132148883109
52.08601965655761
53.19528885148878
54.2246815875804
55.16995155115074
56.027058616263666
56.792219002496125
57.461944450118345
58.033017218620415
58.50251897401354
58.86784516710155
59.12662774357311
59.27677879179082
59.31641964378777
59.24381636696887
59.057402466915185
58.75542601814637
58.336342984800574
57.79847774589852
57.139694165727946
56.357361536765744
55.448099051522135
54.40746450581412
53.22952168545659
51.906168832960105
50.42616882137615
48.77343796301609
46.9242937939681
44.84176209551782
42.15417770639665
39.40602258187754
35.93918294484594
28.109949587297905
22.86824947834669
19.652611807194262
17.02360211242324
14.712077299874421
12.606774986440445
10.649233938214408
8.804711947094898
7.0510374186002025
5.3734253583245755
3.7618256513551485
1.092784071847209
0.0
0.0
0.0
0.0
0.0
0.0
0.0
0.0
0.0
0.0
0.0
0.0
0.0
0.0
0.0
0.0
0.0
0.0
0.0
0.0
0.0
0.0
0.0
0.0
0.0
0.0
0.0
0.0
0.0
0.0
0.0
0.0
0.0
0.0
0.0
0.0
0.0
0.0
0.0
0.0
0.0
0.0
0.0
0.0
0.0
0.8649796955059117
3.6698207137628556
9.977402671226052
13.164347211534787
15.397404479455615
17.269389838041675
18.934243702015397
20.46084172073844
21.887128475289046
23.2364834357842
24.5242762989148
25.76098856842176
26.953932155043262
28.10818860529112
29.227289787396835
30.31360117705926
31.368591682968855
32.393108695785344
33.387489756932766
34.35170092788702
35.28546437477358
36.18830410754344
37.05964106820341
37.89885637486101
38.70529763609728
39.4783309422501
40.21737507995687
40.92189980960845
41.59141341905852
42.225474308302445
42.823972328266876
43.385750046390854
43.91126885717523
44.39995285474969
44.85149570152841
45.26556264475383
45.64180653204525
45.979831140933555
46.27919476818413
46.53941413957458
46.75990912210714
46.94006166026219
47.07914821977633
47.176377406199784
47.230871648394746
47.241677333872026
47.20775050069115
47.12802200556653
47.0013701764919
46.82662626240397
46.602669613479186
46.328345286815996
46.00259370155289
45.624413548926505
45.19291295456122
44.70738512556426
44.16727319751371
43.572246238948544
42.92226257550326
42.21758408521917
41.458837958050694
40.64705716371765
39.7837008475695
38.87070747717834
37.91052917447547
36.90612398701094
35.860924682650605
34.7786901083092
33.66327977578431
32.51807640952021
31.34462938280389
30.13977131277039
28.886950791318647
27.521603429472307
25.09375101433634
23.524881325443204
22.956771925835366
22.808236794275835
