18.414852516370928
18.53733360028199
18.64920055772206
18.75028097059021
18.840562879944244
18.920218054626076
18.989480325716805
19.048901730274057
19.09911272896395
19.140976908821898
19.175527976981243
19.203993712721882
19.2277776470624
19.24846349311126
19.267790477517824
19.28761236226784
19.3099133794937
19.336750064732865
19.37023375308501
19.41248349259269
19.465625255448952
19.531714235894093
19.612744224523656
19.710607968711955
19.82703813257697
19.963623585504465
20.121740314283425
20.302534557875713
20.506942671224284
20.735646017103388
20.98902920788079
21.26726021114186
21.570247157836256
21.897659559844744
22.248967173941175
22.623409389183724
23.020078915408675
23.437897862910354
23.87563232165653
24.3319806946712
24.805521367586536
25.29478901998583
25.798225186648843
26.314244034911745
26.841219090348837
27.377464583760506
27.921272040850024
28.470909979830168
29.02460183526443
29.580581825680433
30.137051159636997
30.692226635786014
31.244287539621975
31.791451370276945
32.33190572846692
32.863870044879796
33.38554684975698
33.895184782095896
34.39103988380401
34.87138750578342
35.33453496509979
35.778832327026194
36.202672989803446
36.604456470650554
36.982615354514174
37.33560355726926
37.66188808692974
37.95994997868364
38.228281395507
38.46539437811842
38.669846923742696
38.840223243601876
38.97513341717277
39.35061779142468
39.13313180264991
39.153571937673895
39.133193007894135
39.07069436093674
38.964733385503905
38.81399166081747
38.6170824960141
38.37259791948901
38.07902871587936
37.73476130492237
37.33802009266134
36.88679624112254
36.37881337735019
35.81134663245936
35.181138107376114
34.48410083424156
33.715039107298395
32.86710039922781
31.93085496992694
30.892769017292835
29.732004305682615
28.413290771653006
26.86706058548354
24.908951366563706
20.412467748445803
17.24967423107224
15.313207773426278
13.7232739666563
12.322299953685931
11.045913650564152
9.860650059066518
8.746748426793244
7.691658148409287
6.687041814092293
5.727159452368978
4.808073417177324
3.9270512134506212
3.082264789041054
2.272497867242838
1.4970412269216946
0.7555518233225984
0.047955550651487336
0.0
0.0
0.0
0.0
0.0
0.0
0.0
0.0
0.0
0.0
0.0
0.0
0.0
0.0
0.0
0.0
0.0
0.0
0.0
0.0
0.0
0.0
0.0
0.0
0.0
0.0
0.0
0.0
0.0
0.0
0.0
0.0
0.0
0.03441828605498813
0.8849953996856561
1.812545409846707
2.8304797047590706
3.9600972681472326
5.238321695586953
6.7398005231856555
8.671247246588738
13.150450754759536
15.677484615229709
17.36992291364593
18.778916208410443
20.02784622467713
21.169235741296596
22.231164824188788
23.23067239102953
24.178900495798263
25.083517451918212
25.95003878541491
26.78242958161847
27.583653129457602
28.355860081406984
29.100618673775962
29.819042789902237
30.51185566747804
31.17947507274868
31.822084026537237
32.43967807437597
33.032076955394764
33.59895760972362
34.13990696312222
34.65468988065663
35.141867216732834
35.6016286384441
36.032984120316954
36.435188799757086
36.80749552623016
37.14910861971079
37.45922849833295
37.73704534461836
37.98177172732664
38.19258856071522
38.36872009292706
38.50936727647766
38.880687322974865
38.68116236879909
38.71079647532691
38.70196097298389
38.65391070273178
38.565920529855596
38.43726170724569
38.26716684267046
38.05487685493456
37.799598960730776
37.50049763539718
37.15669064513745
36.76719950525888
36.33089334050233
35.846468413659935
35.312349160386326
34.72658875537179
34.08677002738069
33.38975684606043
32.63142060717965
31.806078520942883
30.905679476848327
29.918160551013827
28.82430942232275
27.5902442420012
26.145678991516256
24.286107353992094
19.928587433496507
17.544864648085497
15.92795831372278
14.591868765232135
13.418831021320543
12.357538162849849
11.380341236392102
10.470434471433748
9.616842133288245
8.812017978403874
8.050596634080778
7.328621209287112
6.643158917238139
5.991953556146892
5.373292917733436
4.78579666052018
4.228417177171288
3.700276356267392
3.2006694501876796
2.7289869171747707
2.284677260984439
1.8672473238869611
1.4761960913347412
1.111074338936927
0.7713805296321312
0.45663080359477937
0.16633408873579242
0.0
0.0
0.0
0.0
0.0
0.0
0.0
0.0
0.0
0.0
0.0
0.0
0.0
0.0
0.0
0.0
0.0
0.0
0.0
0.0
0.0
0.0
0.0
0.0
0.0
0.0
0.0
0.0
0.0
0.0
0.0
0.08720677645226715
0.2619727962090997
0.44191384914109
0.6264782511937051
0.8150061296442573
1.006719555187858
1.2007359173031773
1.3959876705535987
1.591252698459364
1.7850711962799553
1.9757631961521702
2.1613872728710986
2.339739547678895
2.508354507105088
2.664541880954255
2.8054166828634672
2.9279862770426486
3.0292038259387106
3.1060881067420656
3.155855859703683
3.176032298608825
3.1645867530957377
