40.9144374760698
41.16825075682344
41.48195038240981
41.853705813868636
42.27993777092687
42.75549351413973
43.27403473072055
43.828270050850385
44.41028974339053
45.01184622575169
45.62460891190001
46.24033769436831
46.85109054038031
47.44929728779124
48.02791344547118
48.58041716885724
49.10091011147771
49.58409608053271
50.0253033982303
50.42047602907005
50.51149080556424
50.79116393062568
51.01625012858143
51.18495455524326
51.29587623078058
51.3479664293492
51.34047816213614
51.27286059803266
51.14469066397922
50.955636005406184
50.705271130659696
50.39304943179655
50.01818487679589
49.5795219518177
49.075415514350624
48.503536773626045
47.86066100666689
47.14233876574527
46.34246180451715
45.452394779333446
44.460046418526765
43.34734789851613
42.085802031615415
40.625627313025475
38.86238686808136
36.46519829297333
31.078468445704395
28.483334469331712
26.551657166453488
24.888851903688476
23.37886133968251
21.968131567846157
20.626825188901368
19.336549070397183
18.08518117528325
16.864471757109435
15.668659923064158
14.49372829371706
13.336864028659637
12.19637783115904
11.071136620822259
9.960601077893648
8.864690565517376
7.783686021391486
6.718196393404855
5.669013303500351
4.637114732430969
3.6236182221119453
2.6297305286012445
1.6567420986827075
0.7059417972249866
0.0
0.0
0.0
0.0
0.0
0.0
0.0
0.0
0.0
0.0
0.0
0.0
0.0
0.0
0.0
0.0
0.0
0.0
0.0
0.0
0.0
0.0
0.0
0.0
0.0
0.0
0.0
0.0
0.0
0.0
0.0
0.0
0.0
0.0
0.0
0.0
0.0
0.0
0.0
0.0
0.0
0.0
0.0
0.0
0.0
0.0
0.0
0.0
0.0
0.8575429710537423
3.6593110128802575
9.184804605040359
11.592240484417358
13.441647407059072
15.026973603697042
16.44592170429579
17.745724812705866
18.953282538247123
20.086042952376392
21.155730684713
22.170792846818532
23.137528322710832
24.060824253270702
24.944233914731054
25.790996241507848
26.60347862580079
27.38366764081184
28.133194707998666
28.853424099526027
29.545471302092245
30.21028671062152
30.848661440290975
31.46127368155934
32.048699604689
32.61144706326058
33.149965826954165
33.664673870234424
34.15596374142558
34.62420083823671
35.06977415057136
35.49305631816554
35.89446150117337
36.27441683614687
36.633393668476515
36.97191286840623
37.29052190727246
37.589831696047575
37.870486888332024
38.13315739272967
38.37858732400112
38.607523316579965
38.82077949930569
39.019173931840676
39.20356072675853
39.37482194046032
39.53383462481157
39.6815001020049
39.81870971061877
39.94633568510561
40.065231415868254
40.176209294904844
40.28005794105978
40.3775014225789
40.469219803796314
40.55586813462482
40.638035912586325
40.716284712447056
40.79112044595285
40.8630244168407
40.93241717259869
40.99967075801742
41.06511390281594
41.129035132017414
41.191693741846066
41.25326117077816
41.31391044189773
41.373755113213754
41.43285626726391
41.491229849227196
41.5488339702072
41.60558521968993
41.66135367526615
41.715961993903385
41.76916625596894
41.820698078164405
41.87022007119539
41.917361677699056
41.9616985759354
42.00274018587981
42.03995380658596
42.07274685998994
42.10046493155988
42.122392597985474
42.13772978096387
42.14560563754856
42.14510696594465
42.13518736655876
42.11477306255133
42.08270270144034
42.037737370415556
41.810819290314555
41.733221473797194
41.638859273556555
41.52624744605873
41.39382502031015
41.2399686001594
41.062959350865434
40.86100862173697
40.63224025905554
40.37463845382688
40.08606188723784
39.764194269239454
39.406474929851996
39.01000461130803
38.57142049641374
38.08665075782937
37.550538212598404
36.95622198598683
36.29397437768779
35.54888158301277
34.695525457393956
33.68292018233707
32.36992990560014
29.27840759165589
27.475186167143576
26.267239878749898
25.263858435244746
24.377187551747824
23.56976117620538
22.82165054923398
22.1208831891113
21.45968293233818
20.832704532902557
20.236112765774468
19.667035834650637
19.123248726128505
18.602959588260745
18.104629170539283
17.626917997867118
17.16861140468273
16.728515453169017
16.305474973290124
15.898329659886834
15.505888223264604
15.1269207897571
14.760171184417807
14.40433829321356
14.058097993715055
13.72009573245121
13.388967114698204
12.683665069626866
12.35223487557851
12.0238272740746
11.697151493197392
11.370999300837186
11.044267932380594
10.715995795335102
10.38536303521069
10.051724045915703
9.714619148914025
9.373773433905876
9.029099183309087
8.680682500616571
8.328771154002222
7.973754654690008
7.616128449729781
7.256476737398873
6.895445513645405
6.533700240357546
6.171919266265154
5.810738365054508
5.4507228341784915
5.092322425926871
4.735880523137041
4.381553123091801
4.029328719167849
3.6790132876351844
3.3301998319722954
2.982307692484974
2.6345677996463066
2.286070924660205
1.9357763066406528
1.5825525353176204
1.2252583318352255
0.8627899722322946
0.4941163234305782
0.11839390800842693
0.0
0.0
