33.54261112297564
33.75273591496929
33.85707850586374
33.852314832856266
33.73522280894682
33.50262088210454
33.15122410630366
32.6774346212439
32.077040372598745
31.344679829897707
30.473109700607363
29.451879842556007
28.265203406202527
26.88634137364103
25.2684450957344
23.31022088662276
20.70191190458812
14.568841675566876
11.391518576906584
9.133545077986875
7.231786698086465
5.540692458650786
3.996981625329827
2.567061422011974
1.230989113132582
0.0
0.0
0.0
0.0
0.0
0.0
0.0
0.0
0.0
0.0
0.0
0.0
0.0
0.0
0.0
0.0
0.0
0.0
0.0
0.0
0.0
0.0
0.0
0.0
0.0
0.0
0.0
0.0
0.0
0.0
0.0
0.0
0.0
0.0
0.0
0.0
0.0
0.0
0.0
0.0
0.0
0.0
0.0
0.0
0.0
0.0
0.0
0.0
0.10769584545221164
1.6788854798504862
3.8127594671913503
8.431670533706441
10.57027589165217
12.169672301835641
13.54371851809952
14.787121077421455
15.943790568955862
17.038326320294175
18.085888007900408
19.09646352971443
20.07681138446472
21.031550420529907
21.963802038769252
22.875579215847026
23.76805947764453
24.64174934039316
25.496558784295534
26.332211789735897
27.14754586021651
27.941808609697535
28.713587770270422
29.461390102764263
30.183575095745926
30.878370716386037
31.543937926179304
32.17836952491193
32.77971216780361
33.345984894146454
33.875217250372806
34.36542455682867
34.814659925162246
35.22095832360488
35.582381647563636
35.897004010076486
36.16290169530269
36.37814062662651
36.54080878411215
36.64896852302548
36.700667457793635
36.69391356462128
36.6266615204127
36.496809705523866
36.30216246141816
36.04039109141827
35.7089812431944
35.30519006458745
34.82597461125182
34.26782430308084
33.62666901785151
32.897569223596676
32.07442225299682
31.14940660165086
30.112041544346546
28.947729986543823
27.634774122835097
26.138242385455186
24.39441211979748
22.258378931262687
19.14856765937295
13.037345878444516
10.34552319367444
8.241044238154688
6.413101151138173
4.756028476160541
3.219335038202119
1.7748477077858364
0.40540485113594743
0.0
0.0
0.0
0.0
0.0
0.0
0.0
0.0
0.0
0.0
0.0
0.0
0.0
0.0
0.0
0.0
0.0
0.0
0.0
0.0
0.0
0.0
0.0
0.0
0.0
0.0
0.0
0.0
0.0
0.0
0.0
0.0
0.0
0.0
0.0
0.0
0.0
0.0
0.0
0.0
0.0
0.0
0.0
0.0
0.0
0.0
0.0
0.0
0.0
0.0
0.0
0.0
0.0
0.0
0.0
0.0
0.0
0.0
0.0
0.40281850417032045
3.997668803700786
6.016548779985588
7.390889984022705
8.5507380437022
9.599168920747413
10.581992429619767
11.52459064161436
12.442738136994183
13.34688346045973
14.244132081375575
15.1393306365023
16.035722221308355
16.935305948166274
17.83909073737236
18.747375517158307
19.65968773348144
20.575185556309155
21.49256160504031
22.410182585444662
23.326168351534964
24.238456609967393
25.14486862040563
26.043226215587172
26.931168014494276
27.80655058170931
28.66720692338033
29.51106440688669
30.33615464739087
31.140589750295213
31.922622099878783
32.68068327389955
33.41321454536027
34.11888608403937
34.79645629352051
35.4448080520318
36.06293258393029
36.649906494794045
37.20490745567915
37.72719975690991
38.21611236660883
38.671010976372415
39.09133126954541
39.4765355113383
39.82611263624814
40.13956102004434
40.41640432168902
40.65614856922739
40.85831269746982
41.022414569584804
41.14796736776158
41.23445907874819
41.28133607749665
41.28804180021892
41.253932863433455
41.1783746039836
41.06063975717287
40.899979874973965
40.69554113748573
40.75400319866394
40.151534489390045
39.8097547176734
39.41974486950492
38.979950345446355
38.488623701360126
37.94370308685478
37.342737280135545
36.68280851513873
35.960418372045424
35.17117010237166
34.30961124148515
33.36859871099021
32.33859680028442
31.20626734530306
29.951781881635895
28.543062075483377
26.921011119727336
24.94790078112558
22.02207291924206
16.64717793473371
14.327264500074193
12.516296506865803
10.95830413075689
9.563477111297766
8.28887293293938
7.111030103632695
6.016337042259751
4.996772015717048
4.047807714480948
3.167207289224442
2.3542601161316803
1.609293695408338
0.9333769382466391
0.32803887468329207
0.0
0.0
0.0
0.0
0.0
