16.7351434527598
16.720968462173303
16.744612500404344
16.803240451135828
16.892419712060722
17.007287079695583
17.143402081179758
17.29709717314985
17.46554531984909
17.646590107692436
17.838584083328552
18.040258438563402
18.2506212902439
18.46888469867181
18.694419719501106
18.92675671729456
19.165522375270907
19.41046746804022
19.661399223031612
19.918215555162764
20.18087613036095
20.449439430426654
20.72401674615307
21.00477745653461
21.291956064610005
21.58579507154391
21.886589930193487
22.19460956786936
22.510194486997147
22.833641708935968
23.165275181685754
23.505405309436014
23.85433031424648
24.21234154438701
24.579639017893882
24.95648067983302
25.343008363637882
25.73934799603685
26.145564046741317
26.56166880352729
26.987608887945782
27.423266231473125
27.868455008994744
28.322895822864
28.78624256318388
29.258078740372145
29.737919724500642
30.225219309166373
30.719362643542837
31.21966123858988
31.725373506436554
32.23571081452275
32.749795600666
33.26671303647071
33.78549182357941
34.305115197636475
34.824520903038355
35.34261030058853
35.85824996490564
36.37027099445924
36.877505911778066
37.378725831151236
37.8727241326892
38.358275997566864
38.83414601264152
39.29911927347672
39.75198394685542
40.19154414279186
40.616656223186965
41.02617898728704
41.41902108052815
41.794137520655184
42.15049677726157
42.48713996368409
42.80316924570896
43.09769738807105
43.36993786823116
43.61917365273613
43.844724782712674
44.04596872158131
44.22236546105478
44.3734035529763
44.498648318595755
44.59770000588994
44.670214802564814
44.715898386314045
44.73449450674197
44.725796401499146
44.689629732271285
44.625865149674716
44.53436612699579
44.415085271411655
44.26796057297522
44.0929681430661
43.703189157559144
43.47000376493831
43.20934839546327
42.92115265203951
42.605291544801005
42.26153374683921
41.889560133271246
41.48889983606092
41.05890112402669
40.5986553025721
40.10694473734908
39.58209063354816
39.02180384380708
38.42292143515748
37.78097702789277
37.08950245720076
36.33871987120655
35.512862173524034
34.58384271161543
33.49210171853204
32.05261611283625
28.816785123211293
27.240791486802465
26.109193729273777
25.15979025689216
24.317522862844136
23.54757791669598
22.83017225909629
22.152687540770035
21.506399242560594
20.88493714941014
20.28343853529788
19.698042835415016
19.125635811721644
18.563602452920026
18.00974576726824
17.46217589029676
16.91926669226162
16.379611986349545
15.842005245961923
15.305409607224295
14.768943305012531
14.231884059871033
13.693630004079685
13.153729401568985
12.611826157461834
12.067675005619865
11.52124833573702
10.504999144559406
9.933308267219633
9.359479815613316
8.78392076973866
8.207156695887548
7.6298054661054655
7.05262287903021
6.476469393638145
5.9022778218033505
5.331086599549429
4.764013404934267
4.202227698202937
3.6469735000833317
3.0995241905167314
2.5611691304746502
2.0332597555014216
1.5171349990163299
1.0141640518270287
0.5256816480259567
0.053037615824318894
0.0
0.0
0.0
0.0
0.0
0.0
0.0
0.0
0.0
0.0
0.0
0.0
0.0
0.0
0.0
0.0
0.0
0.0
0.0
0.0
0.0
0.0
0.0
0.0
0.0
0.0
0.0
0.0
0.0
0.0
0.0
0.0
0.0
0.0
0.0
0.0
0.4368466168960867
1.0285990361864266
1.6665754138889635
2.3564897515324903
3.106267856137779
3.9273682202329954
4.837428671697803
5.8662985312942775
7.072660357583386
8.61278310727002
12.168527403330227
14.353700048513687
15.763632739596668
16.930634585552923
17.963160010199523
18.90646963292896
19.78449420302287
20.61161078732217
21.397163961459913
22.14756516818771
22.867376797262423
23.559957194244298
24.227810615241715
24.872854052429386
25.49654863698523
26.10004860378249
26.684239685207086
27.249828531448813
27.79735448827547
28.32724609996696
28.83981903380549
29.335297935010928
29.81384655755478
30.27555373694826
30.72046155320766
31.14856341497378
31.559806329610964
31.954099378697713
32.331316938966374
32.691302286571656
33.03385827650927
33.35877206997623
33.665782456199004
33.95460368485415
34.224921854087306
34.47638191213574
34.70863137485309
34.92127901000755
35.113928552132656
35.28617625693413
35.43760927433276
35.56781662666575
35.6763829605218
35.762901298025724
35.82698145989285
35.86824589045323
35.88633424766979
35.88092676121371
35.851730060550885
35.79849973934684
35.7210332851004
35.61918734580476
35.492860284395995
35.342026687669275
35.1667159779808
34.96705179124261
34.74321109323322
34.49546473275725
34.22414737559114
33.9296887696841
33.612586928408895
33.27342903484593
32.91286378995865
32.5316068366236
32.13041809481183
31.710072146031717
31.271358452068604
30.814992540414334
30.341619608552666
29.851712988545323
29.345507807820297
28.822860651108922
28.283067314101437
27.724527063165926
27.144228826685058
26.536702037849956
25.891816908947813
25.18916257949755
24.378373875732596
23.22693102393235
21.311448193627097
20.54108594766118
19.98131585047857
19.537764281954246
19.175278258109
18.87605601485176
18.629696205700267
18.429671640305177
18.271699864861063
18.152981995415317
18.07171502841218
18.026833476916895
