82.05268279999999
81.47282
80.8936997
80.31098569999997
79.7201636
79.11683780000003
78.4966721
77.85553819999996
77.18966420000002
76.4955455
75.77009329999997
75.01066429999996
74.21503100000002
73.38141139999998
72.56421589999998
71.60882630000002
70.6098965
69.56733739999997
68.48159450000001
67.35346969999999
66.1841213
64.97503429999999
63.72805009999999
62.445188300000005
61.12876550000002
59.781246799999984
58.405334899999964
57.00376220000002
55.57952839999998
54.13557380000001
52.67504660000001
51.20109500000002
49.71692659999998
48.22574900000001
46.730918300000006
45.23570150000001
43.74342500000003
42.257415200000004
40.78102819999999
39.31762010000001
37.87054699999997
36.44313529999998
35.03880050000001
33.66077989999999
32.312459299999986
30.997075999999964
29.717867299999998
28.4780705
27.280774399999984
26.129067799999966
25.02589099999999
23.974124899999996
22.97644249999999
22.03545739999996
21.15348619999996
20.33275639999999
19.575139100000005
18.882297499999982
18.25550869999999
17.695723099999995
17.20338619999997
16.778497999999995
16.420405099999993
16.005614899999973
15.766114100000008
15.733681700000012
15.859609700000012
16.119514399999996
16.499496199999985
16.990674800000022
17.586724099999966
18.282684200000006
19.074218899999995
19.95728899999996
20.927914699999988
21.981967699999988
23.115171200000002
24.323040499999998
25.60082359999998
26.943471499999998
28.34569759999998
29.801888599999987
31.306253000000016
32.85273199999999
34.435029199999974
36.046729399999975
37.68120949999998
39.33175729999998
40.9915418
42.65370230000001
44.31137809999999
45.957678799999954
47.58583280000003
49.18912789999997
50.76094100000001
52.294856899999964
53.78463859999996
55.22428669999999
56.60803939999998
57.930461599999994
59.186444899999984
60.37129669999997
61.48074019999999
62.5111223
63.45938389999996
64.3233866
65.1022097
65.7966848
66.41064320000001
66.95293549999998
67.4428073
67.92296719999999
68.50268149999998
68.90107729999998
69.09766160000001
69.15132949999999
69.06410060000003
68.83784599999996
68.47446650000002
67.97592230000001
67.34426270000002
66.58177459999997
65.69089340000002
64.67444060000001
63.53541589999996
62.27720510000003
60.90352069999999
59.41843160000001
57.826392800000015
56.13224539999997
54.3412463
52.45903849999999
50.4916511
48.44558839999998
46.32762200000001
44.145028399999994
41.905351400000015
39.616461499999986
37.28658560000003
34.92418820000001
32.53794170000002
30.136667000000024
27.729392899999976
25.32514820000001
22.933050799999975
20.56209979999998
18.22129429999998
15.91936609999999
13.664928200000006
11.466207499999982
9.331193299999963
7.267399699999969
5.281895300000009
3.38127349999998
1.5715337000000142
0.0
0.0
0.0
0.0
0.0
0.0
0.0
0.0
0.0
0.0
0.0
0.0
0.0
0.0
0.0
0.0
0.0
0.0
0.0
0.0
0.0
0.0
0.0
0.0
0.0
0.0
0.0
1.5308744000000234
3.329595499999993
5.197101800000022
7.126443500000009
9.110611400000009
11.142477499999998
13.214884100000024
15.320673499999966
17.452658299999996
19.60376990000002
21.766939699999984
23.93527729999999
26.102011099999988
28.26051799999999
30.404412500000007
32.52748729999999
34.62380240000001
36.68768509999999
38.713729999999984
40.696828700000026
42.63216980000002
44.51532799999999
46.34211560000001
48.10870129999999
49.81158049999998
51.44763469999998
53.01398300000001
54.50818999999998
55.928057899999985
57.27174529999999
58.53779690000001
59.72502469999999
60.8326862
61.860306200000004
62.8079441
63.67604539999999
64.4656793
65.1785981
65.81750449999998
66.38658620000002
66.89199110000001
67.34346079999999
67.7569145
68.16044839999999
68.6095124
68.92029320000002
69.0697139
69.12183739999999
69.07990099999998
68.94708259999999
68.7263819
68.42070950000002
68.032976
67.56606229999998
67.0227899
66.40601000000002
65.71860349999999
64.96342159999998
64.1433155
63.261195799999996
62.31997310000001
61.322557999999965
60.27192049999999
59.171000899999974
58.022769200000006
56.8301657
55.5962198
54.32390149999998
53.01612139999997
51.675938600000016
50.30620430000001
48.90994789999999
47.4900206
46.04936269999998
44.5908848
43.1174678
41.631992599999975
40.137280699999984
38.6362724
37.13178919999998
35.62674169999999
34.12398110000001
32.62638829999998
31.13687390000003
29.6583188
28.19369299999997
26.745877399999998
25.317782599999994
23.912348900000012
22.53245719999999
21.181018100000006
19.860793699999974
18.574605499999983
17.325126499999993
16.114940599999983
14.946572299999993
13.82230850000003
12.744317299999985
11.714558900000013
10.734845000000014
9.806660599999995
8.931253099999973
8.10966199999998
7.342540700000016
6.63027529999999
5.972984599999982
5.370431000000003
4.821961100000011
4.3266542000000126
3.88323319999998
3.4900051999999677
3.144802100000007
2.8450696999999567
2.587748899999991
2.3691866000000035
2.1851356999999965
2.030814499999972
1.9006690999999836
