0.0
0.0
0.0
0.0
0.0
0.0
0.0
0.0
0.0
0.0
0.0
0.0
0.0
0.0
0.0
0.0
0.0
0.0
0.0
0.0
0.0
0.0
0.0
0.0
0.0
0.0
0.0
0.0
0.0
0.0
0.0
0.0
0.0
0.0
1.8524599500000116
3.8622886500000213
5.821820400000021
7.726822949999994
9.573375899999997
11.358048900000018
13.077768000000027
14.729860200000003
16.312008900000027
17.822343000000018
19.2593478
20.621865000000014
21.909137250000015
23.120763599999997
24.256610400000014
25.317078600000002
26.302881000000003
27.215086800000005
28.055299800000014
28.825702950000014
29.52905835000001
30.16915275000003
30.751020300000015
31.281610800000024
31.77103710000001
32.2346244
32.697498899999985
33.20478975000001
33.84831450000004
34.33141470000001
34.62802860000002
34.82903820000001
34.93956674999998
34.964158350000005
34.90686705000002
34.77134594999999
34.560936299999995
34.278712049999996
33.92761350000001
33.51026910000001
33.029307299999985
32.48708925000002
31.88597610000003
31.228195350000004
30.515929950000036
29.751229200000004
28.936186950000014
28.072763400000014
27.16300785
26.208925050000033
25.21243064999999
24.175618500000013
23.100448800000002
21.988970849999994
20.843323050000002
19.665688350000014
18.45820515000002
17.2232346
15.963093300000034
14.680276050000025
13.377277650000039
12.056815650000011
10.721518500000025
9.374326500000032
8.018090850000014
6.655885500000036
5.29087349999999
3.926173350000007
2.565215400000015
1.2112963500000067
0.0
0.0
0.0
0.0
0.0
0.0
0.0
0.0
0.0
0.0
0.0
0.0
0.0
0.0
0.0
0.0
0.0
0.0
0.0
0.0
0.0
0.0
0.0
0.0
0.0
0.0
0.0
0.0
0.0
0.0
0.0
0.0
0.0
0.0
0.0
0.0
0.0
0.0
0.0
0.0
0.0
0.0
0.0
1.3937286000000155
3.4883805000000123
5.639610899999987
7.840202700000024
10.082448750000019
12.358240949999995
14.659337549999996
16.977051300000014
19.30269494999999
21.627269400000003
23.941864650000014
26.23748160000001
28.50525480000004
30.736274249999987
32.9219418
35.05388205000003
37.12389779999999
39.12423735
41.04741630000001
42.88644030000003
44.63480505000001
46.28649630000002
47.836078949999994
49.2788307
50.61595439999999
51.79104975000003
52.85347815
53.80390785000002
54.64581374999999
55.38783855000001
56.048916
56.671680450000025
57.36625950000003
58.4678919
59.12981580000002
59.54047770000001
59.72745405000002
59.710926000000015
59.50608510000001
59.124781649999996
58.57663845000002
57.86958540000002
57.01034955000003
56.005034249999994
54.859252800000036
53.57781659999999
52.16602710000002
50.62874025
48.9434583
47.25817635
45.08903685000001
42.78798480000002
40.362103650000016
37.818966900000014
35.16650445000003
32.41318079999998
29.567905949999993
26.63994630000003
23.639147400000027
20.57557755000001
17.45975054999999
14.302536600000002
11.109549000000024
7.900746150000027
4.693502550000019
1.4822494500000039
0.0
0.0
0.0
0.0
0.0
0.0
0.0
0.0
0.0
0.0
0.0
0.0
0.0
0.0
0.0
0.0
0.0
0.0
0.0
0.0
0.0
0.0
0.0
0.0
0.0
0.0
0.0
0.0
0.0
0.0
0.0
0.0
0.0
0.0
0.0
0.0
0.0
0.0
0.0
0.0
0.0
0.0
0.0
0.0
0.0
0.0
0.0
0.0
0.0
0.0
0.0
0.0
0.0
0.0
0.0
0.0
0.0
0.0
0.0
0.0
0.0
0.0
0.0
0.0
0.0
0.0
0.0
0.003545849999985933
2.8436974500000294
5.659079250000025
8.441404950000008
11.183145600000024
13.87775235000002
16.519701000000016
19.104625650000013
21.629452349999998
24.092443650000007
26.493064950000004
28.8322518
31.112454450000016
33.33710325
35.510831399999994
37.639341300000005
39.72913725000001
41.78770365000002
43.822970399999996
45.84340200000001
