18.209482500000018
17.87428830000001
17.547647700000002
17.227956900000013
16.91334480000002
16.601851200000006
16.291382249999998
15.979888650000015
15.665321100000007
15.345719399999986
15.019390650000009
14.684686500000002
14.34035955000001
13.985385150000027
13.618961400000021
13.240731900000029
12.850607550000003
12.448811100000004
12.035832600000031
11.612518500000007
11.180027100000016
10.739605800000039
10.292902949999998
9.84161144999999
9.387691500000003
8.933192400000017
8.480297100000007
8.031188549999994
7.58804970000001
7.1532417000000095
6.728813850000013
6.316993649999999
5.9196967500000035
5.538749700000007
5.175845400000006
4.832320349999986
4.509288300000011
4.207551149999993
3.885499200000016
3.4827672000000027
3.245538450000008
3.135143550000013
3.1297084500000274
3.2160018000000026
3.3856927500000236
3.633212550000021
3.9547744500000017
4.347705450000003
4.809867150000015
5.339611200000013
5.935512000000022
6.596143950000005
7.320215100000022
8.106299850000001
8.952928050000017
9.858495900000031
10.82126595
11.839278
12.91057185000001
14.032786350000006
15.20351580000002
16.420220849999996
17.68005029999999
18.98015295000001
20.317410300000017
21.68852565000001
23.090246850000028
24.519009899999986
25.97129535000004
27.443361000000035
28.931598300000005
30.432086850000008
31.94117354999998
33.45493800000002
34.969638
36.4814868
37.98678675000001
39.481840199999986
40.9631277
42.4271298
43.87041615000002
45.28982370000002
46.682100300000016
48.04435020000001
49.37363310000001
50.67026085000001
51.880550700000015
53.05025550000002
54.17732595
55.25993550000002
56.29643580000004
57.28540125000002
58.225584450000014
59.1159162
59.95568369999998
60.74435235000001
61.48169940000001
62.16790305000002
62.80345335000002
63.389597699999996
63.92820720000002
64.42240035000005
64.87676580000002
65.29869885000001
65.69964884999999
66.0987723
66.52979355
67.05704280000003
67.3662198
67.5618834
67.676466
67.71339795
67.6758423
67.56669480000001
67.38853935
67.14378165000002
66.8348274
66.46377045
66.03283830000002
65.5441248
64.99967925000003
64.40150640000003
63.751744650000006
63.05239874999998
62.30560710000002
61.51346355000001
60.67810650000003
59.801807999999994
58.88670645000003
57.93511845000002
56.949405150000025
55.931838600000034
54.8848245
53.81076855000002
52.712254650000006
51.59146575000001
50.451119400000024
49.336188825000036
48.221258250000034
46.90141995000002
45.57298349999999
44.23937925000001
42.90377025000002
41.569453200000005
40.23954660000001
38.91716895000002
37.605305099999995
36.30680625000001
35.024523600000016
33.76104105000003
32.518987050000014
31.300722750000013
30.108475650000017
28.94438415000002
27.81036390000001
26.70824145000003
25.639620600000015
24.605971500000017
23.60863065
22.64871179999998
21.72723959999998
20.84497140000002
20.002664550000016
19.200764550000017
18.439716900000008
17.719744349999992
17.040980550000015
16.40342550000002
15.806945550000012
15.251317949999995
14.736230850000027
14.261327849999994
13.8260298
13.42989119999999
13.072243800000013
12.752508450000011
12.469927800000026
12.223789050000018
11.895990149999992
11.641431450000006
11.492768100000015
11.425898549999996
11.425319400000005
11.480650499999998
11.584140150000021
11.730130499999987
11.913943799999993
12.131748750000023
12.380248650000016
12.656636849999998
12.958195800000025
13.282653450000012
13.627648650000022
13.982222100000005
14.370920849999994
14.76523289999999
15.171974400000007
15.589363350000017
16.015484100000013
16.448465550000005
16.886570250000005
17.327882550000012
17.77066500000001
18.21309105000002
18.653334150000006
19.089701400000024
19.52036625000001
19.943680350000033
20.357995350000017
20.7618411
21.153881100000007
21.53300159999999
21.89853435
22.250345699999997
22.589148450000003
22.91703645
23.238241949999995
23.560605750000008
23.898517500000022
24.278929950000006
24.755837700000008
25.079849850000013
25.310574299999995
25.48828425
25.60910385000001
25.669335450000013
25.665459600000013
25.594135050000013
25.452243300000013
25.236799500000004
24.94517520000003
24.574875600000023
24.12376230000001
23.589964199999994
22.97192205000001
22.268388450000025
21.478427850000017
20.601461100000027
19.63731
18.586108200000005
17.44847939999999
16.225359150000003
14.918217599999993
13.528792200000016
12.059399550000009
10.51280175000003
8.892206400000019
7.201266600000029
5.4441255000000135
3.625460849999999
1.7502622500000198
0.0
0.0
0.0
0.0
0.0
0.0
0.0
0.0
0.0
0.0
0.0
0.0
0.0
0.0
0.0
0.0
0.0
0.0
0.0
0.0
0.0
0.0
0.0
0.0
0.0
0.0
0.0
0.0
0.0
0.0
0.0
0.0
0.0
0.0
0.0
0.0
0.0
0.0
0.0
0.0
0.0
0.0
0.0
0.0
0.0
0.0
0.0
0.0
0.0
