31.755766105966643
32.21502399038364
32.731261519104386
33.30380447340661
33.930391462245666
34.60733517982174
35.32972646672221
36.091682421583485
36.88660556946581
37.707392557214185
38.54670735134709
39.397113279041925
40.251289883550555
41.102160247477876
41.94297850443536
42.76743205691468
43.56969607788313
44.344451451342486
45.08694856796963
45.79299202256653
46.45894926596296
47.08173235162069
47.65879392086287
48.18811147392072
48.66813831944507
49.09777783467806
49.476354361134455
49.80358359028583
50.079517934211474
50.304535029517936
50.479256112169224
50.60456285316829
50.68152066650154
50.71135166795923
50.69537330305418
50.635041591609074
50.531734938857774
50.38695843863689
50.20218154387385
49.97883412677165
49.71829175633093
49.421858876032886
49.09074217483112
48.72603363603674
48.328707933353755
47.89959348584976
47.43941342630066
46.73096657733493
46.20843637921156
45.65666253841271
45.07561720249734
44.464994348802456
43.82418866522029
43.152248650026884
42.447790342004765
41.70883392921774
40.93261397828079
40.115273693391764
39.251278361291604
38.332464029959056
37.346160179145876
36.271156837452104
35.06726813520293
33.6395536033854
31.574507761477754
27.907110314164967
26.360822797054468
25.182014341420942
24.190487371650136
23.32066312800235
22.539511899500013
21.82755905834949
21.172164237052993
20.56454289839676
19.998291452972715
19.468527034392622
18.971412578827955
18.503829764129968
18.06317431744164
17.64720290596199
17.25394307572566
16.881610261522884
16.528580011801672
16.19330476481286
15.874530801180516
15.570192340326056
15.27954347952761
15.000981965823863
14.733145684319275
14.474670623735749
14.224171132280478
13.980231996591392
13.389793882942154
13.148627029374861
12.910203169961324
12.673165778825648
12.43619180476077
12.1979992011324
11.95738117162017
11.713181305709721
11.46433343409691
11.209882373237008
10.948960927118005
10.680819863523519
10.40485414497305
10.120562836349244
9.827580611362869
9.525689613513977
9.214801741550454
8.894957854782593
8.566353983244321
8.229293431916247
7.884222042434665
7.531707262936082
7.172436689494223
6.807210284459615
6.436955559110875
6.062676354339094
5.6854951189401115
5.306604907305193
4.9272972078089925
4.548921074819723
4.1729272393697805
3.80079684700881
3.4340997726572913
3.074452610164908
2.7235072588225897
2.3829525503331617
2.0545180042175937
1.739924574114723
1.4409338543815897
1.1593040507328556
0.8968123848170331
0.6552490447976379
0.43640155903515054
0.24207229598590402
0.07405029723013058
0.0
0.0
0.0
0.0
0.0
0.0
0.0
0.0
0.03804946697789319
0.23036154476106277
0.4685880769552796
0.754741334269379
1.0910161533826135
1.4798223434135458
1.923909755409045
2.4264847704838712
2.9914532578181205
3.6236974591253603
4.329630116041438
5.118003616991843
6.0014415310990845
6.999518894108502
8.145539502361075
9.505410298893896
11.254651173785497
15.310877154028201
17.877244791319814
19.518503556226644
20.87577387818159
22.073262956724257
23.161574789222573
24.16670511101709
25.103788041764002
25.982227467364893
26.808079859254676
27.58535164352631
28.316661079291546
29.003670879097477
29.64738017780942
30.2483211983596
30.806647117197883
31.322272225258384
31.794897834302766
32.22408119166725
32.60927721301613
32.94985463915571
33.24511791205454
33.49432515103526
33.69668685766882
33.85137441008714
33.95753430908018
34.01427055772737
34.02068541239636
33.97581948062606
33.878680512088586
33.7282092259614
33.52325368265451
33.262504085354834
32.94449282803201
32.567450058299826
32.129259699437
31.62724079134509
31.057972860746737
30.416884193397834
29.697742457014694
28.891569737849878
27.984863703049317
26.955721361426065
25.764411716470345
24.323791810013045
22.335777110089253
18.010199728931845
16.01435148405605
14.51920268084551
13.245363276107518
12.106861195460711
11.063908824482464
10.094621947064566
9.185809129563166
8.329056882944657
7.518867084473577
6.751625437130613
6.0249718238797305
5.33747169891941
4.688353407993138
4.077313655501703
3.504447857044379
2.970142259285983
2.474991425142821
2.019762717748049
1.6053631679003253
1.2327741024989678
0.903056071215433
0.6173341199203355
0.37673409341622577
0.18242793160912926
0.03559631063896177
0.0
0.0
0.0
0.0
0.05636039621556847
0.22046241825093604
0.44119198189735015
0.7202418223919063
1.0595543650126025
1.4614351364080813
1.9286887451098027
2.4648516095370065
3.0745069184080855
3.7638348844526672
4.541461471976245
5.420065990272228
6.419406746972868
7.573271658636507
8.948346732372434
10.720160102115129
14.819012530829038
17.53971174053335
19.25359608051599
20.675521683883478
21.936502405717576
23.089564400258123
24.1619131344956
25.169493818717612
26.122271907406184
27.026768807316234
27.887362522624407
28.70702403066616
29.487725880897262
30.230766609631864
30.936971949069775
31.606797493383855
32.24050311668485
32.83819085597425
33.39989260399702
33.92564831377157
34.415514148540005
34.8696228488114
35.288222772577264
35.671724003591535
36.02068617722604
36.335910910985625
36.618417098484706
36.869474497037
37.09064978226905
37.28378596962681
37.45102107917854
37.59479324025795
37.71783012806482
37.8231350785375
37.913955758200764
37.99376452756131
38.066185230916744
38.13496680464228
38.20388240724804
38.27663580023494
38.35679062073692
38.447636047600554
38.552099760288776
38.67264437549406
38.81116432720992
38.96893843163123
