0.0
0.0
0.0
0.0
0.0
0.0
0.0
0.0
0.0
0.3771449777626458
1.4871719705784745
2.806971510270514
4.391491720350107
6.3614583518212715
9.113748211666914
15.269988429802433
18.18458560368019
20.37996233541028
22.26856744147926
23.968773716351297
25.533756281673313
26.99238351607185
28.362099272946427
29.654184731761962
30.876267293612056
32.033707708205384
33.13035136080937
34.16900287106667
35.15176090033239
36.08020140003849
36.95552730865364
37.77868555305969
38.55044077620938
39.2714056890836
39.94212449019018
40.563074968197455
41.13471390323405
41.65748359946913
42.131842669587414
42.558261755428376
42.93726007763032
43.26942363733302
43.55538196638154
43.79585139098445
43.99162565376611
44.143613669974975
44.252808224380296
44.32030408938414
44.347312953702165
44.335151075161484
44.28525336166612
44.19914471694691
44.07848767711458
43.92503473517125
43.74067397530058
43.52731782115112
43.287050064375855
43.02198301415636
42.7343095300016
42.42624100060802
42.10004215177578
41.75793862311236
41.40215033648991
41.03483823268428
40.65808296351873
40.27386736402445
39.884015237458925
39.4901996621444
39.09388594897303
38.69632641011718
38.29850255185748
37.90111294304095
37.50453181865504
37.108762444979746
36.71338185638691
36.31753056881603
35.91980759061736
35.51825810111465
35.11026070233799
34.692451836745846
34.260539663836994
33.809050356979185
33.33091265762037
32.81664708438357
32.25291344450362
31.6192294117434
30.879579449626004
29.952789278609124
28.460519088921874
25.968697092813755
24.838968135387024
23.907628262061568
23.066679070492665
22.275541819571714
21.513666755536544
20.769080802002517
20.034222924649686
19.304106942059487
18.575401140074106
17.845912290458454
17.114233254425123
16.379561200805032
15.64154028249984
14.9001786118816
14.15573507467719
13.408702974493082
12.659745632399755
11.909643058026605
11.159329245686191
10.409767442178289
9.662028102422232
8.91721014299243
8.176459716702093
7.440942707407255
6.711819501021262
5.990247841624542
5.277357867808551
4.574256968915836
3.8819847497891624
3.201566888268285
2.533924036357862
1.8799271508976245
1.2403943660046297
0.6160653949174321
0.007625730099616704
0.0
0.0
0.0
0.0
0.0
0.0
0.0
0.0
0.0
0.0
0.0
0.0
0.0
0.0
0.0
0.0
0.0
0.0
0.0
0.0
0.0
0.0
0.0
0.0
0.0
0.0
0.0
0.0
0.0
0.0
0.0
0.0
0.0
0.0
0.0
0.0
0.0
0.0
0.0
0.0
0.0
0.0
0.0
0.0
0.0
0.0
0.0
0.0
0.0
0.0
0.0
0.0
0.0
0.12914609071550104
1.0178851786927634
2.0237810908703726
3.212033581464084
4.773038926119491
8.345705160204782
10.159843527604604
11.44791562910912
12.537914622157501
13.51633759991401
14.422035835841875
15.276573341199335
16.0934404698436
16.881785592730914
17.648182881340013
18.397274111259645
19.132899661739845
19.85781394087971
20.574211207417292
21.283775385701308
21.98780891882641
22.687261335046124
23.382823165148203
24.074938983197917
24.763853763831477
25.449640822503742
26.132200547545725
26.811283659367874
27.486502628437655
28.157338138476106
28.82315093037406
29.483164887355326
30.136528622356227
30.782269564515936
31.41933962513888
32.04661105064566
32.6629132257261
33.26701817725054
33.85767659459141
34.433609528612024
34.99354980470461
35.53619822354493
36.06027451688088
36.564514389588034
37.04767413854159
37.50856618042706
37.94602969258183
38.35897468051776
38.74635105385426
39.10720431719395
39.44062824444689
39.74581571116219
40.02201685676508
40.268584003582276
40.48494943154095
40.67061665939694
40.825174160863114
40.94828648153091
41.03968435484372
41.09915614575431
41.12653775421322
41.12169415731046
41.08451132105284
41.01485493927065
40.912587935901186
40.77751451719263
40.609394606887925
40.40789453739038
40.172570577614515
39.90284621189561
39.59798808806669
39.25701513105406
38.87877092593447
38.461758191457776
38.00415572975532
37.50367644709515
36.95745534561194
36.36189073038695
35.7124005028027
35.003030665537025
34.225858762193795
33.369921519052276
32.41923466342627
31.3485853307847
30.113249990588205
28.61577777630509
26.510882764996765
22.07028892524641
20.05713412278271
18.514006401720284
17.179301405398288
15.96849395943106
14.841556064112577
13.776081279511466
12.758304293805205
11.77929804871497
10.833097464330036
9.915652983255239
9.024233631271972
8.156998569944731
7.312755958315231
6.490779127452948
5.690645551566938
4.912136789486736
4.155156757508194
3.4196891823196416
2.705739293887034
2.0132522406979367
1.342176131481524
0.6923666373402512
0.06362564782688879
0.0
0.0
0.0
0.0
0.0
0.0
0.0
0.0
0.0
0.0
0.0
