17.884512407722088
17.814771944675694
17.70705192451256
17.562200853969355
17.382051089942646
17.169193873187464
16.926742244983416
16.658178960711812
16.36714878851645
16.05733092551092
15.732337333213936
15.395664379148105
15.050632092123212
14.700385830744658
14.347885413452772
13.995923111626162
13.647129110638625
13.303972932534846
12.968822474016534
12.643916443164438
12.33140592496751
12.033377184383019
11.751838980261844
11.48875740096523
11.246052036782114
11.025586613678376
10.829183601589273
10.658646394536797
10.515731850224862
10.402172105625715
10.319694450547338
10.270016163570215
10.254875038027324
10.276019950767596
10.335277519669729
10.434548545609491
10.57587116722723
10.76149572841828
10.993912061526578
11.275983991342576
11.611082432956833
12.003305875077137
12.45780883093155
12.981341985997275
13.583174155035445
14.27682285759302
15.083641989670978
16.04148858181376
17.23213552642785
18.936872863480634
22.565371298761505
24.221355236287593
25.50317318464472
26.622716970264218
27.64590631112836
28.603070709226166
29.510784460674603
30.379030008667534
31.21418872764949
32.02047205611757
32.80069324380511
33.55675084995239
34.28987831294417
35.00084798401395
35.690102443151964
36.35781353188805
37.00398363864203
37.62847586611322
38.2310529119564
38.81139632644749
39.369163194431955
39.90397356620678
40.41540875103455
40.903063667961725
41.36650600574541
41.805323679028824
42.21909871742372
42.60743598587907
42.969938546437135
43.30625607107426
43.616065659616
43.89906616147046
44.154996273760325
44.3836096718686
44.58470490062124
44.75809684230775
44.90361945631963
45.021120478028585
45.11047649387663
45.17155054477185
45.20423796348164
45.208409385702225
45.18394143602379
44.93272507285622
44.845779938634664
44.730099559179415
44.58547407816971
44.411646690903545
44.208300616789074
43.9750272972844
43.71134026226858
43.416647055016035
43.09022578992302
42.73116540592962
42.33835530653316
41.9104111182411
41.44558100061859
40.941657301761424
40.39578182002634
39.80420614486785
39.16186276137265
38.46165913354055
37.6932550756395
36.84045248993685
35.87540039666877
34.74188952003386
33.28306688709098
29.876182231209523
27.929178026784534
26.620406909967077
25.53353209324057
24.572056968494365
23.69415355307865
22.877151368326512
22.107214378291914
21.375199561059993
20.674794974197905
20.00144908749155
19.351815061737263
18.723395661380746
18.114271131466122
17.52300556023068
16.94848549213671
16.38987688005145
15.84655698426123
15.318037728939373
14.803975668007581
14.304109971456786
13.81824736763192
13.346233854229997
12.887956180660108
12.443319659045486
12.012218107566799
11.594517419882182
11.19021786387264
10.799134404663185
9.928381854797161
9.551264348947525
9.187516232184125
8.836874237137147
8.499058877567172
8.173764222096029
7.860613274051566
7.559222796946654
7.269174712130159
6.9900213934172255
6.72127591786345
6.462431809765981
6.212926499315097
5.972188996192893
5.73962253980726
5.514596256537543
5.296477438071779
5.084620227770268
4.878378436065202
4.677119286802387
4.480213370599268
4.287070297504856
4.09711158223686
3.9098133281772265
3.7246950118815083
3.541323712498729
3.359324998000777
3.178395437455913
2.998302864626442
2.8188639669510462
2.639970607682451
2.4615713462531583
2.2836789541344706
2.1063864575934326
1.9298471451829686
1.7543053827779864
1.580084565835789
1.4075818607897508
1.2372742339665614
1.0697037827110876
0.9054835179453334
0.7452798379428873
0.5898173287426494
0.4398514311608392
0.2962104665372635
0.1597241528130189
0.03128958514795158
0.0
0.0
0.0
0.0
0.0
0.0
0.0
0.0
0.0
0.0
0.0
0.0
0.0
0.0
0.0
0.0
0.004860045336911299
0.18622474237758296
0.3945784067289333
0.6311821459206612
0.8974188832440405
1.19478846957109
1.5249824471922762
1.8899218943073584
2.2918561699708015
2.7335142334214377
3.218278408891972
3.7505113042108587
4.336038159761078
4.982977245966303
5.7032629432786734
6.515779868799008
7.45379305484875
8.587878793141574
10.146577075999238
13.556359746003091
15.142039542429115
16.330896386874212
17.353166315440202
18.277928089230247
19.137182822242124
19.948892102953998
20.724302829695418
21.471060366951843
22.194619286802176
22.89902901443612
23.587414212395288
24.262211655100252
24.925384655604457
25.578508678185646
26.222872826325695
26.859538283721385
27.489346517564417
28.112990184813697
28.73099120933255
29.343742281693487
29.95149824807886
30.554378623243103
31.152397929155615
31.7454252278217
32.33322518161335
32.91542830670922
33.49152430723651
34.06088936502789
34.6227571038663
35.17624942430299
35.72036827249334
36.25400869472222
36.775972039328536
37.2849555279833
37.77959424548258
38.258453899461244
38.72003914768256
39.16285888838609
39.585378293709226
39.98610384231057
40.3635727867098
40.71637231405044
41.04318623710734
41.34280120965861
41.61415657642494
41.85635489492242
42.06869601687434
42.25069502897899
42.40214122183119
42.52310294397442
42.61396025939386
42.6754481096312
42.70866315534521
42.715103819079516
42.69667358199723
42.655661923120235
42.59482182327873
42.517303997868396
42.4266756250947
42.32687103826347
42.22216089052319
42.11711922582064
42.01653852046351
41.92533997541881
41.848472608829
41.79075987912468
41.75678647272852
41.75071924154158
41.776141149247685
41.83593637233712
41.93215280212586
