0.0
0.0
0.0
0.0
0.0
0.0
0.0
0.0
0.0
0.0
0.0
0.0
0.0
0.0
0.0
0.0
0.0
0.0
0.0
0.0
0.0
0.0
0.0
0.0
0.0
0.0
0.0
0.0
0.0
0.0
0.0
0.0
0.0
0.0
0.0
0.9617272499999876
2.763641100000003
4.567737899999984
6.368805299999984
8.161630949999994
9.94086885
11.701173000000004
13.437063750000021
15.143239650000003
16.814265600000038
18.444929250000015
20.030062800000007
21.564676650000013
23.043914850000007
24.46314420000001
25.818043350000018
27.104513700000012
28.318902150000017
29.45791200000003
30.518870250000013
31.49972760000003
32.399414850000014
33.21815475000001
33.958174799999995
34.62491010000001
35.22963180000001
35.79501585000001
36.36984450000002
37.07493735000002
38.04559275
38.60830380000001
38.99807174999999
39.22331655000001
39.29085434999999
39.20656575000001
38.975618550000014
38.6026905
38.092236599999985
37.44862275
36.67603665000002
35.77884420000001
34.761544950000015
33.62863845000001
32.38493610000001
31.035382949999992
29.585325000000015
28.040152800000016
26.40561330000001
24.687720750000004
22.89280125000003
21.027314550000032
19.098076799999994
17.111993250000015
15.076325550000004
12.998379900000025
10.885729800000014
8.745859650000007
6.586521149999989
4.415332350000011
2.240044949999996
0.0681879000000248
0.0
0.0
0.0
0.0
0.0
0.0
0.0
0.0
0.0
0.0
0.0
0.0
0.0
0.0
0.0
0.0
0.0
0.0
0.0
0.0
0.0
0.0
0.0
0.0
0.0
0.0
0.0
0.0
0.0
0.0
0.0
0.0
0.0
0.0
0.0
0.0
0.0
0.0
0.0
0.0
0.0
0.0
0.0
0.0
0.0
0.0
0.0
0.0
0.0
0.0
0.0
0.0
0.0
0.0
0.0
0.0
0.0
0.0
2.2221803999999903
4.638082349999994
7.068685800000013
9.50686275
11.945351550000021
14.3770242
16.794485400000024
19.19060715000002
21.558172350000003
23.890186650000004
26.179878449999993
28.420654349999996
30.606099150000006
32.73010950000001
34.78680479999999
36.77070540000004
38.67655440000002
40.499540400000015
42.235297500000016
43.87972710000003
45.42930975
46.88101605000001
48.232306650000034
49.481354999999986
50.63346255000003
51.63886695000002
52.544746650000015
53.35453200000002
54.074727300000006
54.717271950000004
55.30502010000003
55.88519475000001
56.571086550000004
57.51354180000002
58.0306782
58.355982300000036
58.50754139999999
58.499522400000004
58.3431519
58.0476072
57.62068455000002
57.06911099999999
56.398678050000015
55.61477625000002
54.72221699999999
53.72567805
52.62912435000001
51.43705545
50.084443200000024
48.73183095
47.379218700000024
45.63949665000003
43.80813525
41.89048050000003
39.89187840000001
37.81794225
35.67428535000003
33.466699200000015
31.201064400000035
28.883439750000015
26.519928600000018
24.116634300000026
21.679793850000024
19.21564424999999
16.730422500000014
14.230365600000013
11.721621450000008
9.210293400000005
6.702351150000036
4.203675299999996
1.7198791499999988
0.0
0.0
0.0
0.0
0.0
0.0
0.0
0.0
0.0
0.0
0.0
0.0
0.0
0.0
0.0
0.0
0.0
0.0
0.0
0.0
0.0
0.0
0.0
0.0
0.0
0.0
0.0
0.0
0.0
0.0
0.0
0.0
0.0
0.0
0.0
0.0
0.0
0.0
0.0
0.0
0.0
0.0
0.0
0.0
0.0
0.0
0.0
0.0
0.0
0.0
0.0
0.0
0.0
0.0
0.0
0.0
0.0
0.0
0.0
0.0
0.0
0.0
0.0
0.0
0.0
0.0
0.0
0.0
0.0
0.0
0.0
0.0
0.0
0.0
0.0
