0.0
0.0
0.0
0.0
0.0
0.0
0.0
0.0
0.0
0.0
0.0
0.0
0.0
0.0
0.0
0.0
0.0
0.0
0.0
0.0
0.0
0.0
0.0
0.0
0.0
0.0
0.0
0.0
0.0
0.0
0.0
0.0
0.0
0.0
0.0
0.0
0.0
0.0
0.0
0.0
0.0
0.0
0.0
0.0
0.0
0.0
0.0
0.0
0.0
0.0
0.0
0.0
0.0
0.0
0.0
0.0
0.0
0.0
0.0
0.0
0.0
0.0
0.0
0.0
0.0
0.0
0.0
0.0
0.0
0.0
0.0
0.0
0.0
0.0
0.0
0.0
0.0
0.0
0.0
0.0
0.0
0.0
0.0
0.0
0.0
0.0
0.0
0.0
0.0
0.0
0.0
0.0
0.0
0.0
0.0
0.0
0.0
0.0
0.0
0.0
0.0
0.0
0.0
0.0
0.0
0.0
0.0
0.0
0.0
0.0
0.0
0.0
0.0
0.0
0.0
0.0
0.0
0.0
0.0
0.0
0.0
0.0
0.0
0.0
0.0
0.0
0.0
0.0
0.0
0.0
0.0
0.0
0.7985851499999912
2.518794300000029
4.211159700000032
5.872384650000021
7.499395200000012
9.0892065
10.638967350000001
12.145960200000008
13.607645700000004
15.021618150000018
16.385739150000006
17.697870300000012
18.956229600000015
20.1590796
21.304950149999996
22.39263839999999
23.421030600000023
24.389369400000025
25.297164750000015
26.144238450000017
26.930857800000005
27.657735600000024
28.32638655000002
28.939305450000017
29.50027905000002
30.01549980000003
30.494679600000026
30.95425740000001
31.423235249999998
31.95863715000002
32.68310925000001
33.082054499999984
33.378401100000005
33.57580214999999
33.67733159999999
33.685707000000015
33.60346770000003
33.432796649999986
33.17583224999999
32.83453470000001
32.410730550000025
31.906290899999995
31.322953200000008
30.66249944999999
29.926622549999994
29.117193600000014
28.235905500000012
27.284629350000014
26.265236250000022
25.17964185
24.029895450000005
22.818090900000023
21.54645569999999
20.21726190000001
18.83304885000001
17.396400450000012
15.910034250000002
14.376846000000008
12.799865100000009
11.182254600000025
9.527400299999998
7.838777100000016
6.120038100000032
4.375014600000029
2.6075824500000415
0.8217957000000147
0.0
0.0
0.0
0.0
0.0
0.0
0.0
0.0
0.0
0.0
0.0
0.0
0.0
0.0
0.0
0.0
0.0
0.0
0.0
0.0
0.0
0.0
0.0
0.0
0.0
0.0
0.0
0.0
0.0
0.0
0.0
0.0
0.0
0.0
0.0
0.0
0.0
0.0
0.0
0.0
0.0
0.0
0.0
0.0
0.0
0.0
0.0
0.0
0.0
0.0
0.0
0.0
0.0
0.0
0.0
0.0
0.0
0.0
0.0
0.0
0.0
0.0
0.0
0.0
0.0
0.0
0.0
0.0
0.0
0.0
0.0
0.0
0.0
0.0
0.0
0.0
0.0
0.0
0.0
0.0
0.0
0.0
0.0
0.0
0.0
0.0
0.0
0.0
0.0
0.0
0.0
0.0
0.0
0.0
0.0
0.0
0.0
0.0
0.0
0.0
0.0
0.0
