36.58875439999999
36.24874879999998
35.912722999999986
35.577053599999964
35.2379687
34.89172609999996
34.5345539
34.162888099999996
33.77328350000003
33.362651300000024
32.92819969999997
32.467552700000006
31.978690699999976
31.460098999999975
30.910649000000014
30.32974669999998
29.71718419999999
29.073228799999992
28.39856359999996
27.69425779999997
26.96173700000001
26.20287230000001
25.419712999999977
24.614694499999967
23.790460099999983
22.949801600000015
22.095807799999996
21.23162689999999
20.36052589999999
19.485860899999984
18.611047399999983
17.739471199999993
16.87454780000001
16.019603599999982
15.177964999999999
14.352809899999974
13.547227099999999
12.764246000000023
12.00668809999997
11.277256099999981
10.578533899999991
9.912838099999975
9.282425900000016
8.689316899999994
8.135322800000022
7.622047399999976
7.150975699999988
6.723295700000014
6.340076600000013
6.00209060000002
5.710020799999998
5.464193900000009
5.241325099999963
4.98305389999999
4.8590266999999585
4.842097699999988
4.916317999999995
5.071500499999997
5.300784500000011
5.599180399999973
5.962827199999966
6.388546999999993
6.8736668000000085
7.415751199999998
8.012572699999973
8.661903799999987
9.36169519999998
10.109867899999966
10.904253799999974
11.742833299999997
12.623438300000025
13.543960099999975
14.502200899999993
15.496052000000006
16.523315599999993
17.5817939
18.669318799999996
19.78378160000001
20.922984500000027
22.084878199999984
23.267324300000016
24.468362599999992
25.685943799999986
26.918167099999984
28.163191099999995
29.419144700000015
30.684305300000002
31.95700969999998
33.23559470000001
34.518545600000024
35.80434769999998
37.09160510000002
38.37898130000001
39.6651695
40.948951999999984
42.22917049999999
43.5047855
44.77472779999998
46.03804700000002
47.29385209999999
48.54131149999997
49.77965299999997
51.00813410000001
52.226101399999955
53.4329312
54.6280592
55.81092109999999
56.9810714
58.138034899999994
59.28142549999999
60.41079770000002
61.52579509999999
62.626120699999994
63.711388400000025
64.7813309
65.83562149999999
66.8739929
67.89614809999996
68.90184950000003
69.89082979999996
70.86285139999997
71.817647
72.75503839999999
73.67166950000001
74.55586819999999
75.42200929999998
76.26994430000002
77.09949499999998
77.91051289999999
78.70284950000001
79.47638599999999
80.2310036
80.96664289999997
81.68315539999999
82.38051140000002
83.05868119999998
83.71760540000001
84.35728399999999
84.977717
85.57893410000001
86.16099469999997
86.72395819999998
87.26791370000001
87.79295029999999
88.29921650000001
88.78683110000001
89.25594259999997
89.7067886
90.1395176
90.5543672
90.9515453
91.3312895
91.69383739999999
92.0394563
92.36838379999998
92.6809169
92.97726349999998
93.2577503
93.5226446
93.77221370000001
94.00678429999996
94.22662370000002
94.43205859999998
94.6235048
94.8013484
94.96603489999997
95.11806919999998
95.2581344
95.38691359999999
95.50538689999998
95.61468290000002
95.7162272
95.7641927
95.7880121
95.7934769
95.78037920000003
95.74845169999998
95.6974568
95.62703810000002
95.5368392
95.42653339999998
95.29570489999998
95.14387849999999
94.97060869999999
94.77544999999995
94.55783809999998
94.31726809999996
94.0531757
93.76499659999999
93.45207740000002
93.1138835
92.74973179999998
92.35896889999998
91.94100080000003
91.49514440000002
91.02071659999997
90.51709369999999
89.98359259999998
89.4195896
88.82449070000003
88.1976128
87.53842129999998
86.84635189999999
86.12087
85.3615004
84.56776789999998
83.7392567
82.8756401
81.97656169999998
81.04178390000003
80.07109880000002
79.06435789999996
78.02144239999998
76.94235230000002
75.82711730000001
74.67588589999997
73.48877689999999
72.24679715000002
71.0048174
69.640934
68.23989589999996
66.80235649999997
65.32902859999996
63.820684399999976
62.278274299999985
60.702778400000014
59.095295599999965
57.457013900000014
55.78918069999997
54.093221599999985
52.37053250000001
50.622717200000025
48.85140919999998
47.05830140000001
45.24526490000001
43.4141114
41.56683080000002
39.7054724
37.83208550000001
35.948867899999975
34.057957999999985
32.16164269999997
30.262179199999977
28.3618544
26.463014599999987
24.568035799999976
22.67920489999997
20.798927599999985
18.92949079999998
17.07327050000003
15.232523900000011
13.409597299999996
11.606718200000012
9.826084399999957
8.069923400000029
6.340373600000023
4.639543699999974
2.969542400000005
1.3323298999999713
0.0
0.0
0.0
0.0
0.0
0.0
0.0
0.0
0.0
0.0
0.0
0.0
0.0
0.0
0.0
0.0
0.0
0.0
0.0
0.0
0.0
0.0
0.0
0.0
0.0
0.0
0.0
0.0
0.0
0.0
0.0
0.0
0.0
0.0
0.0
0.0
0.0
0.0
0.0
0.0
0.0
