41.327166852746565
42.26151313094678
43.22307294173855
44.21150410086237
45.22527097993451
46.26171762682293
47.317069164806746
48.386973792334175
49.46506064942802
50.546135814880785
51.623287661374235
52.689544372561734
53.73772686801398
54.76057542711284
55.750885195589746
56.70163130667634
57.606049759181374
58.457712124415764
59.25062249111218
59.97925623162153
60.63857974353213
61.22409914784636
61.73184112992805
62.15840698441442
62.500883942968656
62.75688628905057
62.924519800000816
63.00221249654384
62.988866798494215
62.883693844860005
62.68609302099029
62.39564991337386
62.01198495639497
61.534909583610286
60.257878508063726
59.5620788254806
58.77526693126313
57.89636381221348
56.9234841606479
55.853619841773806
54.68229934061631
53.40301612541798
52.006484663174504
50.47927237377539
48.80154025032751
46.94264478333584
44.85172309173677
42.43286482781198
39.453200507815986
34.499452962807325
27.698192200234807
24.667961156487802
22.240015192294983
20.12064358112646
18.194991787396027
16.403920588801057
14.712403321670216
13.097910348891109
11.5451991723602
10.042460325076025
8.58430218190998
7.164249775466184
5.779033464947073
4.424152804544356
3.098704286022694
1.8015165443086834
0.5320034453086703
0.0
0.0
0.0
0.0
0.0
0.0
0.0
0.0
0.0
0.0
0.0
0.0
0.0
0.0
0.0
0.0
0.0
0.0
0.0
0.0
0.0
0.0
0.0
0.0
0.0
0.0
0.0
0.0
0.0
0.0
0.0
0.0
0.0
0.0
0.0
0.0
0.0
0.0
0.0
0.0
0.0
0.0
0.0
0.0
0.0
0.0
0.0
0.0
0.0
0.0
0.0
0.0
0.0
0.0
0.0
0.0
0.0
1.037939723582233
3.446114944516446
7.6165717471137295
9.380387313093287
10.747940191768263
11.921208255641366
12.973915462382088
13.943133908809433
14.850667170594102
15.710447384601217
16.531921041513865
17.321649250632166
18.084280804921637
18.823098640577733
19.540368889087095
20.23762239277467
20.91571133536604
21.575127636010695
22.2159314542899
22.837900002692635
23.440558064347858
24.023247422741097
24.585155592255823
25.125347808871442
25.642793448752272
26.136533329225905
26.605306961259533
27.048095423621803
27.46377983537441
27.851272422017416
28.209500548392484
28.537454568351293
28.834162130842728
29.098675307513926
29.33012582549005
29.527690066860057
29.690581091838567
29.818089265223886
29.90956414152118
29.964396197772274
29.982058846215843
29.96204533028837
29.903926067917062
29.807290882354593
29.671777862427213
29.49702629822696
29.282692735328787
29.028410376001677
28.733788569622966
28.39835658191744
28.02157362601212
27.602795559165045
27.14121384124379
26.63581765124679
26.085319536634177
25.48802228026807
24.841702497202643
24.14334968381244
23.388775186433705
22.57201176206396
21.684132542656638
20.711113361601367
19.629017190263998
18.391359748242014
16.883428244301307
14.504237897660628
10.779410645687552
9.171407030049567
7.910986955487866
6.835398754736339
5.883301490805957
5.023806191847053
4.239046650160329
3.517753073889985
2.8524665050190743
2.238075809293432
1.671033462403418
1.148897010650146
0.6699685721962885
0.2331524120991867
0.0
0.0
0.0
0.0
0.0
0.0
0.0
0.0
0.0
0.0
0.0
0.0
0.0
0.0
0.0
0.0
0.0
0.0
0.2811948456322898
0.8169776860426397
1.4317727145738957
2.1367775497988077
2.948461592798753
3.892804977516098
5.015464510345701
6.4136474805556265
8.410831833792281
12.768865206501117
14.796898333461137
16.377625743101234
17.777539628808267
19.078625686348474
20.31912750111185
21.520531025644132
22.696370301287637
23.85579224409378
25.005314505426067
26.149721809061806
27.292588305206245
28.436653099050766
29.58393014953777
30.73590137472314
31.89357832122058
33.05753622324755
34.227965821166165
35.40471584552408
36.58728402989601
37.77485490006113
38.9662899231582
40.16016250532915
41.3547367258425
42.54800638487327
43.73769925821342
44.92127828678296
46.0959477392889
47.258690706060435
48.40628801761609
49.535326016624396
50.64264276358172
51.72337577956552
52.774852654443194
53.79286341437718
54.77359503320095
55.713249065552965
56.60812616460258
57.454637317968334
58.249380651993434
58.98918245120633
59.67116349024724
60.29276175747174
60.85185084888323
61.346727872562056
61.776308207137646
62.139909928254255
62.43767748582177
62.670375967696984
62.83953465923918
62.947473067792394
62.99731851629034
62.993130397795596
62.19508205515054
62.04805530774276
61.86503563496031
61.6537979848148
61.42282530952055
61.18139452238131
60.93922167898647
60.70644245655788
60.49342627273569
60.31046920473493
60.167571287298045
60.07407893427256
60.03833760149829
60.067358712992984
60.16646380314849
60.3390567441045
