8.148133359188696
7.953942660127798
7.797239003221437
7.679949897982997
7.60405185718746
7.571499930968989
7.584276864877718
7.644348457150922
7.753708789587665
7.9144080470132305
8.128608948369697
8.398664405036703
8.72727105518565
9.117640675576277
9.573819540989085
10.10113098104416
10.706991301829424
11.402341375252487
12.204466512878243
13.143481586663944
14.280948872912274
15.791983168151019
19.35565437130768
21.290955876082887
22.63696746510056
23.772092383689778
24.786160360125308
25.71732042875456
26.58565674366726
27.403039795840392
28.177073432322825
28.91283478034654
29.613867473442056
30.282690824133343
30.921110868485957
31.53046406671927
32.111736272202286
32.66565066650023
33.192781490811534
33.69355151248899
34.168308370207235
34.61732146503177
35.04082318914564
35.439030744161386
35.812147449074565
36.16038421252734
36.48397637670009
36.783167377548644
37.05820800027218
37.30939488957427
37.53700467018137
37.74136834814949
37.92280931485
38.08167354379087
38.21827797300895
38.33297771507265
38.42610993397456
38.49799266249544
38.54890984476656
38.57912619318073
38.58887524373278
38.57836469787289
38.547759751238544
38.49718512469976
38.42675675267617
38.33651324952613
38.22648659814825
38.09665309648592
37.94696721414892
37.77733078861376
37.58761613596842
37.37763346634701
37.14714500299988
36.89583073280714
36.62330331939261
36.32907440853514
36.01253710175247
35.67296487601509
35.30943825152581
34.92083450253605
34.50574730248148
34.062411230711035
33.58848092194432
33.080851947190325
32.535173805312205
31.94515255088333
31.302034934541073
30.5870458431949
29.77296446471364
28.78900492476103
27.337789385822283
24.70640530255015
23.574716291273006
22.69782231453385
21.948404130419277
21.28058129976058
20.671382341047337
20.1073150385771
19.579654717257228
19.082319652128607
18.610872436649096
18.161921890715814
17.732773316285
17.321237271183556
16.925459376172743
16.54385425437327
16.17502113875628
15.817709060242766
15.470779352495311
15.133171947880392
14.80387254636887
14.481905579975072
14.166355693977803
13.856296000308323
13.550862695767515
13.249196228577645
12.950470707380369
12.653870802210715
12.358627026564779
12.063963822269647
11.76914989165542
11.473485770148777
11.176303944232718
10.876993090451153
10.575007473123044
10.269836226684967
9.961045957904705
9.648261507898258
9.331144193387333
9.009427806427654
8.682878411054016
8.351351609508352
8.014749732139322
7.673048536457673
7.3263023756047
6.974602509804449
6.6181232439811675
6.257102869253538
5.891814529387334
5.52262788138157
5.14992719353158
4.774168982095467
4.39583621072087
4.015453741018257
3.633554867070907
3.250713301903513
2.8675086001900674
2.484550829997502
2.102460213840477
1.721888933532723
1.3435062890483118
0.9679904531579291
0.5960568193485415
0.22840482515797475
0.0
0.0
0.0
0.0
0.0
0.0
0.0
0.0
0.0
0.0
0.0
0.0
0.0
0.0
0.0
0.0
0.0
0.0
0.0
0.0
0.0
0.0
0.0
0.0
0.0
0.0
0.0
0.0
0.0
0.0
0.0
0.0
0.0
0.0
0.0
0.0
0.0
0.0
0.0
0.0
0.0
0.3289653746327167
1.1809482497879298
2.151805963578411
3.281702566269587
4.65320865189195
6.514556936694139
10.79342887723052
12.914300129810984
14.476157885120303
15.823064836344395
17.048827408095317
18.195356617362673
19.285421089611926
20.33308289868877
21.34745330783594
22.334837614448762
23.299529184386575
24.244804223720095
25.172887797506903
26.085371883897125
26.983362904764192
27.867575034925476
28.7384287240668
29.596090591458232
30.44052134448088
31.271532608816056
32.08878226455542
32.89182173153029
33.68011562218333
34.45303777598253
35.209905701546724
35.950010824264794
36.672576029301375
37.376823277730104
38.06194836405975
38.72714708750498
39.37162100881647
39.99460025504257
40.59533229933101
41.17311300025646
41.72725430239525
42.257132701719364
42.762179269250204
43.24184665080194
43.69566398885616
44.123198398981295
44.524072760110265
44.89795114645253
45.24454250801437
45.56358762012421
45.85484530877268
46.118086792903284
46.35311181495217
46.559711588490394
46.73766249460565
46.886741899869385
47.0066855879164
47.09719687655235
47.15794325032597
47.188458930858545
47.1882787183769
47.15682523435867
47.09345459253306
46.99740905209901
46.86783422975294
46.703761571988636
46.50408674042345
46.26757933523513
45.992847210370826
45.678337798524474
45.32231970501107
44.92286954309513
44.47782341637088
43.79614199084102
43.25307347204209
42.657007854871246
42.00419410445796
41.29006291054831
40.508839219190634
39.65289241004057
38.71165772685946
37.66942678483627
36.50081483962847
35.15908227732597
33.536881680448126
31.200009022307878
26.739548095912525
24.811717420935466
23.332420062034473
22.07398879026031
20.95799962523108
19.94669672332193
19.01896012913542
18.161938859295987
17.36747394893489
16.63026178474128
15.946867821072578
15.31513005084718
14.733768988945378
14.202108859388773
13.719941808249605
13.287327607609848
12.904546264273618
12.57188741818294
11.879818416351835
