2.137998565361736
1.9916063617114015
1.823090166341558
1.633548994823907
1.4249823829094477
1.200184427880431
0.9626283162969048
0.7163393086603651
0.4657590707566965
0.21561344317276734
0.0
0.0
0.0
0.0
0.0
0.0
0.0
0.0
0.0
0.0
0.0
0.0
0.0
0.0
0.0
0.12235931023082686
0.5886813216281098
1.1433044354595723
1.797392906993632
2.566900003481046
3.4765603972118018
4.569211167263525
5.9337807005169685
7.845012656736609
12.250021355632125
14.408529000061822
16.04360658076912
17.47577271692679
18.79455214931375
20.039752275358964
21.232856133697233
22.386810301944337
23.509755351993633
24.60734256945886
25.68324700671144
26.739997813724976
27.77925367590062
28.8020290345566
29.80882668191702
30.799779267180874
31.774661974849515
32.73298987415118
33.67406288085451
34.59697573565996
35.5006817434981
36.3839771430349
37.24558178440651
38.084101934441144
38.89808851550665
39.686044486360295
40.44643677644817
41.177735354770306
41.878412716908095
42.54696314372419
43.18192395987544
43.781886580063805
44.345512262239254
44.87153768775487
45.35879153620016
45.806197089119586
46.21277208402608
46.57765635220288
46.900079213909876
47.179381294575506
47.41502173420848
47.60657518223742
47.75372081899235
47.85624004122793
47.914026200667266
47.927103850344736
47.895511064063555
47.81945364324578
47.69919513111985
47.5350626526488
47.32744274839353
47.07674708383476
46.78342164219479
46.44789511310836
46.07057531893832
45.65179281023139
45.19180417139828
44.690708967476596
44.14842898186761
43.5646233710667
42.93862994088977
42.09819728509747
41.3874203019909
40.63005917181824
39.822440086357624
38.95917097545447
38.03223703510832
37.02928879787009
35.93012983332978
34.698311934470496
33.25508413124374
31.344507965729683
27.15364815440271
25.188834806804138
23.764878728586936
22.571796234771437
21.516717075378317
20.556012151521717
19.664893552019205
18.827622819039913
18.03347648209477
17.274804080974814
16.545919352542647
15.842560417247599
15.161440177204998
14.500066665809172
13.856530587001117
13.229405173211138
12.617622661310277
11.599269135333882
10.994876930780462
10.405037578961938
9.829872897998497
9.269685212509508
8.72497995694223
8.196399611018089
7.684748313023738
7.190961501684837
6.716080786194702
6.261259751927151
5.8277539376772145
5.416892040506223
5.030059239707557
4.668698261585639
4.334312708263877
4.028426673653421
3.752576254453445
3.508327717180996
3.297263580437773
3.120911938388979
2.9808442589028483
2.8785873725390227
2.8156322556693274
2.793483600141244
2.8135843410057557
2.877364397091194
2.986251075005025
3.1416995413253357
3.3451813272765754
3.598260330751509
3.9025963312596104
4.260043372086953
4.672695434799846
5.143002594653881
5.673956058617246
6.269262900848644
6.933728089363256
7.67378837014493
8.498355925199899
9.420468260788404
10.4603167427434
11.652195468093865
13.063209658538158
14.867361053456671
18.97449445122647
21.855552448129856
23.620689601606774
25.081498477653685
26.37744261293728
27.564790485520362
28.672736703256888
29.718518533940415
30.713149699741454
31.663993084365657
32.57611017876637
33.45300985062383
34.29709539949854
35.10999423574442
35.89271452708193
36.645806816343864
37.36946703351932
38.06356798284604
38.727767301348514
39.361524219794006
39.96412518332896
40.53475456202685
41.07247819112613
41.57628972732716
42.04511696994319
42.477840233737034
42.87331177647312
43.230346952847086
43.54776933392241
43.82442536601599
44.05908316825472
44.25059958757655
44.397786492931374
44.49948208542366
44.55449663760301
44.561674065832506
44.519824870350384
44.42775650474158
44.28426230794568
44.08804373738414
43.83776434851692
43.53191495716013
43.16883712663237
42.74661005055084
42.26296743219946
41.7151448321789
41.099698468725144
40.41220174270664
39.646781262079465
38.795375177812836
37.846415379232035
36.66921819433926
35.47224919314902
34.079879503395524
32.366118979872475
29.756237916302386
25.192948711104272
23.20844123831991
21.638823521510282
20.274455351640253
19.03880325128926
17.89364957286371
16.816766935676434
15.794018794492786
14.815843082249142
13.878458912070258
12.586224895643207
11.674616880712447
10.789856731959512
9.93007045755148
9.09390410360624
8.280409495070256
7.4889401765818935
6.719135239318746
5.970833777537552
5.244060992513237
4.538989888124665
3.8559054297938338
3.1952085231978025
2.557379750918749
1.942957019873993
1.3525523811932636
0.7868088327643409
0.24642575544245118
0.0
0.0
0.0
0.0
0.0
0.0
0.0
0.0
0.0
0.0
0.0
0.0
0.0
0.0
0.0
0.0
0.0
0.0
0.0
0.0
0.0
0.0
0.0
0.0
0.0
0.0
0.0
0.0
0.0
0.0
0.5957375770374802
1.3205970807324026
2.0995875718141908
2.934006871429874
3.8259657499694733
4.779087415298741
5.799955326425216
6.901151807946554
8.10916233106642
9.490663000132036
11.322000849191102
14.659878671896834
15.958902701341176
16.822063318958225
17.4330287214069
17.849720550542983
18.09600407768099
18.180899798261695
