0.0
0.0
0.0
0.0
0.0
0.0
0.0
0.0
0.0
0.0
0.0
0.0
0.0
0.0
0.0
0.0
0.0
0.0
0.0
0.0
0.0
1.0233286194581264
6.542295812687508
9.258730215047422
11.210067160900504
12.8710120062206
14.372749165139982
15.775127575127128
17.111342206166256
18.40168730046254
19.65914354343821
20.892036572037277
22.105542402344895
23.302471953276108
24.48392398274833
25.649504035992006
26.797831696014555
27.92666502340733
29.033049066447198
30.113544508680008
31.164351046046505
32.18142068497584
33.160483820660026
34.097361432323126
34.987792565520905
35.82767213465712
36.6129950329366
37.33999248274728
38.00507122300699
38.60493625076114
39.136511622647966
39.59697195180217
39.98377799673766
40.294610396628094
40.52740140976619
40.68030698937114
40.75167882973511
40.740055221964184
40.64409830084197
40.46259980334271
40.19437780182743
39.83830270228495
39.39316811747046
38.85766055118667
38.23024567176441
37.50904525379824
36.691659514799184
35.7748802273848
34.75437881789783
33.624083479697205
32.37532451570992
30.99520167232309
29.463676286163775
27.747412826780653
25.78428979422861
23.432508019643407
20.147806848392058
13.510435479464837
10.605781937663457
8.403830993802611
6.535658542403255
4.879713794265363
3.3785453139988277
2.000280888961354
0.725553545572601
0.0
0.0
0.0
0.0
0.0
0.0
0.0
0.0
0.0
0.0
0.0
0.0
0.0
0.0
0.0
0.0
0.0
0.0
0.0
0.0
0.0
0.0
0.0
0.0
0.0
0.0
0.0
0.0
0.0
0.0
0.0
0.0
1.0282178025943438
2.738638136999505
4.854896747179978
8.080168004096898
13.73691274325806
16.204364916844302
18.184605089664807
19.931714612911428
21.536416812443726
23.043531123759237
24.478946965303585
25.85900956210191
27.194570594730173
28.493022538766148
29.75945722487613
30.99729121724047
32.20869578325521
33.39490430843819
34.556399091738804
35.69304461529184
36.804232442159055
37.888975774562034
38.9459433024754
39.97359748287287
40.970204663856705
41.934206927991326
42.86274259207796
43.75478228219926
44.608017256816204
45.420515371620866
46.19037787105397
46.915779871166905
47.59500724758405
48.22644554315417
48.808619756481086
49.34018626332727
49.82016641271579
50.24687709705655
50.620079469791115
50.93884349518234
51.202588356608345
51.4108966556546
51.5635245111999
51.660319456129926
51.701321339261895
51.68665374302156
51.61657117692897
51.49143814977606
51.31169852221821
51.07786682759142
50.79051361928125
50.450241316869224
50.05768113146469
49.61341273885679
49.11807563153016
48.57215136060435
47.976138658921215
47.33038961111071
46.635098594490394
45.89025069698231
45.09547487808478
44.24998412774908
43.35243635828425
42.40062621751757
41.39119355891387
40.31907897176258
39.17646154980918
37.951149886441705
36.62289763584253
35.154901569723926
33.46820862569448
31.31892069895001
26.43939915608739
23.990445759627313
22.31330106857984
20.945715021615158
19.764246328553973
18.713154334579656
17.761474692852165
16.889871376578675
16.085230849698185
15.338205861983633
14.641761057103452
13.99044130644962
13.379860180545432
12.806341412052532
12.266799789815977
11.758488462777997
11.278964771925578
10.826019898239004
10.397573577388918
9.991682028609656
9.606471867217346
9.240168887239825
8.891045067960576
8.557385684242236
8.237529225689556
7.929790235953465
7.632509765644263
7.344014588396968
7.062661857352957
6.78681155575676
6.514846525394072
6.245144058723018
5.976156102047939
5.706311555068059
5.43411386958441
5.158089283202014
4.876804349830675
4.588865626940124
4.292953324645574
3.987807506166722
3.6722470617214755
3.3451747877049343
3.0055822994158916
2.6525611556774824
2.285312009892671
1.9031612209514366
1.5055381404197137
1.0920043665955972
0.6622088809610602
0.21593883150936222
0.0
0.0
0.0
0.0
0.0
0.0
0.0
0.0
0.0
0.0
0.0
0.0
0.0
0.0
0.0
0.0
0.0
0.0
0.0
0.0
0.0
0.0
0.0
0.0
0.0
0.0
0.0
0.0
0.0
0.0
0.0
0.0
0.0
0.0
0.0
0.0
0.0
0.0
0.0
0.0
0.0
0.0
0.0
0.0
0.0
0.0
0.0
0.0
0.0
0.0
0.0
0.0
0.0
0.0
0.0
0.0
0.0
0.0
0.0
0.0
0.0
