15.253408944416897
15.313985834285795
15.384170949854273
15.463962732230595
15.55306818179056
15.650924605008473
15.756760042247008
15.869617311559438
15.988433971765486
16.112058039266557
16.23932359137711
16.369069973984345
16.500174806470255
16.631577440956626
16.76232649329133
16.89153456674218
17.018437640937407
17.14235013876967
17.2627123018315
17.379022460473532
17.490885377079557
17.59799364775316
17.700081437422455
17.796969818242992
17.888526464877287
17.9746548245375
18.05531257803792
18.13042984051842
18.199971498174747
18.263894334956873
18.32212790268251
18.374584453083326
18.421120352660424
18.46156966744057
18.4957047978386
18.523226137771275
18.543798731844767
18.556997248152246
18.562322325415153
18.559220909730033
18.54708693943313
18.52526615242026
18.493055219450067
18.449734587002855
18.394512621930012
18.32657040257474
18.245076629664347
18.149144613376826
18.037893603500663
17.91045772531507
17.765970555520454
17.603609996245794
17.42255098046763
17.22201443624241
17.00120829940272
16.759326938204694
16.495521078024133
16.208828996263524
15.898115177314747
15.561984011090459
15.19850239025226
14.80493234167726
14.376979139094475
13.907401719363765
13.382397434893528
12.770397996679558
11.959362243322127
10.29036247543133
9.566281686842402
9.064989249780808
8.678881917777868
8.375676017879893
8.141392125445163
7.969401240050054
7.856817989108061
7.803149693941423
7.80971882807034
7.879637425708836
8.018220920672787
8.23411949940825
8.541796452396394
8.968553862388136
9.579505482766244
10.73873525822612
12.463880647870889
13.314691473330864
14.048444259037538
14.728645948804985
15.3781430813089
16.0075148288877
16.622286957562682
17.225404423969252
17.818434345082142
18.402112159978483
18.976652521824164
19.5419789777305
20.097783601947825
20.6436974745799
21.179253798883824
21.703966105153757
22.217381813043733
22.71900199580849
23.208412076274413
23.685191782855085
24.148984478780264
24.59945929514887
25.036353201496347
25.459427186847364
25.8685223458964
26.263512389424776
26.644337091487138
27.010948464718116
27.36334226814668
27.701534627534887
28.025566807565298
28.335466009978564
28.63126422680974
28.9130169600192
29.180726140548487
29.43438156975874
29.67394788543411
29.899329134356062
30.110351788431174
30.30680849221144
30.488395227304025
30.654760003421806
30.805444804722626
30.939942392431746
31.057909433343003
31.157871003710326
31.239894969611854
31.30288397346646
31.34594862555703
31.368154330757413
31.368514107105987
31.345974163660976
31.299456010806516
31.227820588820272
31.129888843800565
31.00445757647233
30.85024954594142
30.665955883231888
30.45018307711527
30.201461014797786
29.918218428544215
29.598735899738834
29.241136671714727
28.843278932546127
28.402664680494258
27.91627263917193
27.380350693396174
26.78997945357922
26.138556490632723
25.416713665887407
24.61035855080738
23.69649391384001
22.632333410361497
21.317961295642142
19.316286789055837
15.670376189209005
14.07177898497223
12.80284379320826
11.693612612969643
10.682863218993994
9.740153433831868
8.847816876222844
7.9945975337364095
7.17285721947404
6.377213433689587
5.603736412847131
4.849536532278198
4.112437723206588
3.390821600775953
2.68343245444049
1.9893852224879662
1.308014752411227
0.6388735681290553
0.0
0.0
0.0
0.0
0.0
0.0
0.0
0.0
0.0
0.0
0.0
0.0
0.0
0.0
0.0
0.0
0.0
0.0
0.0
0.0
0.0
0.0
0.0
0.0
0.0
0.0
0.0
0.0
0.0
0.0
0.0
0.0
0.0
0.0
0.0
0.0
0.0
0.0
0.0
0.0
0.0
0.0
0.0
0.0
0.0
0.0
0.0
0.0
0.0
0.0
0.0
0.0
0.0
0.0
0.0
0.0
0.0
0.0
0.0
0.0
0.0
0.0
0.0
0.0
0.0
0.1636339287734313
1.2332252584603451
2.6052999978975198
5.758550617474338
7.49126408030393
8.672333552578106
9.660153117493493
10.541381930302993
11.354257932485995
12.1198210042025
12.851185139925672
13.557117199310492
14.243803905663782
14.915735925972115
15.576197193914973
16.227635453323327
16.871838982006828
17.510052027052996
18.14311721929052
18.771494554143928
19.395359427666307
20.014626541715884
20.628881044677737
21.237612106004754
21.840098965535297
22.435464643718205
23.022711641363223
23.600779345310116
24.168512298716003
24.72476994970212
25.268348647854445
25.79814826872679
26.312977654775523
26.811887202788277
27.293943963521787
27.758375369916138
28.204592080709787
28.632209997375288
29.04109282650826
29.431327809002077
29.80332168052036
30.1577320853436
30.495501698691704
30.817865636456915
31.126322932758338
31.42262508592971
31.708761893487146
31.986901133752283
32.259364528806294
32.528580076036576
32.79699282374601
33.067062219543956
33.34112711350101
33.62139407506579
33.909831740049526
34.2081190907837
34.51760222418386
34.8391765305859
