7.354431266658419
7.17964864248255
7.009107374230373
6.843266255252188
6.682774516159181
6.528455394156972
6.381329683990004
6.242547256957819
6.1134157864222765
5.995364981935668
5.88990514029276
5.798671459253376
5.723324119188908
5.665615617594283
5.627314575176606
5.6102388959179965
5.616224823805424
5.647131591737714
5.704864637807336
5.79134648952944
5.908576118345309
6.058602936262851
6.243594175537003
6.465870887528625
6.727941107249587
7.032610358216857
7.383076435749226
7.783089633277322
8.237168418816934
8.750999653482507
9.3320769616015
9.99078692787534
10.7425000653632
11.612117079020267
12.64562916111927
13.950970475317435
16.047049505661043
19.454840890062755
20.963477414240174
22.186994635467336
23.270000935221024
24.265108245368474
25.19806609472302
26.083415349791032
26.930041279660706
27.743652566317323
28.527957967554208
29.285386894547713
30.017460009516917
30.725052340000893
31.40854549236956
32.06797588312701
32.703089810646645
33.31343217462901
33.89835408712074
34.4570854276134
34.98872819824265
35.492310407966016
35.966785649094184
36.41106173631334
36.824013885677566
37.20450498274209
37.55138491178076
37.863512276002986
38.139769115894644
38.379061175711726
38.58029832832725
38.7424620598395
38.864538343662325
38.94556195105447
38.984602138661366
38.98074708317601
38.933107194728166
38.84075315986212
38.70277307107489
38.51822025897935
38.28605510885762
38.00514898003374
37.67419272340268
37.29164614527276
36.85563929960968
36.36386063357123
35.81335442593926
35.200251400274496
34.51938045186361
33.76353455050001
32.92225440427496
31.97943873424044
30.90819073273495
29.657033814898174
28.099928644419194
25.545521375040618
21.691720482353475
19.97536871884459
18.59515291289554
17.3873525996974
16.28942098104125
15.269599908130932
14.309304162091935
13.396677987879041
12.52376430121824
11.68504657631858
10.8766128577271
10.095696486255527
9.340348710281251
8.609247412995986
7.9015711549659935
7.216864723507167
6.555019370844686
5.916181099660596
5.300729139409882
4.709216701302402
4.142386874978103
3.6011150535004095
3.0864043359824382
2.5993817883847488
2.141289915435518
1.7134288958758566
1.317204552882158
0.9540801111189012
0.6255864400797623
0.3332895857258336
0.0788071104288315
0.0
0.0
0.0
0.0
0.0
0.0
0.0
0.0
0.0
0.0
0.2593330248518851
0.5930929289452433
0.9887043466806131
1.4489866775698215
1.9773289725191445
2.5778914009541722
3.25596125965259
4.018564009889713
4.875406715550817
5.8406475156153705
6.93626202575327
8.19983947985065
9.705901054385881
11.653265619505873
16.200134504624412
19.057384558142875
20.907631989335986
22.450596255801994
23.823598746758613
25.083115108692898
26.258657605168565
27.36772778190287
28.42153297178576
29.427601416607903
30.39117597365007
31.31595706012405
32.204595852860166
33.05899618144517
33.88048763635022
34.66999862548538
35.42813650647582
36.1552431018871
36.85148020666909
37.51688088037108
38.15133175705385
38.754666379339284
39.32664490940636
39.8670011822542
40.37543799013577
40.85165298189944
41.29535396481577
41.706236336101696
42.08401630236627
42.428423553820814
42.73920159446287
43.01611757646064
43.25895418836577
43.467504818207736
43.64159279748917
43.78105031565184
43.88572661466029
43.95549683275231
43.99025091053419
43.989852542980366
43.95419951602417
43.88318480253451
43.7766578663201
43.634453391429346
43.45634928514888
43.24207241813661
42.99128507069745
42.703546268170776
42.37828946822543
42.014823170038134
41.61225205025659
41.16946802766517
40.685047472627325
40.15717329416291
39.583515107337924
38.96104207999672
38.28572775546165
37.552133153408434
36.752653643520155
35.8762091565175
34.90568710652628
33.8121538697685
32.53916519934877
30.940916728101783
27.41502268812761
24.676396152547028
23.164805251135643
21.886895488189495
20.687820157010883
19.60444082737675
18.6046402458417
17.683544728057374
16.80524331341204
15.961824051252293
15.147615321616746
14.3584638097281
13.59125123680607
12.84363854623001
12.113855733374583
11.400608504427169
10.70293054104544
10.02017929778551
9.351930788981317
8.697959682274686
8.058236181664526
7.432853295746054
6.822054369667955
6.226193448144395
5.645733223358887
5.08123318973443
4.533344077696604
4.002795557081051
3.490400596396985
2.9970277137163976
2.523611681193411
2.0711561502284574
1.640687507406915
1.2332877988409836
0.8500519381495497
0.49210491669241035
0.16058862089333617
0.0
0.0
0.0
0.0
0.0
0.0
0.0
0.0
0.0
0.0
0.0
0.0
0.0
0.0
0.0
0.0
0.0
0.10306256972415213
0.5150274355610259
0.9826307087387909
1.5088757659848921
2.097374443924887
2.7526907901742335
3.480677536462831
4.289219483609677
5.189395741114072
6.197639726530515
7.340429650609423
8.665520744556181
10.278148875217468
12.553510596411604
17.22609995084308
19.298553202284936
20.881656808067103
22.239185776359438
23.454607900206184
24.566383491051553
25.595444449147962
26.554063260034354
27.449735933762458
28.28702741288006
29.06862480626247
29.795934206781176
30.469432983112657
31.08899984848494
31.654061208815683
32.163742769938175
32.617000615220526
33.012683197938784
33.34962854506305
33.626687184135584
33.842784894137
