9.873174814197439
9.636158220142208
9.409878642697434
9.196139101439401
8.996764939692733
8.81353267752407
8.648199668831076
8.50243280277011
8.377843532899387
8.275940423844629
8.19811928291203
8.145697988344187
8.119870567510619
8.121761391258246
8.152404684839723
8.212773172206585
8.303799528169119
8.42638613942195
8.581480445054298
8.770081848848024
8.993285363183837
9.252404361294905
9.548993977331977
9.885006963080313
10.262928860293307
10.686072201644835
11.158903739348794
11.68773398461738
12.281829433098336
12.955744845816787
13.734683307401129
14.670020653174578
15.909763220337556
18.79790679996364
20.312197561044037
21.376217846876354
22.272447104628867
23.07160270573099
23.80416999412271
24.48632277159124
25.127577628315112
25.73390441508021
26.309242446287517
26.85622239211438
27.37659919713593
27.871585602806853
28.34199567000377
28.788397866596235
29.21121593451289
29.61078762839513
29.98739417022455
30.341365367374205
30.67305772748122
30.982883590097128
31.271371367821185
31.539129275772453
31.786898278184246
32.01551902790255
32.22593663865014
32.41921874484954
32.5965169697274
32.7590428172263
32.90810200457863
33.045027091324634
33.171164184743795
33.287896564851344
33.396521033251304
33.498326598789575
33.59448848319436
33.686099910719996
33.77409997394014
33.8592814738938
33.94223922161566
34.02339086722675
34.10293548161089
34.1808697771932
34.25698053193464
34.33084502973746
34.401827727369714
34.4690748850139
34.531557811805826
34.588050943691364
34.637154372503076
34.67732741974856
34.70688227656225
34.72399644268342
34.72673937674007
34.71307581624693
34.68083520204488
34.627781874045404
34.551552700122954
34.449669314324865
34.31952058008384
34.15831962898609
33.963082361696436
33.7305378568951
33.45705242879615
33.13849659286419
32.770051172858174
32.34590736684645
31.858713770874658
31.298711866578817
30.65204270173158
29.897182391755138
28.996341991603483
27.867374748322465
26.215319864241728
22.72471492172897
21.120155413898356
19.855662915964196
18.739377597383456
17.708691507438445
16.73393700766659
15.798502025094882
14.892131762331967
14.008114906843478
13.141876647457122
12.290251285649257
11.451009753437704
10.622614797961138
9.804020868374872
8.99457107735519
8.193913526401518
7.401938307552075
6.618738488264303
5.844541640273583
5.079737937084151
4.324829801148351
3.58042071166828
2.847220181783464
2.1259774665784015
1.417554613818254
0.7228365509313426
0.042791347592406055
0.0
0.0
0.0
0.0
0.0
0.0
0.0
0.0
0.0
0.0
0.0
0.0
0.0
0.0
0.0
0.0
0.0
0.0
0.0
0.0
0.0
0.0
0.0
0.0
0.0
0.0
0.0
0.0
0.0
0.0
0.0
0.0
0.0
0.0
0.0
0.0
0.0
0.0
0.0
0.0
0.0
0.0
0.3360930902746213
1.6052883960965256
3.1004195637384897
5.018697852390333
9.46569862765472
12.123317728982201
13.862492957757814
15.304419761497897
16.57893968175425
17.740415623650826
18.81759681495983
19.82773457917988
20.78198448004174
21.687920988713696
22.550943059234687
23.37472213123876
24.162168896034697
24.915232631755963
25.635320563447795
26.323418686163397
26.98015186662933
27.60589271918721
28.200797687176184
28.764838729412443
29.29785500806521
29.79957898971929
30.269628415352756
30.707568740472944
31.112913108805753
31.48512519433616
31.82365805991416
32.12792348556563
32.39736559396936
32.631393154147794
32.8294363767059
32.99092294897375
33.11528973489324
33.20196828648622
33.25041594611164
33.26006366558734
33.23036511492129
33.160751325934015
33.050632292270336
32.899399697036536
32.70639275398222
32.470910650578396
32.1921500480958
31.86923271761342
31.501095368985325
31.086497755003624
30.623901628055457
30.111414104880943
29.546604681921718
28.926300247066017
28.24627214988603
27.50070035384034
26.6812577097465
25.77549029326862
24.76345024847579
23.60975270483198
22.239552303008097
20.42137718615926
16.266565784615167
14.208076274399096
12.72782231972516
11.48027867135786
10.369242495413733
9.351019606673745
8.401455902787708
7.50563677525193
6.653658436578207
5.838641542810863
5.055646928651572
4.30103329953876
3.572121486408505
2.8669096765289486
2.1839508486424757
1.5221933956166913
0.8809524168053349
0.25981340955711857
0.0
0.0
0.0
0.0
0.0
0.0
0.0
0.0
0.0
0.0
0.0
0.0
0.0
0.0
0.0
0.0
0.0
0.0
0.0
0.0
0.0
0.0
0.0
0.0
0.0
0.0
0.0
0.0
0.0
0.0
0.0
0.0
0.0
0.0
0.0
0.0
0.0
0.0
0.0
0.0
0.0
0.0
0.0
0.0
