51.758992056634995
51.93110224903175
52.021619762028855
52.02993757908124
51.955571733829686
51.79812391429495
51.55715893853903
51.23216853995373
50.82243506270275
50.32685190402571
49.74382963655455
49.07096258786608
48.30477237657091
47.44020762396242
46.46988783491618
45.38294008890199
44.16277851661604
42.78279231998961
41.196249295528915
39.306856009009635
36.831665950061215
31.065493137611682
28.031763256591116
25.910996176716104
24.12964252582367
22.54056229537531
21.078401676688753
19.70729529968059
18.405148907979864
17.157305255546962
15.953537723374254
14.786488241775254
13.650729197478306
12.54222573769096
11.457134587118261
10.394897575186492
9.353865035728854
8.331268211253853
7.327217278799328
6.341320210796727
5.373481590239308
4.423829278613431
3.4920234258313045
2.5805301890437367
1.6880424615455683
0.8159133798845255
0.0
0.0
0.0
0.0
0.0
0.0
0.0
0.0
0.0
0.0
0.0
0.0
0.0
0.0
0.0
0.0
0.0
0.0
0.0
0.0
0.0
0.0
0.0
0.0
0.0
0.0
0.0
0.0
0.0
0.0
0.0
0.0
0.0
0.0
0.0
0.0
0.0
0.0
0.0
0.0
0.0
0.6560438017564297
2.329225607692067
4.272563478705218
6.688773133590191
10.74379657383323
16.400408721589727
18.9562992129562
21.044351002160024
22.895447111036393
24.598395481644033
26.198769709962093
27.72361867323803
29.190339568256526
30.61072848520515
31.99299763120367
33.34290195107954
34.66446210039687
35.96040556037145
37.23243623610794
38.48147456867093
39.707779773406415
40.91110564152997
42.09076584978406
43.245707843965526
44.37461018389173
45.47588776625486
46.54779693514981
47.588450925711804
48.59582459850889
49.567865902725714
50.50243919320474
51.39743265523724
52.250749581357574
53.06034918806431
53.82420843154871
54.54042710413448
55.20718196715917
55.8227497140613
56.38551392066648
56.89393338607692
57.34659029154147
57.742170779205495
58.07951918741135
58.357381657902344
58.574815535838596
58.73089980194899
58.82475023008664
58.85552816229651
58.82243013224206
58.72462375486397
58.561253154742374
58.33143652273199
58.03415052006126
57.06586803086476
56.60512519057287
56.0757773105892
55.47641881897131
54.80510478070785
54.05936623948051
53.23598347775079
52.33078176600643
51.33829849111568
50.251317490984896
49.0601042780585
47.75123514190864
46.30537969798674
44.69325004483824
42.86644963256212
40.733101085143616
38.06273864141159
32.39629708413749
27.615387158847966
24.953779019697258
22.782307030516765
20.86614735863578
19.110341160300564
17.465212743609847
15.90099931827999
14.398373356216574
12.944133077263956
11.528062265482978
10.14510881997209
8.790430642074229
7.458672075063115
6.148192676384898
4.857264738432625
3.584783041364667
2.3301589006666608
1.0932585320695967
0.0
0.0
0.0
0.0
0.0
0.0
0.0
0.0
0.0
0.0
0.0
0.0
0.0
0.0
0.0
0.0
0.0
0.0
0.0
0.0
0.0
0.0
0.0
0.0
0.0
0.0
0.0
0.0
0.0
0.0
0.0
0.0
0.0
0.0
0.0
0.0
0.0
0.0
0.0
0.0
0.0
0.0
0.0
0.0
0.0
0.0
0.0
0.0
0.0
0.0
0.0
0.0
0.0
0.5041458459989394
5.746595187676836
9.348018130997762
11.564894948827064
13.412764787355279
15.076046106057511
16.63228693976061
18.123441103217676
19.575372289831876
21.005194874618848
22.424754850231686
23.842138520202997
25.26305786213225
26.69115509652995
28.12855724173815
29.576128770262486
31.03367917588067
32.50013037266421
33.9738270193624
35.4521781679262
36.93251648656905
38.411578207340156
39.885825465988454
41.35155990581207
42.80490242533911
44.24188039861841
45.65829675931031
47.05014583360722
48.41349788058102
49.744492764881244
51.03985067402329
52.294300789442104
53.50583485909239
54.670471172390336
55.78486972026717
56.84587077983193
57.85044898784076
58.79578714958052
59.67929156934612
60.49857536809944
61.25150018532158
61.93621830974442
62.55118626635853
63.09520455435691
63.56742563996602
63.96742675185068
64.29522661289411
64.55131648240109
64.7367831446052
64.85311196880525
64.9026452867502
64.88813204041864
64.81329954904072
64.6824386449147
64.50071550779617
63.50065079278406
63.183601764607914
62.837143835941156
62.46983211894984
62.09083009556774
61.710052508677094
61.337800482684926
60.984800132233175
60.66194162307302
60.3800772971593
60.14972445375676
59.98070351304912
59.881771429644125
59.86024392269804
59.92164534578778
60.069381726638326
