0.0
0.0
0.0
0.0
0.0
0.0
0.0
0.0
0.0
0.0
0.0
0.0
0.0
0.0
0.0
0.0
0.0
0.0
0.0
0.0
0.0
0.0
0.0
0.0
0.0
0.0
0.0
0.0
0.0
0.0
0.0
0.0
0.0
0.0
0.0
0.0
0.0
0.0
0.0
0.0
0.0
0.0
1.4739631499999999
3.6934887000000014
5.916177299999994
8.138197649999997
10.35589665000002
12.565665749999994
14.76389640000001
16.947202800000003
19.112110050000013
21.25541055000004
23.373896700000003
25.464539100000025
27.524397449999995
29.550754199999993
31.54084725000001
33.49218180000003
35.40239670000002
37.26917535000001
39.09051299999999
40.86436035000003
42.58889085000004
44.262500700000004
45.88358610000001
47.45076600000001
48.962793000000026
50.42911170000001
51.777729300000004
53.068342800000025
54.3004176
55.473597299999994
56.58757005000001
57.642291300000025
58.637716499999996
59.5741575
60.45192615000002
61.2716016
62.03407485000001
62.740370549999994
63.391958850000016
63.99079995000002
64.53934410000002
65.04102165
65.50042125000002
65.92422539999998
66.32214600000003
66.70915185000001
67.10987910000001
67.56758580000002
67.9706742
68.1813066
68.31513480000001
68.37599010000002
68.3674365
68.29241430000002
68.15373014999999
67.95383430000001
67.69499880000004
67.37927295000003
67.00866149999999
66.58494645000003
66.10990980000001
65.58519990000003
65.012376
64.39308645000003
63.72875685000003
63.020901899999984
62.27099175000001
61.480407450000016
60.650574599999985
59.78296334999999
58.87891020000002
57.93984075
56.967091499999995
55.96208805000002
54.92616690000003
53.86075365000002
52.7672739
51.64688595000001
50.501238150000006
49.37521462500001
48.249191100000004
46.89455925000003
45.5185434
44.12305919999999
42.710111400000024
41.281526550000024
39.839264849999985
38.3851974
36.92132895000002
35.44948605000002
33.97158435000004
32.489539500000035
31.00526715000003
29.5205493
28.037390699999996
26.557528799999986
25.082923800000007
23.615313150000027
22.1565234
20.708336549999984
19.27249005000002
17.850632250000004
16.444411500000015
15.055431600000023
13.68525180000001
12.335342250000009
11.007128550000022
9.70199175000002
8.421179250000016
7.165983000000002
5.937516750000025
4.736849700000009
3.565006500000023
2.422878150000038
1.3113111000000321
0.2310626999999974
0.0
0.0
0.0
0.0
0.0
0.0
0.0
0.0
0.0
0.0
0.0
0.0
0.0
0.0
0.0
0.0
0.0
0.0
0.0
0.0
0.0
0.0
0.0
0.0
0.0
0.0
0.0
0.0
0.0
0.0
0.0
0.0
0.0
0.0
0.0
0.0
0.0
0.0
0.0
0.0
0.0
0.0
0.0
0.0
0.0
0.0
0.0
0.0
0.0
0.0
0.0
0.0
0.0
0.0
0.0
0.0
0.0
0.0
0.0
0.0
0.0
0.0
0.0
0.0
0.0
0.0
0.0
0.0
0.0
0.0
0.0
0.0
0.0
0.0
0.0
0.0
0.0
0.0
0.0
0.0
0.0
0.0
0.0
0.0
0.0
0.0
0.0
0.0
0.0
0.0
0.0
0.0
0.0
0.0
0.0
0.0
0.0
0.0
0.0
0.0
0.0
0.0
0.0
0.0
0.0
0.0
0.0
0.0
0.0
0.0
0.0
0.0
0.0
0.0
0.0
0.0
0.0
0.0
0.0
0.0
0.0
0.0
0.0
0.0
0.0
0.0
0.0
0.0
0.0
0.0
0.0
0.0
0.0
0.0
0.0
0.0
0.0
0.0
0.0
0.0
0.0
0.0
