0.5437804006281977
0.08688863628703075
0.0
0.0
0.0
0.0
0.0
0.0
0.0
0.0
0.0
0.0
0.0
0.0
0.0
0.0
0.0
0.0
0.0
0.0
0.0
0.0
0.0
0.0
0.0
0.0
0.0
0.0
0.0
0.0
0.39377219101720584
2.1375099598974363
4.240476721491846
6.928853092607534
11.365432124373156
18.294122120863815
21.421627151825795
23.985587510596506
26.262409274283915
28.353532218079874
30.308545653650427
32.155023116479335
33.90929111197303
35.58121485200315
37.176648936358504
38.69881416417903
40.14913956138206
41.52781788495095
42.834168952644035
44.066933561052814
45.224497683471
46.30501234266905
47.30655935324414
48.22724343125303
49.06525700145707
49.818964243838565
50.486937297729604
51.06798922477179
51.561227133238084
51.96602699478848
52.28206726668324
52.50932458846581
52.64804778634159
52.6987634747177
52.66213332747942
52.539097940164154
52.330727333179496
52.038141020581065
51.662523534500416
51.20498722848266
50.666511372499826
50.04785675873596
49.3494278987561
48.33688820006496
47.478657325440416
46.53990908056311
45.51765612366681
44.40705136955452
43.20047685721771
41.886019782766226
40.44445809020945
38.842917474649305
37.01826465733342
34.8180984844068
31.509789417952835
25.999747551169108
23.65871875873086
21.840639932721633
20.291882006434722
18.91849537967269
17.67346351502223
16.529631326704887
15.470021788883791
14.483505931496106
13.5626236514181
12.702347305497206
11.899340232672357
11.151482105202415
10.457495841516165
9.816971639890276
9.229607182050547
8.1125280309711
7.615122079473269
7.1758798813047635
6.795916380480216
6.476409983963156
6.2185458466824075
6.023525066960319
5.8925012920467745
5.8265650129105415
5.826756651667183
5.894029486846205
6.029286394838639
6.233375515292068
6.507125540368549
6.851388184728287
7.26710017431433
7.755363718536694
8.317587037580932
8.955664005772185
9.672271561827335
10.471291157014017
11.358529066561136
12.342950671363287
13.439002842930726
14.671557299321956
16.08817596397232
17.79990311513182
20.248700607490413
24.89004022739812
26.86536299442707
28.367343428723444
29.632008038683157
30.73887699233176
31.726064724062294
32.61509429602438
33.41940092030469
34.14791034463923
34.806883870657536
35.400838374331435
35.93320427626782
36.40660399434887
36.82316167944883
37.18462911302556
37.49251695727077
37.74816873442782
37.95283074885892
38.107680163532024
38.213885693193404
38.27260210962242
38.2850037539203
38.25228625187368
38.175692596339815
38.0564808599282
37.895988966167806
37.69557285903493
37.456668397031976
37.180735309343916
36.86928203876408
36.52383794752308
36.14592010901507
35.73702918864745
35.29857671728524
34.831883980781456
34.3380979424113
33.81810834726277
33.2724065206653
32.700913519941295
32.10261045929798
31.475006257588536
30.81304035073745
30.106734710390437
29.335312854582593
28.446948008586006
27.21369063268141
25.059504289412338
24.194178726295835
23.573735644426932
23.086841858792738
22.692631032665357
22.37003552421397
22.10617659479375
21.89217787299903
21.721380142552444
21.588378883430693
21.488497925209987
21.41749405540388
21.371299811267182
21.3459445175832
21.337400986393295
21.34156914187781
21.35420743581577
21.370909651403284
21.387110241484145
21.39811383246347
21.399149555108202
21.385489465901802
21.352592695187056
21.2962693755787
21.212857121467263
21.099365862757523
20.953634888024563
20.774339934837208
20.56103261772416
20.3140325782664
20.034323467384652
19.723434262848247
19.38329083187606
19.016126897684618
18.62437851420188
18.210619708082255
17.777495117782316
17.32773491145992
16.864059411346116
16.38923116081105
15.906028605783394
15.417229699184931
14.925655903216878
14.434130279946503
13.94550408285382
13.462663800850269
12.988525555205376
12.526040384104833
12.078184515326866
11.647988932048063
11.238519911764515
10.852881377867382
10.494242901239803
10.16581045363515
9.870833329639105
9.612628272438084
9.394556377888007
9.220039355457574
9.092569269817371
9.015732153574104
8.993212482844447
9.02887243217392
9.126775016504022
9.29128434195512
9.527185318014128
9.839836881238126
10.235471464691678
10.721568069142993
11.307549319359742
12.005902817325142
12.834289632996338
13.819827422043867
15.009216380853628
16.499167558008885
18.58799050607717
23.415217504374105
25.78301182924213
27.570787923463847
29.129714188340305
30.55584543617177
31.89073270576536
33.15585336413931
34.3632801413111
35.51996334808204
36.629840558914744
37.69485681266967
38.71567809862111
39.69202363850921
40.62299866565348
41.5072358562708
42.342992135249986
43.128371360987934
43.86132129340141
44.539748062608524
45.16158810052326
45.72485118990299
46.22769316370155
46.668453382072656
47.04572661429133
47.3584042738988
47.605701801315085
47.78725780427829
47.90311842148639
47.95382358952597
47.940438592402515
47.8645998445503
47.72853443146157
47.31070932928193
47.05870382234808
46.758084918219055
46.41400802029904
46.0323965564954
45.62011769691035
45.18493257945453
44.735637092283895
44.28198927211138
43.83474113401325
43.40557279772211
43.00692144987302
42.65168853489957
42.35282362682975
42.12270480906755
41.972376246273875
41.91074816386503
41.943814712209935
