23.29466450916147
23.086051254651007
22.672108807518395
22.08245417523006
21.35141046984245
20.51098899890666
19.588031072664382
18.60398619540856
17.575713276298355
16.516488756340046
15.436817268981523
14.015597957426152
12.878754809012085
11.740672920905935
10.606503051479137
9.480700597323025
8.36718264169349
7.269437488914448
6.1905863392995295
5.13349544980973
4.100792452588325
3.0949033548929084
2.1181086764549444
1.1725330877013176
0.26018064722950385
0.0
0.0
0.0
0.0
0.0
0.0
0.0
0.0
0.0
0.0
0.0
0.0
0.0
0.0
0.0
0.0
0.0
0.0
0.0
0.0
0.0
0.0
0.0
0.0
0.0
0.0
0.0
0.0
0.0
0.0
0.0
0.0
0.0
0.0
0.0
0.898545582187403
2.2778193867883694
3.865099785019047
5.782306594712675
8.461308623471789
13.983661218180792
16.437593071275245
18.30674385589306
19.909287135831946
21.346596300768102
22.666578992875284
23.896215585307555
25.05227673052449
26.14583967023031
27.184518335918447
28.173661765313046
29.11704878183502
30.017393746675708
30.87658278479905
31.695891756136106
32.47615929276836
33.21785463007807
33.921201899644586
34.58622497566898
35.212803112854765
35.80072488442506
36.34971676806691
36.859456495892395
37.32960507844311
37.75983048444052
38.149805117936474
38.4992434777852
38.807881507722854
39.07552219635502
39.30200785595942
39.48722552764623
39.63111854586438
39.7336731676609
39.79490223093303
39.81486764273925
39.79366110671264
39.731377406456424
39.628144848381744
39.48409030091021
39.299312103007814
39.073867827076555
38.807775494477774
38.50095686741023
38.15322095090605
37.76424460536023
37.33352409846014
36.860274111784975
36.343447203403024
35.78159305674089
35.17272081791527
34.51413132033998
33.802126177902885
33.03156305311798
32.195105239037446
31.28186439723306
30.27472563542099
29.144283321565855
27.832066507808896
26.182555493486163
22.431328572222746
19.88081362565837
18.310708031996555
17.02814396218186
15.90354464158902
14.882894462448894
13.937425599108824
13.049718944935972
12.208314946254479
11.405279062162851
10.634872147291597
9.89286245481638
9.176070064800497
8.48207901406335
7.80904543169059
7.155579876075592
6.520645082341796
5.903515891518903
5.3036762710549645
4.720843047038968
4.15488554773339
3.6058065658044827
3.0737510752749224
2.5589595995142167
2.0617708261339613
1.5826050086712622
1.121960344455233
0.680394600337545
0.258482375082167
0.0
0.0
0.0
0.0
0.0
0.0
0.0
0.0
0.0
0.0
0.0
0.0
0.0
0.0
0.0
0.0
0.0
0.0
0.0
0.0
0.0
0.0
0.0
0.0
0.0
0.0
0.0
0.0
0.0
0.0
0.0
0.457112128915137
0.9659999775391657
1.5117006458998343
2.0964237070084346
2.7232908015791826
3.39676165085958
4.123392363151838
4.913328067744624
5.7831854634455295
6.7631195490844584
7.91862487811513
9.466310286576773
12.765340996080573
14.259353152095684
15.347510158452923
16.255618579442572
17.05209805127113
17.768860161171396
18.423886615913833
19.02851108816099
19.59034068838818
20.114954026148954
20.62631651252405
21.068071688402906
21.50234317004503
21.911370332422766
22.29694399709362
22.660490188344102
23.003375179115782
23.326730657482468
23.63156271224972
23.918780670172556
24.189180189152353
24.443473748984967
24.68227468700536
24.906121801237934
25.115461223091472
25.310693533525622
25.492143584722985
25.660068512648333
25.814664611850045
25.95607816394974
26.084378755004472
26.19959005109794
26.301681843678125
26.390577580861965
26.46616251052994
26.528279263324666
26.57673258594369
26.611280002790604
26.631668408359737
26.637607504151067
26.628776930844587
26.604837364621627
26.565443172803654
26.51023147477431
26.43885166407944
26.350974348180024
26.24630374282203
26.12457459456813
25.985577263618953
25.82915159424285
25.65519907218194
25.46370287339445
25.254720984622853
25.028401548544853
24.784967361756404
24.524732725865558
24.24809010484284
23.955486504070823
23.647489525014027
23.324681408751925
22.987708264135605
22.63724855206733
22.27398848724991
21.89864214244353
21.511878410240456
21.114365299010814
20.706653444555737
20.28908360723825
19.861609354808213
19.423355682449074
18.97175542897086
18.500166315549553
17.989430739261675
17.347761014636408
16.303451125872378
15.951386018929242
15.767684926047254
15.697709527140226
15.728935624381602
15.867442852131788
16.146915558102137
16.79892192190795
17.778079803580823
18.31115499612684
18.791747345942387
19.249183340609466
19.692442644865455
20.124575147247352
20.54620781617819
20.956781355465438
21.355068007951786
21.739425817053952
22.107946001627674
22.45856958969805
22.789144383543935
23.097462186738277
23.381344728778487
23.63864116325837
23.86729033798692
24.06535736471601
24.23105651726395
24.362831019131
24.459353234232044
24.519578742187722
