87.5263631
87.42167059999998
87.32033419999998
87.22018579999997
87.1189385
87.01439449999998
86.90438569999996
86.78674399999998
86.65950919999999
86.52081019999999
86.36892439999997
86.2022777
86.0195633
85.81956349999999
85.6012685
85.36381700000001
85.1065556
84.82889029999998
84.53046469999997
84.21098180000001
83.87023369999999
83.50813129999999
83.12464490000002
82.71983390000001
82.29372800000003
81.84647570000001
81.37819580000001
80.88900710000003
80.3790878
79.84858639999999
79.29762169999998
78.7263422
78.1348667
77.5233437
76.89183259999997
76.24039279999997
75.56917280000002
74.87817259999998
74.167511
73.43730679999999
72.73941620000001
71.9366252
71.11343029999999
70.2700394
69.4066307
68.5234715
67.6208885
66.69920839999997
65.75884699999999
64.80030919999999
63.824070199999994
62.8307834
61.82107250000002
60.795709699999996
59.755496899999955
58.7012954
57.634115
56.55493580000001
55.46491609999998
54.36512510000002
53.2568993
52.141456399999974
51.020162599999985
49.89444349999998
48.765694999999994
47.635431799999985
46.505168599999976
45.37644979999999
44.250849499999994
43.1299418
42.015330499999976
40.90861939999997
39.81135290000002
38.72519419999999
37.651628299999956
36.592259
35.548541599999986
34.52196109999997
33.51394310000002
32.52585379999998
31.559029700000018
30.614658800000008
29.6939588
28.798058299999973
27.927937399999987
27.084605900000017
26.268865699999978
25.481518700000013
24.723277699999993
23.994736699999994
23.296400600000002
22.62868519999998
21.9919766
21.386512399999983
20.81247079999998
20.269940899999973
19.759011799999996
19.279535000000003
18.831480799999976
18.414611600000015
18.02871950000001
17.673448099999977
17.348441000000005
17.053312100000024
16.7875565
16.550698999999984
16.34217529999998
16.161421100000005
16.007842400000005
15.880845200000003
15.77974639999999
15.656075599999983
15.554620399999985
15.4962896
15.476123299999971
15.49040899999999
15.53608759999997
15.610753399999991
15.712416500000016
15.839354299999998
15.990170900000011
16.163559499999966
16.358510300000013
16.574102599999986
16.80947509999999
17.063944699999983
17.336887700000013
17.627769499999996
17.9361446
18.261537800000006
18.6036521
18.962190500000016
19.336826299999995
19.72738129999996
20.133617899999965
20.555357899999994
20.992393399999983
21.444605599999978
21.911756899999986
22.393698799999967
22.89022339999997
23.40115249999999
23.926248499999993
24.465244100000014
25.017842299999963
25.583746100000003
26.162569400000006
26.75389639999997
27.357251900000033
27.972160699999968
28.598028800000005
29.234202800000023
29.88002929999998
30.53467669999999
31.197372799999982
31.86722659999997
32.5431986
33.22433839999998
33.909457999999994
34.597428799999996
35.28700339999999
35.976875
36.6656477
37.3519256
38.03419400000001
38.71096789999999
39.3806138
40.041587299999996
40.692165799999984
41.330745500000006
41.95566319999999
42.565225999999996
43.15777070000001
43.73172319999998
44.28547970000001
44.817525499999974
45.32652409999997
45.81110929999999
46.270241599999984
46.703000300000014
47.10882110000001
47.48746639999999
47.83935200000001
48.165606499999996
48.46845739999998
48.75191420000001
49.02271879999999
49.29218689999997
49.57989079999996
49.74243889999998
49.83210319999999
49.87017859999997
49.85571470000002
49.787850199999994
49.66587229999999
49.48930579999999
49.257645799999985
48.97065469999997
48.62818399999998
48.230203999999986
47.77689289999998
47.268458599999995
46.7053466
46.08806180000002
45.41722790000002
44.6936765
43.918239199999974
43.09201489999999
42.21604309999995
41.29163059999999
40.32014359999999
39.302978
38.24179699999997
37.138234100000005
35.99410099999998
34.811298499999964
33.59184619999997
32.33782309999997
31.05145670000001
29.73506360000001
28.391049500000022
27.021849799999973
25.63010779999999
24.21849650000003
22.78971860000002
21.346684700000004
19.892275700000006
18.42952099999998
16.96150939999997
15.491359399999995
14.022308299999994
12.557623099999983
11.100659899999977
9.654774799999984
8.223353599999982
6.809871199999976
5.417743099999995
4.050444199999959
2.7113899999999846
1.4040257000000247
0.13167769999999338
0.0
0.0
0.0
0.0
0.0
0.0
0.0
0.0
0.0
0.0
0.0
0.0
0.0
0.0
0.0
0.0
0.0
0.0
0.0
0.0
0.0
0.0
0.0
0.0
0.0
0.0
0.0
0.0
0.0
0.0
0.0
0.0
0.0
0.0
0.0
0.0
0.0
0.27542569999999444
1.6104406999999958
2.980561099999998
4.383024800000009
5.815188499999994
7.274468299999977
8.758428799999985
10.264694000000024
11.791006699999969
13.335228499999983
14.895339800000023
16.46929129999998
18.055271299999994
19.651379000000023
21.2558621
22.866968299999975
24.482974999999985
26.10221899999997
27.722977700000012
29.343528499999987
30.962089400000007
32.5768487
