16.5232267996904
16.536665186188422
16.48990494440234
16.381651764223363
16.210135717033186
15.97291689728344
15.666529767689742
15.28592190216223
14.82328919401905
14.265711011582606
13.58973668974548
12.744941063117883
11.576001040650299
8.807074722991624
7.392464421519312
6.360173542643528
5.482962652266677
4.700588757697531
3.987066451246452
3.3288519338073264
2.7181551525531495
2.1501864275286335
1.6219662121115892
1.1315464285925554
0.6776762372351584
0.2595841761048791
0.0
0.0
0.0
0.0
0.0
0.0
0.0
0.0
0.0
0.0
0.0
0.0
0.0
0.0
0.0
0.0
0.0
0.0
0.0
0.0
0.0
0.004155119453560019
0.4305433404547774
0.9062629700247908
1.436672847665734
2.0296895426228594
2.697665193540206
3.4613730710721065
4.360618628922223
5.493311869059844
7.460522915459409
10.067444574887489
11.266595937429837
12.240993685978749
13.098908704995225
13.88223864033638
14.61232670998847
15.301659084665978
15.958248972411617
16.587492281502296
17.193168391283475
17.77799346198568
18.34394669153868
18.892477853653666
19.424654261359713
19.94122596317812
20.442732181898858
20.929512846465094
21.401765766692296
21.859582632176433
22.30296205893225
22.731831094354384
23.146073612150026
23.54552316303909
23.930005162481688
24.299307262451016
24.653183265503642
24.991393981422803
25.31364198205015
25.619665941385435
25.90917762658154
26.18190406939638
26.43759087374724
26.67600903722913
26.896945682359473
27.10021705651301
27.285707568696537
27.45329112492003
27.602921692278052
27.73455549731711
27.848197465643835
27.943899910504665
28.021739258842633
28.081867021281894
28.12447114402883
28.149776539024376
28.158080484846796
28.149682802747364
28.124953778729697
28.084312829361927
28.02823954441742
27.957253280392543
27.87195304521905
27.772972395516504
27.66103603737261
27.53691457671928
27.401439762121694
27.25549530992672
27.100036126509586
26.936056567813033
26.764581954551765
26.58669375100947
26.40351074984728
26.21621764700349
26.026055154209324
25.83431580440869
25.642380186793346
25.451680691895042
25.2637450256613
25.080159549648783
24.902576125053034
24.732640312768496
24.572068472711198
24.422527440086842
24.28572553159617
24.16328464062697
24.056841359965716
23.96792886652435
23.898017060153965
23.848436835193795
23.820370510679673
23.814829748314562
23.83260344688027
23.874303018647105
23.9403213870234
24.030806055136622
24.145686563398844
24.284667275773895
24.447217942456575
24.632618205661547
24.839961903491357
25.068249250743705
25.3163383294464
25.583080350196404
25.86724960809456
26.16765706673886
26.48308553956595
26.812367135475192
27.154351680500298
27.50789586089847
27.871915454640288
28.245376558422308
28.627248046552772
29.01654198749934
29.412300784159434
29.813568386911477
30.21937430366549
30.628815935195856
31.04094685329089
31.45486295999389
31.869700978318914
32.284578800722485
32.69864557725802
33.111039792831555
33.520923332498604
33.927446104075436
34.3297707565847
34.727059276472794
35.118465927419614
35.50319035731554
35.88037936450212
36.24918315141987
36.60874719684094
36.95817661393011
37.2965580913498
37.6230037192124
37.93657637122232
38.23637058817971
38.52146220605878
38.79092199018014
39.04382211189341
39.27922739435872
39.49619400534307
39.693813183268304
39.87127310542945
40.027548936574355
40.16176570650399
40.27338682680934
40.36155834473585
40.42553406628156
40.46461176536948
40.47807959858733
40.46523428547753
40.425336619588236
40.35764401822309
40.26136776619374
40.13567904313196
39.979742340145414
39.79261754137463
39.57333758878353
39.320841598492144
39.03384635612174
38.711032186107516
38.350913902926244
37.95166907590987
37.51117215417414
37.02688324635958
36.49568708281821
35.91371928625061
35.2759864990812
34.57591134907109
33.8042709275283
32.94751160399446
31.983969110912426
30.874758528234437
29.5346908996788
27.666742530236277
23.615004979417172
21.762992750319526
20.360108539141912
19.1548616293437
18.067685640800907
17.061014920380803
16.113720961170777
15.212640316226132
14.34904221232113
13.516818065882228
12.711601100002351
11.930187951861441
11.170200600558449
10.429850917667082
9.707824234635533
9.003148122181077
8.315144623050895
7.643353527552209
6.987498759746277
6.347401942791835
5.723053525937459
5.114502428922014
4.52187430116064
3.9453820260068846
3.3852744080006802
2.8418390263564346
2.315399979797951
1.8063389723920293
1.3150529145471181
0.8420066217014608
0.3877104638779872
0.0
0.0
0.0
0.0
0.0
0.0
0.0
0.0
0.0
0.0
0.0
0.0
0.0
0.0
0.0
0.0
0.0
0.0
0.0
0.0
0.0
0.0
0.0
0.0
0.0
0.0
0.0
0.0
0.0
0.0
0.0
0.0
0.0
0.0
0.16453214386003878
0.534955351847874
0.8958487024999432
1.2411130517079845
1.5642717651905718
1.8585592206076864
2.1171518762814174
2.3333400805934392
2.5007987123531543
2.6139631958029064
2.6683026728413632
2.6606388562634837
