21.430736480440363
21.510044259940333
21.626281294925917
21.778723690309285
21.96589964401482
22.185702149125948
22.435491203586892
22.712264508397624
23.012753728023778
23.33359658549145
23.671350932213823
24.022657009669416
24.38421757513373
24.752876105812412
25.125636527298944
25.499614008086084
25.872113729288426
26.24059483391684
26.602628061188092
26.955973763962803
27.2984514854407
27.627989751610038
27.94261639806885
28.24039550226147
28.519493131181562
28.778106608312804
29.014448727000172
29.22676104944608
29.413252948115833
29.57209247218711
29.70140097383885
29.799217836391218
29.863460959677365
29.891956855346887
29.882351707541012
29.83214244906967
29.738588778850687
29.598760609767552
29.40937475607356
29.166764122485237
28.86676902693631
28.50454070169455
28.074567678255853
27.569350660903964
26.980688037666166
26.296904550289554
25.502021108525202
24.572150890661486
23.467479541881747
22.10922281777906
20.277480230799647
15.778662463337252
13.20699286994267
11.387245281897368
9.818456054399945
8.382647251359906
7.029569602379128
5.732801980529626
4.476897090244698
3.252241375051038
2.052728893989017
0.8745440821967781
0.0
0.0
0.0
0.0
0.0
0.0
0.0
0.0
0.0
0.0
0.0
0.0
0.0
0.0
0.0
0.0
0.0
0.0
0.0
0.0
0.0
0.0
0.0
0.0
0.0
0.0
0.0
0.0
0.0
0.0
0.0
0.0
0.0
0.0
0.0
0.0
0.0
0.0
0.0
0.0
0.0
0.0
0.0
0.0
0.0
0.0
0.0
0.0
0.0
0.0
0.20706006700230434
4.73114475366263
7.845558576304014
9.756016917669394
11.340697163221545
12.759291351951404
14.078372137899418
15.333175887765353
16.544744796773436
17.726277772197626
18.886124609313494
20.02928120064123
21.158369569499605
22.274097918245893
23.375701272111584
24.461278398910054
25.52777508288987
26.571524231750615
27.588186068385582
28.572937576048773
29.520586201153346
30.425771002820483
31.282973667963365
32.08674262679289
32.831469793180204
33.511994367220716
34.12314536582666
34.6600245679206
35.11800972722714
35.492756104031955
35.7801987411657
35.976531295222216
36.078205067781326
36.08189277037568
35.984396273173715
35.782637671891855
35.47352811200727
35.05390248841529
34.520345285286965
33.8689847304522
33.09524751540089
32.19343089378755
31.15612670665321
29.97323236515064
28.63033226884252
27.10573651224218
25.364240778135255
23.342362979556842
20.9020715554632
17.58041432019668
10.229699821901836
6.780722222660025
4.213930857398498
2.0285268673050565
0.07671542170186513
0.0
0.0
0.0
0.0
0.0
0.0
0.0
0.0
0.0
0.0
0.0
0.0
0.0
0.0
0.0
0.0
0.0
0.0
0.0
0.0
0.0
0.0
0.0
0.0
0.0
0.0
0.0
0.0
0.0
0.0
0.0
0.0
0.0
0.0
0.0
0.0
0.0
0.0
0.3611949500085177
5.7315174245846
9.552980390657064
11.897705910293197
13.865213549190964
15.646582548815413
17.3209123981599
18.93028339184083
20.499957517996336
22.046019828719693
23.578816418420242
25.104673256573605
26.62707480537467
28.147220848894086
29.66443180015926
31.176542829138697
32.68008802767976
34.170756796008114
35.64317597705641
37.091513248152594
38.50939681795681
39.89017527065181
41.22700294948323
42.51295736564924
43.741191718408984
44.904931294676175
45.997596342496095
47.01298948361231
47.945226068681016
48.78870270659503
49.53851040856989
50.1887330121792
50.73576405489181
51.17497219294759
51.50229815994735
51.71390104720115
51.80607795837217
51.77567932752264
51.617707079855656
51.329864054377424
50.9079019341726
50.347550785363296
49.64393925402014
48.79129615455645
47.78255454022017
46.608778270224605
45.25829517813927
43.71532252382879
41.95761268097698
39.95218508654159
37.64636368720238
34.946329088209936
31.64868068408512
27.03488550234573
17.35335250969996
12.977609411264071
9.605712578228333
6.6736676766907665
4.003482211348095
1.5130751572977532
0.0
0.0
0.0
0.0
0.0
0.0
0.0
0.0
0.0
0.0
0.0
0.0
0.0
0.0
0.0
0.0
0.0
0.0
0.0
0.0
0.0
0.0
0.0
0.0
0.0
0.0
0.0
0.0
0.0
0.0
0.0
0.0
0.0
0.0
0.0
