28.477465402814605
28.947076164348527
29.401494856291166
29.839952883050266
30.261449747794252
30.664743289896045
31.048293443061162
31.410284588099504
31.748637170612817
32.061026861289335
32.344903563142765
32.597509181875196
32.81593056685508
32.997105544258446
33.13786245689194
33.23497050111821
33.28512768289897
33.28502248052284
33.23131676862745
33.12071116938224
32.949888239245865
32.71556674141691
32.414461154384476
32.04323466267984
31.598476473603228
31.076576357835705
30.473644052288474
29.785230672639933
29.006110241821716
28.129710187005777
27.147401888336752
26.047075244800773
24.81062305230791
23.408514424472898
21.786396260656083
19.82085363804941
17.04465526821432
11.348050221262639
8.823439807492294
6.898111421805295
5.255302399686425
3.791643940905367
2.4586016492691147
1.22946820414797
0.08810659455822134
0.0
0.0
0.0
0.0
0.0
0.0
0.0
0.0
0.0
0.0
0.0
0.0
0.0
0.0
0.0
0.0
0.0
0.0
0.0
0.0
0.0
0.0
0.0
0.0
0.0
0.0
0.0
0.0
0.0
0.0
0.0
0.0
0.0
0.0
0.0
0.0
0.0
0.0
0.5237542157665632
1.8380204845171306
3.4328788734402744
5.718214419084718
10.211587867948275
12.185237766900872
13.724116135908975
15.066837808945367
16.293903411552396
17.444526161255986
18.541241885558545
19.598502460075114
20.626125957744065
21.631047447678668
22.618310000190228
23.59155642962027
24.553449876847985
25.505841998191322
26.449937606711785
27.386452574299632
28.315629404580065
29.237332866786872
30.15112045063428
31.05625040743883
31.951710211617428
32.836282868016205
33.70851951830712
34.566801035138774
35.40934932044796
36.23422415751009
37.03939562502523
37.82274270883953
38.58208739336172
39.31522202317938
40.01991308885589
40.69393326331062
41.33509565660837
41.94124708795191
42.510327665115526
43.040390523359505
43.52961132434772
43.97632456028812
44.37903024106606
44.736394004779115
45.04725634260562
45.310638633855774
45.525705701744684
45.69183710810197
45.80855952310168
45.87555321253623
45.892687988820015
45.86017716958463
45.777641270351346
45.64599033531494
45.46552241554418
45.23685626880393
44.960736837771094
44.63803923597922
44.26969932087326
43.85675759974628
43.40027482257066
42.90136018494853
42.36113267145575
41.780638131273065
41.16090412167133
40.50281465970794
39.807085623295535
39.07424602814252
38.30425412939961
37.4969466439619
36.65128236768741
35.76534425162726
34.83586432022811
33.857513048759905
32.82159860681575
31.713586732604675
30.507422381403522
29.149849207994848
27.49803207390908
23.910473329513003
21.283167554989106
19.776382090592662
18.580870678261896
17.558086226240768
16.649769935497616
15.824131542647859
15.061173946459471
14.347096333924194
13.671714171858717
13.027135540560074
12.406995442031441
11.80605393415894
11.21990329618005
10.644755327241354
10.077373917578246
9.514947260176545
8.955022506646792
8.395489806558102
7.834522550815061
7.2705491489283505
6.702257131889553
6.128563706628759
5.5486162487385515
4.961791659552935
4.367642392888841
3.765953822983481
3.1566913583586107
2.5400473315779357
1.9163692114189201
1.286174729723075
0.6501862025460093
0.009250176390223715
0.0
0.0
0.0
0.0
0.0
0.0
0.0
0.0
0.0
0.0
0.0
0.0
0.0
0.0
0.0
0.0
0.0
0.0
0.0
0.0
0.0
0.0
0.0
0.0
0.0
0.0
0.0
0.0
0.0
0.0
0.0
0.0
0.0
0.0
0.0
0.0
0.0
0.0
0.0
0.0
0.0
0.0
0.0
0.0
0.0
0.0
0.0
0.0
0.0
0.0
0.0
0.0
0.0
0.0
0.0
0.0
0.0
0.0
0.0
0.0
0.0
0.0
0.22954312315596892
1.0908134998749235
2.033639293829982
3.123810642388979
4.63059247333656
7.332823960893062
8.441430605541232
9.255635315297422
9.917250409405723
10.476822428068385
10.959581107956435
11.380359271369745
11.748757830905474
12.071452220058516
12.353299488189917
12.598016168584696
12.80855250971267
12.987356338160351
13.136493832974704
13.257809712727166
13.352989012040771
13.423649957051024
13.471347272989235
13.497683737212231
13.504275845077558
13.492837093333067
13.465144922738276
13.42309747380347
13.368715249930625
13.304149199350931
13.231717992214596
13.15385669074928
13.073131142406506
12.99227428918631
12.91404370083962
12.841232388437131
12.776612269250254
12.722825290930022
12.682327213628135
12.6572887080986
12.649544025252816
12.660474342734371
12.690980852737951
