17.284535400000024
14.396447999999992
11.519141700000029
8.650478100000022
5.788630650000026
2.9320846500000033
0.07977089999999663
0.0
0.0
0.0
0.0
0.0
0.0
0.0
0.0
0.0
0.0
0.0
0.0
0.0
0.0
0.0
0.0
0.0
0.0
0.0
0.0
0.0
0.0
0.0
0.0
0.0
0.0
0.0
0.0
0.0
0.0
0.0
0.0
0.0
0.0
0.0
0.0
0.0
0.0
0.0
0.0
0.0
0.0
0.0
0.0
0.0
0.0
0.0
0.0
0.0
0.0
0.0
0.0
0.0
0.0
0.0
0.0
0.0
0.0
0.0
0.0
0.0
0.0
0.0
0.0
0.0
0.0
0.0
0.0
0.0
0.0
0.0
0.0
0.0
0.0
0.0
0.0
0.0
0.0
0.0
0.0
0.0
0.0
0.0
0.0
0.0
0.0
0.0
1.920354150000004
4.515258000000007
7.067705700000022
9.571638449999984
12.021220200000014
14.411015849999995
16.735946699999996
18.99155775000002
21.173483100000023
23.277846900000032
25.30095150000001
27.239678399999995
29.091131849999996
30.852906150000003
32.52299654999999
34.09971015
35.581799550000014
36.96855195
38.259521850000034
39.454932
40.555495200000024
41.56250340000001
42.478184100000036
43.30578945
44.05017540000001
44.7183363
45.321186900000036
45.87619080000001
46.41377564999999
46.9933266
47.750854800000006
48.47452500000002
48.889062749999994
49.16411445000002
49.30970385000001
49.33442910000001
49.24586370000001
49.0509129
48.75603644999998
48.36711495000003
47.88989534999999
47.32981275000001
46.69230225000002
45.982442550000016
45.20540145
44.3662131
43.46977800000005
42.52108575000001
41.5249923
40.48626450000001
39.40975829999999
38.300151450000016
37.16216625000001
36.000435900000014
34.819504500000015
33.62382705
32.417814
31.205697599999986
29.99162100000002
28.779593700000007
27.57349155
26.377012200000014
25.19363055000001
24.026732400000007
22.87948080000001
21.754771500000015
20.65532205000003
19.583716349999985
18.54218190000002
17.53281255000001
16.55752395000002
15.617919899999997
14.71542600000001
13.851289650000005
13.026580050000021
12.242099100000008
11.498515050000034
10.796273399999981
10.135686000000016
9.51693105
8.939964000000014
8.40474029999999
7.910948100000037
7.458320100000015
7.0463662499999895
6.674596499999993
6.342476250000017
6.049337250000036
5.79455580000004
5.577419099999998
5.262227850000015
5.0589462
4.945254599999998
4.901417400000012
4.9142032500000195
4.974212100000013
5.074405050000001
5.209035149999999
5.3733801
5.563474950000004
5.775666600000029
6.006792000000013
6.253821750000016
6.514082850000008
6.784857750000015
7.063829850000025
7.348682550000001
7.6371883500000015
7.927431600000014
8.217407550000004
8.505512400000002
8.790142350000007
9.070050000000029
9.344166150000019
9.611733450000017
9.872440049999994
10.126553249999997
10.374919500000011
10.61954355000001
10.863766650000006
11.113068450000036
11.376314400000025
11.667715950000023
11.943703200000003
12.094727699999984
12.214210800000018
12.300415050000032
12.352003950000011
12.367685550000019
12.346435200000018
12.287272800000007
12.18957464999999
12.052806150000038
11.876521800000017
11.660632500000021
11.405004600000014
11.109816300000016
10.775334900000013
10.402050450000011
9.990408450000022
9.541210800000012
9.055259400000018
8.533489800000018
7.977015750000019
7.387084650000006
6.764943899999992
6.112063650000001
5.430003149999993
4.720366199999997
3.9848902500000034
3.2254018500000132
2.443816650000002
1.6421394000000138
0.822374850000011
0.0
0.0
0.0
0.0
0.0
0.0
0.0
0.0
0.0
0.0
0.0
0.0
0.0
0.0
0.0
0.0
0.0
0.0
0.0
0.0
0.0
0.0
0.0
0.0
0.0
0.0
0.0
0.0
0.0
0.0
0.0
0.0
0.0
0.0
0.0
0.0
0.0
0.0
0.0
0.0
0.0
0.0
0.0
0.0
0.0
0.0
0.0
0.0
0.0
0.0
0.0
0.0
