34.16962577787028
34.350530705998395
34.514014984404525
34.660554401425394
34.789798743034666
34.90070736972976
34.9915490966738
35.059978499150255
35.10313380537142
35.11773875375535
35.10007857806555
35.04614354816585
34.95162269945021
34.81184444881164
34.6218278826105
34.37612146461905
34.06870210380505
33.69266528973622
33.239806679312004
32.69989434312637
32.05925297542306
31.29808363452785
30.38424627711579
29.256224026505485
27.753741294700745
24.095058518632563
21.550160428440176
19.905158054053466
18.510018197845707
17.24533095465233
16.06307683850237
14.93890311910972
13.858875470390991
12.814507868216712
11.80049425868153
10.813407716257913
9.851118482386017
8.912312425064753
7.996281133939457
7.1027219163969235
6.231630936245566
5.383229443639313
4.557860142555956
3.7559798786951784
2.978126790862382
2.224840443508482
1.4967199153693946
0.7943020529532794
0.11810241521572494
0.0
0.0
0.0
0.0
0.0
0.0
0.0
0.0
0.0
0.0
0.0
0.0
0.0
0.0
0.0
0.0
0.0
0.0
0.0
0.0
0.0
0.0
0.0
0.0
0.0
0.0
0.0
0.0
0.0
0.0
0.0
0.0
0.0
0.0
0.0
0.0
0.0
0.0
0.0
0.0
0.0
0.0
0.0
0.0
0.0
0.0
0.0
0.0
0.0
0.0
0.0
0.0
0.0
0.0
0.0
0.0
0.0
0.0
0.0
0.0
0.0
0.0
0.36369450017014515
1.5858584818557064
3.064017961537302
5.060211716770774
9.655296377858399
11.951151975710069
13.636435757972588
15.091000787113067
16.41755467378555
17.66177671712248
18.8484156539538
19.992476464635505
21.103248841687403
22.18726855748855
23.248535535161714
24.289637446002764
25.31198703014221
26.316107935683732
27.301790804170782
28.26821259355431
29.214064688349488
30.137575137164472
31.036616410821097
31.908721923458057
32.751149948255446
33.56093614457893
34.33488932832598
35.069689848950254
35.76185240287317
36.40783930542331
37.00402342127066
37.54672290540904
38.03226931191645
38.456976710488476
38.81715535882137
39.10913364995953
39.32927338822626
39.473944171513615
39.53951370131554
39.522355997747916
39.41877492808327
39.22500730274625
38.937096999067755
38.5508865728448
38.06182039117615
37.46480590526323
36.753969655062065
35.922290116226094
34.96102657993283
33.85883606005934
32.600275341113935
31.162991760930815
29.512145053803174
27.587171048428203
25.26190148737001
22.147615214491804
14.933920919017144
11.322640230350705
8.700171417322728
6.468908327902658
4.46759417386502
2.62598427527719
0.9074238181435441
0.0
0.0
0.0
0.0
0.0
0.0
0.0
0.0
0.0
0.0
0.0
0.0
0.0
0.0
0.0
0.0
0.0
0.0
0.0
0.0
0.0
0.0
0.0
0.0
0.0
0.0
0.0
0.0
0.0
0.0
0.0
0.0
0.0
0.0
2.24673036889782
6.342811410576939
13.145269219467526
16.113962771408517
18.502522976479916
20.60517649067122
22.528826321482118
24.326162208722554
26.026887459190696
27.648819982238145
29.202744106123397
30.694897865741147
32.1284134787339
33.50418703556175
34.821482492483185
36.07833396914926
37.271944363522046
38.39886712685399
39.45525906602563
40.43707111844769
41.340158020885625
42.1604407066677
42.89397304100025
43.53707323451018
44.086588521773976
44.53863495654058
44.89132327712229
45.14205878222714
45.28888992152843
45.33021831243567
45.264798755152555
45.091685722343826
44.81019344362552
44.41983811992819
43.92024732527416
43.311062546710914
42.59180959766035
41.761777134110304
40.819735203142955
39.76370317374991
38.59046334826634
37.294890741490136
35.86885612678148
34.29916470155692
32.56364820769977
30.62233395187851
28.39306054132864
25.654028298689518
19.766895797259416
15.293685431655422
12.764991567963197
10.764676688584796
9.067800031454716
7.584572181491584
6.269184583238948
5.095211729730172
4.0462362330453745
3.1115882486036504
2.2841116571716613
1.558917917576083
0.932624201854112
0.40281590519805144
0.0
0.0
0.0
0.0
0.0
0.0
0.0
0.0
0.0
0.1307434701248826
0.5794356980381145
1.1080620626495
1.7143735745903994
2.39602589526506
3.1506302738679617
3.975872860880584
4.869717581406842
5.830695904368127
6.8585166869734735
7.954993292395932
9.126228903639644
10.387482795899565
11.77748347282105
13.42043306000851
16.824643462454894
18.628408641042473
19.609709978038588
20.240286317421017
20.615532012735024
20.768554291867584
