15.519944543387414
15.696522710919234
15.866367201471597
16.028802823675395
16.183360442321273
16.329715798233295
16.467737233168002
16.59745303887962
16.719107938587356
16.83312539472985
16.940112229909243
17.04088133680366
17.136390582638853
17.22777996811618
17.316303204043948
17.40334321866832
17.490346425917444
17.578853737599914
17.67036642210007
17.7664237362419
17.868543080993643
17.97816767938324
18.096677139730094
18.225316922094862
18.365218460544163
18.51736455116564
18.68258656351977
18.861498411927403
19.054545753400824
19.26198996137888
19.48386205410624
19.720029522007362
19.970163223533557
20.233774235833295
20.510151490183816
20.79852368986254
21.09796679384276
21.407446265022095
21.725845549695283
22.051966946847962
22.38454703830433
22.722252336500482
23.063701604617165
23.407464893948003
23.75205481066443
24.09594815066012
24.437609662875516
24.775431417814165
25.10781809406992
25.433146198433278
25.74978263997687
26.056117967820086
26.350588627633535
26.631667548086565
26.89782261346447
27.14762074345611
27.379617241987958
27.592456479868403
27.784805247742142
27.955435590610087
28.10314652834038
28.226823300937326
28.325417422148483
28.397936548161006
28.44347803568005
28.461223417090707
28.450422057053657
28.41040402778991
28.340578444535247
28.240440879316637
28.109582462975677
27.947648431680435
27.75440906126317
27.529680434770597
27.27336330270761
26.985435957046278
26.6659114308993
26.314848690379428
25.93231269197173
25.518352377664385
25.072981042672016
24.596120778870098
24.087536432409955
23.546759346522936
22.972966061846535
22.364739506905188
21.719821664031176
21.034551439721284
20.302875233319405
19.514373953192923
18.64970896161415
17.66755960541734
16.448323642657844
13.702879339603776
12.168950160782156
11.197727398347716
10.439162437001286
9.81312123891042
9.285177390352583
8.83701826017051
8.457730636719
8.140405348017955
7.880526714527861
7.67508488060624
7.522182825417323
7.42072283705845
7.370262450639193
7.370920628093656
7.423374771430705
7.528859065124294
7.689279656589097
7.907397904397553
8.18716570603979
8.534227079017946
8.956946302251842
9.46830333098994
10.09014057447566
10.86478247766615
11.899853820290204
14.344452980287107
16.164608854836082
17.295699222869008
18.254084200735676
19.124317221122414
19.939670556564963
20.716770046091845
21.465084361297652
22.190354390926572
22.89617467255505
23.584850578124023
24.257771684867
24.91575835336002
25.559141052338074
26.18794202836804
26.801890803011084
27.400475429165166
27.98303140431019
28.548712916767208
29.096526933652136
29.62538428753092
30.134086697057793
30.621348414938346
31.08577472172044
31.52594677892179
31.940379003506564
32.32753235652282
32.68587101673544
33.01378340348077
33.30966895936116
33.57189644897154
33.79879638341059
33.9887137883143
34.139928047481604
34.25074811362639
34.31945357071027
34.34427854837247
34.32345167773375
34.25513385526549
34.13741837600313
33.968290504567534
33.74559291730425
33.46702189569568
33.13002258307755
32.73170233572068
32.268737550115674
31.73714304877314
31.132030202106677
30.447183023625005
29.674318967890496
28.801875100654986
27.812618243923666
26.678544678446624
25.347937165895807
23.70074835256178
21.22646399907207
16.554860615050828
14.503799570753603
12.884285123901298
11.47313486843809
10.192406108916986
9.00451893294662
7.888487249035913
6.831589493381155
5.825824581337282
4.866043227957182
3.9490149615549797
3.072800635306111
2.2363974567315985
1.4395008625814514
0.682295307428501
0.0
0.0
0.0
0.0
0.0
0.0
0.0
0.0
0.0
0.0
0.0
0.0
0.0
0.0
0.0
0.0
0.0
0.0
0.0
0.0
0.0
0.0
0.0
0.0
0.0
0.0
0.19452026797955116
1.15539874247763
2.226149218257078
3.4268030593084315
4.79175418379095
6.387768841606489
8.380519411705372
11.74557284948283
16.375601754093182
18.453335331124283
20.13229294624446
21.6015669827503
22.932945657931956
24.16272615120183
25.3121615684175
26.39481063995409
27.419914645647957
28.394034278187796
29.321999847508383
30.20749313123077
31.053387803734246
31.86201816421947
32.635332037088745
33.3750047361703
34.082509383503265
34.75921957674262
35.40640136469711
36.02528039482549
36.6170528257375
37.182875244071205
37.72390274878474
38.24123355725138
38.73596767310492
39.209153026518585
39.66176961101323
40.0947065072079
40.50875268696532
40.90457206592286
41.28267201255979
41.643370827502316
41.9867971211801
42.3128660789663
42.62126613665163
42.91142448514652
43.182552640817505
43.433672019276294
43.66302385930163
43.86938777089678
44.050718530360015
44.20485202315554
44.32937366057065
44.42167073033755
44.478926341217075
44.498172779241976
44.476338111118174
44.410242192016575
44.296698656383825
44.13251561360248
43.914596595982175
43.63991224210508
43.30561233328556
42.909014358598945
42.44767727204192
41.91942766840874
41.32238695055418
40.654972075003556
39.915869049502284
39.104007099874536
38.218393707943655
37.25792400087847
36.22092494192282
35.10436459685283
33.90219133801865
32.601708726016604
31.1739441745396
29.540961569919332
27.359531567030878
23.313495020421442
21.728630233895473
20.67269131481094
19.92480792066184
19.414497827302696
19.112717879647846
19.008673512041657
