0.0
0.0
0.0
0.0
0.0
0.0
0.0
0.0
0.0
0.0
0.0
0.0
0.0
0.0
0.0
0.0
0.0
0.0
0.0
0.0
0.0
0.0
0.0
0.0
0.0
0.0
0.0
0.0
1.2379372500000123
2.532114750000018
3.868436550000012
5.245120649999997
6.660073200000005
8.111066699999995
9.59565090000001
11.111108250000012
12.654676650000013
14.223326699999994
15.814029000000012
17.423531400000016
19.04849265000002
20.685482400000012
22.331070300000007
23.98169234999999
25.63378455000003
27.28373835000002
28.927989750000037
30.56293020000001
32.184951149999996
33.79048860000001
35.375978549999985
36.93799065000002
38.473050000000036
39.97785990000001
41.44903455000001
42.88350000000001
44.27813775000003
45.629962950000014
46.93616895
48.19399364999999
49.400942250000014
50.56293990000003
51.62175975000001
52.624045649999985
53.568238350000016
54.45317955
55.27797824999999
56.0424117
56.74670265
57.39223215000001
57.981628650000005
58.51979265000001
59.01545595000003
59.484032850000006
59.954703600000016
60.48698700000001
61.197114
61.57939755
61.84322265000003
61.994202599999994
62.037059700000015
61.97566980000002
61.81346325000001
61.5532467
61.197604050000024
60.748762800000016
60.2087277
59.57932530000002
58.86224850000002
58.05914565000001
57.171576000000016
56.20096515
55.14896145
54.01707960000001
52.806656100000026
51.5195175
50.0974518
48.6753861
47.25332040000001
45.462722250000006
43.59015210000001
41.63850570000001
39.61076790000001
37.51014630000002
35.34011580000003
33.10432950000003
30.806663250000007
28.45121565000001
26.04226350000003
23.584395449999995
21.082333800000022
18.541068150000015
15.965632650000018
13.361373300000022
10.73376974999999
8.088479850000013
5.431116899999997
2.767606049999995
0.1038279000000074
0.0
0.0
0.0
0.0
0.0
0.0
0.0
0.0
0.0
0.0
0.0
0.0
0.0
0.0
0.0
0.0
0.0
0.0
0.0
0.0
0.0
0.0
0.0
0.0
0.0
0.0
0.0
0.0
0.0
0.0
0.0
0.0
0.0
0.0
0.0
0.0
0.0
0.0
0.0
0.0
0.0
0.0
0.0
0.0
0.0
0.0
0.0
0.0
0.0
0.0
0.0
0.0
0.0
0.0
0.0
0.0
0.0
0.0
0.0
0.0
0.0
0.0
0.0
0.0
0.0
0.0
0.0
0.0
0.0
0.0
0.0
0.0
0.0
0.0
0.0
0.0
0.0
0.0534418500000291
2.6984199000000055
5.335423500000012
7.958171100000022
10.560648449999992
13.13675220000001
15.680779950000009
18.187073850000026
20.65019880000002
23.064986999999988
25.42649340000001
27.73026300000003
29.972063550000016
32.14788555000001
34.25394225000002
36.286803299999995
38.24339475000001
40.12082085
41.91658679999999
43.62842055000004
45.25445099999999
46.79302980000003
48.242864999999995
49.603021050000024
50.86895384999998
52.00591440000001
53.05439865
54.01538670000001
54.89066055
55.68275955000003
56.39569320000001
57.0355203
57.61195275
58.14093944999999
58.65108150000003
59.19913559999999
59.91603420000001
60.48997185
60.8142513
61.00381155000002
61.06881000000001
61.0175775
60.85715295000004
60.59350604999999
60.23176005
59.77659270000004
59.23205805000002
58.60203195000001
57.889944750000026
57.0991377
56.2327293
55.29370440000001
54.28500330000003
53.20956629999999
52.06997729999999
50.86922115000001
49.928102400000014
48.45247275000002
46.91411670000003
45.316821000000004
43.66441695000003
41.96091405000001
40.21032180000001
38.41673880000002
36.5843973
34.71757410000002
32.820768749999985
30.898391700000005
28.955031600000012
26.995321650000015
25.023895050000007
23.045563200000025
21.065048400000013
19.0870284
17.116314600000027
15.157495650000035
13.215204750000002
11.293941449999991
9.398071650000006
7.531783050000035
5.699085149999998
3.9037647000000173
2.1493857000000225
0.4390666500000242
0.0
0.0
0.0
0.0
0.0
0.0
0.0
0.0
0.0
0.0
0.0
0.0
0.0
0.0
0.0
0.0
0.0
0.0
0.0
0.0
