33.28256046095827
33.48364454221947
33.716546380886975
33.98014692226961
34.27240467160565
34.590394553063895
34.93051140619664
35.28853406169998
35.659829573790944
36.03944836147716
36.42225472260385
36.80300752754329
37.176481899529676
37.537498762860324
37.88100276459197
38.202113296094396
38.49613993724573
38.758562876309995
38.98507704190035
39.171609936555186
39.31423186343221
39.409197379188804
39.45293530160692
39.44196477908012
39.372899627534196
39.242389884071564
39.047043201528986
38.78332951705821
38.44750717855582
38.03542196902049
37.542359817514296
36.96270593781847
36.289586213712326
35.51415763584558
34.62455439779567
33.60396859739673
32.42683151868571
31.050197552678277
29.389241786608814
27.2123701291711
21.96023448515984
18.73902273006266
16.579075324680897
14.752822401075807
13.105020622504323
11.570698221264623
10.115729541390856
8.71995430091515
7.370581147009709
6.05919886514379
4.78012222178409
3.5295357168892227
2.3049273142192055
1.1047792790363429
0.0
0.0
0.0
0.0
0.0
0.0
0.0
0.0
0.0
0.0
0.0
0.0
0.0
0.0
0.0
0.0
0.0
0.0
0.0
0.0
0.0
0.0
0.0
0.0
0.0
0.0
0.0
0.0
0.0
0.0
0.0
0.0
0.0
0.0
0.0
0.0
0.0
0.0
0.0
0.0
0.0
0.0
0.0
0.0
0.0
0.0
0.0
0.0
0.0
0.0
0.0
0.0
0.0
2.0574340619618217
6.847257646969998
9.760522919694024
11.640649962464039
13.199337949730024
14.584787005354249
15.859924255097203
17.058566655884967
18.20131199995013
19.301499056749726
20.368284493598154
21.4079737252977
22.42492335689645
23.422088589019324
24.40132735310948
25.36369654858984
26.309597757710236
27.23891331865054
28.151056688398892
29.04521353988204
29.92028759163931
30.775034522916087
31.608064199432434
32.41795107644233
33.20324675520954
33.96251587595923
34.69435553296279
35.39741866435157
36.07045208448962
36.7122686026181
37.32178933532562
37.898030570772626
38.440132254513145
38.947327130243764
39.41899811579896
39.85464168525765
40.25388172460761
40.6164803715249
40.94233702781054
41.23147022156425
41.48399899119609
41.7001813034621
41.88036741573354
42.02501271961837
42.13464852452252
42.20989722234023
42.25140692424592
42.2599040108085
42.23614716876641
42.1809158817434
42.095015304174545
41.97927262535981
41.83452832703344
41.661621385513314
41.46139566478833
41.23471899984744
40.98238865646671
40.705224738985876
40.403968071583094
40.0793563494193
39.73201868686093
39.36257538110138
38.97151612294155
38.55925366826014
38.12610598590568
37.672265428598585
37.19777384416501
36.70251625517183
36.18616434938774
35.64816810760516
35.08765548006029
34.50341027886333
33.89372999346355
33.25633062365755
32.58811229618911
31.88486230212484
31.140783930634527
30.34765459655119
29.493179875985806
28.557708230870496
27.50596121414246
26.26111237075694
24.55879233582241
20.90382670412193
19.246253860140317
18.00553403438003
16.94834403592173
16.000047921883176
15.124635956046735
14.301317661210355
13.516678104319901
12.761447487292102
12.028907747850038
11.314011167407392
10.612862165800289
9.922428535302199
9.24033014997378
8.564663207609051
7.8939446121404515
7.227038864773916
6.563085260167668
5.901502332989363
5.241903810862755
4.584089039736895
3.9280570771953514
3.2739054735022854
2.621912827051117
1.9724785456360654
1.326121551735529
0.68347522476701
0.045259913180111654
0.0
0.0
0.0
0.0
0.0
0.0
0.0
0.0
0.0
0.0
0.0
0.0
0.0
0.0
0.0
0.0
0.0
0.0
0.0
0.0
0.0
0.0
0.0
0.0
0.0
0.0
0.0
0.0
0.0
0.0
0.0
0.0
0.0
0.0
0.0
0.0
0.0
0.0
0.0
0.0
0.0
0.0
0.0
0.0
0.0
0.0
0.0
0.0
0.0
0.0
0.0
0.4684159622443565
1.8824784824637186
3.610655721348703
6.187251682521115
10.809793834688561
12.811484083760995
14.39747147853948
15.78560238129572
17.05303823962856
18.23776555571169
19.361508884106964
20.437858511114293
21.475647207020778
22.480747822255026
23.456948206558543
24.40656835659086
25.330797152946218
26.22988562439871
27.103425920626165
27.950391385289294
28.769270861293087
29.558174751372096
30.314862339841497
31.036874237793576
31.721548251489267
32.36606465328996
32.96758811570608
33.52323059072934
34.03020975934045
34.485812832214755
34.88754137945443
