40.527212
40.84120039999998
41.1578915
41.473335200000015
41.78402689999995
42.08687779999998
42.379482200000005
42.66005810000001
42.927922399999986
43.1839364
43.43109979999999
43.675827799999965
43.930564700000005
44.164511599999976
44.276035099999966
44.341286
44.35759130000002
44.322782899999986
44.23493029999996
44.092548500000014
43.894390099999995
43.63956409999999
43.327417100000005
42.9576224
42.530031499999964
42.0447929
41.502233299999986
40.90291699999998
40.247586500000004
39.5371328
38.7726845
37.95551869999998
37.087090699999976
36.16891520000001
35.202774200000015
34.19053879999999
33.13422860000003
32.03598200000002
30.89808589999999
29.72300539999998
28.513294699999992
27.271597100000026
26.000793499999975
24.703764800000005
23.383570099999982
22.04344669999996
20.686602199999996
19.31651149999996
17.9366792
16.55066930000002
15.162253699999992
13.775204299999977
12.393411799999985
11.020796599999994
9.6613385
8.319076699999977
6.998050399999984
5.702298799999995
4.435801700000006
3.2025982999999907
2.006549599999992
0.8515165999999755
0.0
0.0
0.0
0.0
0.0
0.0
0.0
0.0
0.0
0.0
0.0
0.0
0.0
0.0
0.0
0.0
0.0
0.0
0.0
0.0
0.0
0.0
0.0
0.0
0.0
0.0
0.0
0.0
1.1930071999999836
2.7385655000000004
4.369838000000002
6.083171599999968
7.874675599999971
9.740102899999972
11.675028200000002
13.674729199999994
15.734246000000022
17.848410799999964
20.011788499999998
22.218765799999982
24.463580899999993
26.740353200000015
29.04299419999998
31.365385700000004
33.70135009999999
36.0446801
38.38916839999999
40.72863739999999
43.05696889999996
45.36813380000002
47.656281199999974
49.915649300000005
52.140684200000024
54.32601019999998
56.46645949999999
58.5571613
60.593393300000024
62.57075989999998
64.48516249999999
66.33271040000001
68.10989899999998
69.81346129999997
71.4404273
72.98818339999995
74.43495949999998
75.790913
77.0624888
78.24849890000002
79.3481117
80.3609411
81.28701679999999
82.12699219999999
82.88223349999998
83.55514639999997
84.1496216
84.67195549999998
85.1325431
85.5494123
85.9566884
86.42535439999999
86.6391647
86.73978829999997
86.73165049999997
86.61867170000002
86.404505
86.09244709999996
85.68570559999996
85.18728019999999
84.60014089999996
83.92719829999997
83.17130359999997
82.33533769999998
81.42221120000002
80.4348644
79.37629700000001
78.24956809999998
77.05785560000001
75.80439679999998
74.49242899999999
73.06124539999999
71.63006180000001
70.1988782
68.59822640000002
66.9537374
65.2698068
63.55091929999999
61.801678400000014
60.026717299999994
58.23069889999999
56.41834549999999
54.5944388
52.7637011
50.93079529999998
49.10044370000001
47.27722009999999
45.46560920000002
43.670066
41.89483760000002
40.14405229999997
38.421719600000024
36.73158169999999
35.07723229999996
33.4620275
31.889145199999962
30.36146629999996
28.881693499999976
27.452232499999962
26.07522170000001
24.752591599999974
23.486005399999996
22.276799599999958
21.12619189999999
20.035013899999985
19.00391900000001
18.033322999999996
17.123404099999988
16.274132599999987
15.485270900000005
14.756403199999985
14.086876099999975
13.475947099999996
12.922636099999988
12.425963000000019
11.98468039999999
11.597511200000001
11.263059499999992
10.979870000000002
10.7463686
10.560981199999992
10.354536500000009
10.196473099999979
10.127450299999975
10.12982629999997
10.191661700000013
10.304432599999975
10.461486200000023
10.657506199999988
10.888037599999976
11.14910059999999
11.437249999999992
11.749337599999995
12.082423099999994
12.433833499999984
12.801044300000012
13.18173889999997
13.573660099999989
13.9747289
14.383044499999988
14.796735799999997
15.214109899999993
15.633592699999982
16.0536992
16.47306319999999
16.890377900000008
17.3045444
17.71452320000001
18.11930450000002
18.518056700000013
18.910066999999973
19.294622599999975
19.67118890000002
20.03926099999998
20.398452799999994
20.74846730000001
21.089037199999975
21.419984300000014
21.741249199999974
22.052742800000004
22.354554199999992
22.64668339999999
22.9292789
23.20245949999998
23.46643309999999
23.721377900000004
23.96753150000001
24.205131500000007
24.434415499999975
24.65565079999997
24.869104699999983
25.075044500000015
25.27367810000001
25.465272799999962
25.650095900000004
25.828384999999994
26.00028860000003
26.16607400000002
26.325919399999982
26.4799436
26.628384200000013
26.771300600000004
26.908841299999978
27.04112509999997
27.168211399999965
27.290189299999977
27.407058800000016
27.51890899999998
27.625739899999996
27.727551499999986
27.824314099999974
27.91602769999996
28.002692299999993
28.084218800000002
28.160636899999986
28.231857500000014
28.2979103
28.35873590000002
28.414304599999976
28.46461639999999
28.509700999999996
28.549499000000008
28.584129199999982
28.6135619
28.637856499999984
28.649172199999988
28.654250899999997
28.655617100000004
28.65356779999999
28.648518799999994
