0.0
0.0
0.0
0.0
0.0
0.0
0.0
0.0
0.0
0.0
0.0
0.0
0.0
0.0
0.0
0.0
0.0
0.0
0.0
0.0
0.0
0.0
0.0
0.0
0.0
0.0
0.0
0.0
0.0
0.0
0.0
0.0
0.0
0.0
0.0
0.0
0.0
0.0
0.0
0.0
0.0
0.0
0.0
0.0
0.0
0.0
0.0
0.0
0.0
0.0
0.0
0.0
0.0
0.0
0.0
0.0
0.0
0.0
0.0
0.0
0.0
0.0
0.0
0.0
0.0
0.0
0.0
0.0
0.0
0.0
0.0
0.0
0.0
0.0
0.0
0.0
0.0
0.0
0.0
0.0
0.0
0.0
0.0
0.0
0.0
0.0
0.0
0.0
0.0
0.0
0.0
0.0
0.0
0.0
0.0
0.0
0.0
0.0
0.0
0.0
0.0
0.0
0.0
0.0
0.0
0.0
0.0
0.0
0.0
0.0
0.0
0.0
0.0
0.0
0.0
0.0
0.0
0.0
0.0
0.0
0.0
0.0
0.0
0.0
0.0
0.0
0.0
0.0
0.0
0.0
0.0
0.0
0.0
0.0
0.0
0.0
0.0
0.0
0.0
0.0
0.0
0.0
0.0
0.7927936500000239
1.9210223999999958
2.9345794500000073
3.8348904
4.627301250000024
5.323795950000025
5.950213500000004
6.566295449999993
7.3386142500000044
8.362952400000019
8.932791450000018
9.27582645000001
9.410100150000023
9.350358600000021
9.109254000000002
8.698280250000032
8.128084800000016
7.408958700000015
6.550970250000004
5.5642323000000244
4.458902250000006
3.245271150000022
1.9337636999999883
0.5349828000000152
0.0
0.0
0.0
0.0
0.0
0.0
0.0
0.0
0.0
0.0
0.0
0.0
0.0
0.0
0.0
0.0
0.0
0.0
0.0
0.0
0.0
0.0
0.0
0.0
0.0
0.0
0.0
0.0
0.0
0.0
0.0
0.0
0.0
0.0
0.0
0.0
0.0
0.0
0.0
0.0
0.0
0.0
0.0
0.0
0.0
0.0
0.0
0.0
0.0
0.0
0.0
0.0
0.0
0.0
0.0554465999999995
2.1356643000000055
4.194186150000023
6.22241400000002
8.211883350000024
10.154486100000032
12.042426000000004
13.868263200000015
15.625047900000013
17.306320350000007
18.90611085000003
20.419117950000015
21.840574799999995
23.16651645000002
24.39382440000001
25.520315700000033
26.54496569999999
27.46844265000002
28.293731400000002
29.02742535000001
29.682755850000014
30.285918300000017
30.894114900000005
31.6552071
32.67446655000002
33.254997600000024
33.63643470000002
33.83312295000002
33.85673445000002
33.7171593
33.422995650000004
32.98190610000001
32.401107750000016
31.687238550000004
30.846847350000004
29.886126600000026
28.811268749999996
27.628377150000013
26.343510599999984
24.962816999999994
23.492399700000014
21.938406599999997
20.30711925000001
18.604730099999998
16.837654350000022
15.01221810000001
13.13501475
11.212414950000007
9.250967550000002
7.257221400000033
5.237725349999989
3.1989391500000313
1.147233450000025
0.0
0.0
0.0
0.0
0.0
0.0
0.0
0.0
0.0
0.0
0.0
0.0
0.0
0.0
0.0
0.0
0.0
0.0
0.0
0.0
0.0
0.0
0.0
0.0
0.0
0.0
