7.034779823108279
7.201038652381135
7.426998189309345
7.713661653225275
8.062036601376425
8.47326006760908
8.94887129188367
9.491130445854425
10.103680428104267
10.79254917531028
11.56822830086701
12.450014158075238
13.47786633750503
14.756840753084735
17.097336557386768
19.690379997589652
20.901368406342232
21.85220884088335
22.654582631576634
23.352042176250535
23.966929138377367
24.512669909286622
24.99820471924351
25.430009657906645
25.813152485434053
26.151834223598176
26.44973367521792
26.710194180454565
26.936414255869686
27.131468182190204
27.29844789539792
27.440419949237448
27.560483536366156
27.661905257025026
27.74745283746566
27.820694122465525
27.884679028859736
27.94257516948104
27.99745605216942
28.0523099588682
28.10996401738049
28.17310779962439
28.244192607239512
28.325435877097682
28.41878242749384
28.525838563293654
28.647886455576646
28.78578993439831
28.9400483686374
29.110771274493302
29.29765145879265
29.500014988126118
29.716835330154012
29.946778746058392
30.1882249818525
30.43932211408687
30.69805609666738
30.96220786007723
31.22945109814106
31.497335698756622
31.763337448151937
32.02485084246092
32.279240550047355
32.52379259421626
32.75579424628371
32.97246292426751
33.17100912737666
33.34855986982831
33.50224781049012
33.62912022934387
33.72620024745551
33.79040971084848
33.81860076158308
33.80746771192989
33.7535395318655
33.65316082871155
33.50232886638716
33.296711512378224
33.03144233852332
32.700980512941264
32.298839237927844
31.81713902421378
31.245935550896007
30.571976923744838
29.776454864301435
28.83008124847861
27.680775992692034
26.2125177077194
23.96124677131474
19.46625307485088
17.42347691367714
15.770230877229615
14.288908596645715
12.904892790533442
11.58224229826591
10.300732377399266
9.047891356462692
7.81564263024106
6.598606964908752
5.3931738357837835
4.196948878965173
3.0084792309180295
1.8269804225178254
0.6522311391918061
0.0
0.0
0.0
0.0
0.0
0.0
0.0
0.0
0.0
0.0
0.0
0.0
0.0
0.0
0.0
0.0
0.0
0.0
0.0
0.0
0.0
0.0
0.0
0.0
0.0
0.0
0.0
0.0
0.0
0.0
0.0
0.0
0.0
0.0
0.0
0.0
0.0
0.0
0.0
0.0
0.0
0.0
0.0
0.0
0.0
0.0
0.0
0.0
0.0
0.0
0.0
0.0
0.0
0.0
0.0
0.0
0.0
2.3109490476892587
6.34198011332335
8.1397944372022
9.60198271401556
10.906539845768167
12.124142484645336
13.29222948721316
14.433700566679239
15.56368902756275
16.69268028464062
17.828024703981043
18.974870625954257
20.136552608388737
21.31517803312764
22.511705114006205
23.726211238436587
24.957964823246783
26.205641772605
27.46741170474587
28.740882794804794
30.023462790109583
31.31225089630946
32.604166383835555
33.89598496917139
35.18446804589207
36.46638948442984
37.7385374592087
38.99781814966543
40.24126541741599
41.46603489099205
42.669441380241295
43.848968540515195
45.00216302767686
46.12685032862782
47.22104065982452
48.28290303853146
49.31076926711417
50.303437985170575
51.258436898855805
52.17551686315594
53.053138781004336
53.890187383400885
54.685660267506755
55.438589585849144
56.14811733033229
56.81340308036695
57.43366741913396
58.008198234170365
58.536306475062695
59.01733518805115
59.45066055706855
59.83569374782128
60.17184130864615
60.45858026753246
60.69542604756292
60.88190063918168
61.01763591547751
61.1021111761892
61.135002599832745
61.11591892802128
61.04443382209543
60.92013529606842
60.74266416858309
60.51154831782372
60.22627260205833
59.21053537126618
58.782196003644515
58.300001671628294
57.76329176905389
57.17120580904687
56.52254051725184
55.815737760519866
55.048741766440386
54.218886018406664
53.32272181590254
52.35575772656385
51.312153683421315
50.184151445307464
48.96132285069615
47.62912789002968
46.16643474468284
44.540348075600335
42.69416091866292
40.51071201153278
37.62899372250893
31.144297476329257
28.006546363110875
25.742146371366808
23.83166349782023
22.125720230969076
20.555998548045803
19.084642828026674
17.688303960780008
16.35166421895174
15.064232767702038
13.818697223664518
12.609919394602336
11.4343906453639
10.28972691334199
9.173368649359796
8.086978481999152
7.030141389197995
6.001092988971679
5.00156299932047
4.032456599561463
3.094878150152532
2.189278165183862
1.319501596838768
0.4843788542353866
0.0
0.0
0.0
0.0
0.0
0.0
0.0
0.0
0.0
0.0
0.0
0.0
0.0
0.0
0.0
0.0
0.0
0.0
0.0
0.0
0.0
0.0
0.0
0.0
0.0
0.0
0.0
0.0
0.0
0.0
