27.60314548646966
27.37584448406309
27.093682668828343
26.781500269870996
26.450779273504942
26.107623920637316
25.755706376224694
25.3973146461733
25.03394116557518
24.666514072676655
24.29559147025936
23.921467462925452
23.544220801074715
23.163785885201456
22.779987890595937
22.39262346002377
22.001433682594662
21.48830207868185
21.07974202173934
20.666342345569355
20.247917255611288
19.82431311015049
19.395439798034246
18.961266886619814
18.52182616799099
18.077218647693073
17.627611327922313
17.17320243240515
16.71425632449874
16.25109391778695
15.78406654114428
15.313573426137093
14.840062862669324
14.364001114393778
13.885901567421941
13.406302720129926
12.92575076598031
12.444862360508983
11.964240494983262
11.484547565113383
11.006447377154561
10.530624922250299
10.057809337291754
9.588709122356404
9.124074367057466
8.664645591237106
8.211173139536337
7.7644332554734845
7.325189822311176
6.894223752876196
6.472316930680238
6.0602376486601495
5.658747292854148
5.26859029662035
4.890508348195213
4.525203075427093
4.1733812588839285
3.835712199025361
3.512851392535199
3.205406353473113
2.9139568599624885
2.639046412236464
2.3811406925372287
2.1406759651720835
1.9180128453797056
1.7134518589680603
1.527232381499373
1.359525651460026
1.2104337218533738
1.080000423435506
0.9681861329812363
0.8748999820923313
0.7999789375443266
0.7432026900289657
0.7043076116294288
0.6829794565477232
0.6788566223675184
0.6915516409448083
0.7206135793440968
0.76559437108167
0.8260005060369418
0.9013204557823019
0.991031506520119
1.0945811552173268
1.2114336559611867
1.3410063893167081
1.4827260181870383
1.6360135545855723
1.8002929606406997
1.974978443391276
2.1595101235704193
2.35334739308488
2.5559517110019283
2.7668186720226844
2.985464359045793
3.211421198127423
3.4442727093684495
3.6836077982702
3.929045445563993
4.180244279194599
4.436887709749853
4.698703106266844
4.965417056436345
5.236816800778334
5.51269753067757
5.7928675680354775
6.077192187989008
6.365562012238046
6.657932937997685
6.954304656029794
7.254776223084682
7.559499430222622
7.868738242575642
8.182924226550199
8.502657272292456
8.828775025865232
9.16248020690037
9.505437854518592
9.86005126248729
10.229890087391222
10.620647879295417
11.042182732589126
11.514701184977868
12.095646238612948
13.36938975527327
14.046254393322034
14.479237707126263
14.817739948884396
15.097836030844036
15.335392387424207
15.539045278351349
15.714028001844502
15.863788894990298
15.99064950698116
16.096207900257735
16.1815793172656
16.247497716039362
16.29441066274884
16.322509467097756
16.331747827897154
16.321878453263366
16.292379949855434
16.242502500281564
16.171162279370183
16.076928895885846
15.95786779899127
15.811331774983127
15.633653278093039
15.419436047168377
15.160214112602755
14.841173401632203
14.430920314433891
13.823996308460607
12.477888546284513
11.833758499082146
11.321388214119775
10.862966712218022
10.434190593218796
10.023770386171032
9.625432139489856
9.235364208340727
8.851075094726736
8.470874903711493
8.093592756660478
7.718387182775496
7.344664582921251
6.972032352649063
6.60025947644497
6.229251029203335
5.859029039257981
5.489736507014008
5.1216072902714
4.754936082513828
4.390107280883263
4.0275547516783945
3.667765007870162
3.311297559231273
2.958743489476199
2.6107368043917223
2.267968385065337
1.9311803862114243
1.6011364813828437
1.278658310762926
0.9645924876635809
0.6598461856696918
0.3653401220393812
0.08206659444344495
0.0
0.0
0.0
0.0
0.0
0.0
0.0
0.0
0.0
0.0
0.0
0.0
0.0
0.0
0.0
0.0
0.0
0.0
0.0
0.0
0.0
0.0
0.0
0.0
0.30864056827226705
0.8235366969196594
1.4134426886842084
2.0923009793061986
2.88189346402449
3.820197550806347
4.987559410457914
6.649331721201641
10.286333515895565
11.9836602845138
13.297983349796999
14.454910033396054
15.523363230147275
16.53515705192045
17.50795509909042
18.45263523475599
19.376389700156317
20.284184983244824
21.179545012548
22.065005869855785
22.942410356243414
23.813060547126888
24.67787308419775
25.537420084516185
26.39203801187716
27.24183124444704
28.086730065613985
28.926478826858357
29.76067861291619
30.588789856240748
31.410148180109683
32.22397866198161
33.02942703102115
33.82552734591171
34.61126121713745
35.385537166282546
36.14719357364014
36.89501458493956
37.62772370373227
38.34399976529347
39.042475619364204
39.721735057097355
40.38033449443111
41.01679493675828
41.62962682958404
42.21732501311088
42.7783954770014
43.31133141511591
43.81465457333132
44.28687529471005
44.726545858776625
45.132223248576004
45.50248857185388
45.83595913899826
46.131282177266584
46.3871597411645
46.60234967711078
46.775671253471685
46.906040709026804
46.992458579747684
47.034024269686306
47.02996343069707
46.97964599620907
46.88252331152277
46.73827907424073
46.54677184382372
46.30805274914132
46.0224099165319
45.69041490155399
45.31293885714188
44.89120243106941
44.426863971945465
43.92202654137534
43.37935560427646
42.802166776910255
42.19448356351294
41.56122718596787
40.908309001797925
40.24278115612049
39.57302877309393
38.90896143087318
38.1338533606027
37.52231175283002
36.956982187744885
36.455094764021425
36.035287517710856
35.71656902748638
35.516535991286275
35.449042991591746
