0.0
0.0
0.0
0.0
0.0
0.0
0.0
0.0
0.0
0.0
0.0
0.0
0.0
0.0
0.0
0.0
0.0
0.0
0.0
0.22879065000004062
1.9196413499999982
3.6506761499999927
5.4199348500000255
7.225234500000008
9.064124850000017
10.933932899999993
12.831762900000003
14.75458545
16.699192950000008
18.662244149999985
20.640264149999997
22.62982260000003
24.627221850000023
26.62889790000001
28.63115309999999
30.63028980000002
32.62269945000001
34.604728949999995
36.5727252
38.52312420000001
40.45245105000001
42.35731995000003
44.234389650000004
46.080363449999986
47.89221195000002
49.66686120000003
51.37553190000001
53.00557185
54.589101600000035
56.12393820000001
57.607943250000005
59.039290200000025
60.41619704999998
61.73723820000001
63.001032600000016
64.20642195
65.35251525000002
66.43851060000003
67.46387340000001
68.4282918
69.33167669999997
70.1742063
70.95632610000001
71.67892710000001
72.34312305
72.95074050000001
73.50422970000001
74.00693190000003
74.46370305
74.88140384999998
75.27032535000002
75.64655010000004
76.03662990000002
76.48774320000001
76.78181774999999
76.94242050000001
77.02501620000001
77.03428260000003
76.97449650000003
76.84935555
76.66233465000002
76.41673050000003
76.11552795000003
75.7615782
75.35773245
74.9065746
74.41077765000001
73.87283640000001
73.29529020000001
72.68058930000001
72.03113940000003
71.34934620000001
70.63761540000002
69.89821905000002
69.13347375000004
68.34569610000003
67.5371136
66.70999830000004
65.86644405000001
65.00863379999998
64.13870595000002
63.25870980000002
62.370694650000004
61.47653160000002
60.578180850000024
59.67742440000002
58.77608880000001
57.87577784999999
56.978184450000015
56.08477875000003
55.19698635000002
54.31623285000002
53.44372109999999
52.5806985
51.72814515
50.887130250000034
50.27911185000001
49.38044925
48.49947300000004
47.63680680000002
46.79285159999999
45.967963799999985
45.16227705000003
44.37579135000001
43.608373050000004
42.8597994
42.129669450000016
41.41740405000001
40.72233494999999
40.043704799999986
39.38053349999999
38.73175185000004
38.09620155000001
37.472590650000036
36.85949355000001
36.25544010000001
35.65873740000003
35.067781650000036
34.48070175000001
33.895671150000005
33.31081875000001
32.724095250000005
32.13362955000001
31.537327799999993
30.93318525
30.31919715000001
29.69331420000001
29.053576200000016
28.398022950000033
27.724694250000006
27.031808100000013
26.31749339999999
25.580101800000016
24.817984950000017
24.029628150000015
23.213605800000025
22.368625949999995
21.493530299999996
20.587205100000027
19.648759350000024
18.677480250000013
17.672744100000017
16.634060850000004
15.561074099999999
14.453694750000023
13.31187825000001
12.135713700000016
10.925557500000027
9.68181060000001
8.405052150000023
7.095994950000012
5.755485450000014
4.384592850000002
2.9844309000000036
1.5562915500000205
0.10155585000001309
0.0
0.0
0.0
0.0
0.0
0.0
0.0
0.0
0.0
0.0
0.0
0.0
0.0
0.0
0.0
0.0
0.0
0.0
0.0
0.0
0.0
0.0
0.0
0.0
0.0
0.0
0.0
0.0
0.0
0.0
0.0
0.0
0.0
0.0
0.0
0.0
0.0
0.0
0.0
0.0
0.0
0.0
0.0
0.0
0.0
0.0
0.0
0.0
0.0
0.0
0.0
0.0
0.0
0.0
0.0
0.0
0.0
0.0
0.0
0.0
0.0
0.0
0.0
0.0
0.0
0.0
0.0
0.0
0.0
0.0
0.0
0.0
0.0
0.0
0.0
0.0
0.0
0.0
0.0
0.0
0.0
0.0
0.0
0.0
0.0
0.0
0.0
0.0
0.0
0.0
0.0
0.0
0.0
0.0
0.0
0.0
0.0
0.0
0.0
0.0
0.0
0.0
0.0
0.0
0.0
0.0
0.0
1.1748099000000085
3.3850244999999997
5.5648114500000165
7.711185900000002
9.821875799999992
11.89541100000003
13.930900500000018
15.928388850000037
17.88858884999999
19.813015200000024
21.70398450000001
23.56434794999999
25.397669550000003
27.20818155
29.000383500000005
30.779354100000013
32.55030570000002
