38.91509971244149
39.406841683732694
39.87910819718559
40.33055554935908
40.76030408469123
41.16633129707131
41.5487787575065
41.90674236075056
42.239847137528
42.54805183803143
42.83153033280796
43.09079969657827
43.326595987600804
43.539951198839894
43.73212147658092
43.904553255963904
44.05889799930782
44.19695670461032
44.320629428163954
44.43194367716653
44.532968991423076
44.62602833511062
44.71264226325773
44.79550783784855
44.87650746198893
44.9576124263189
45.040746081464995
45.12768161770012
45.22006583541535
45.3193966453267
45.42699775501778
45.543988585689114
45.67132172898932
45.8097062003719
45.959663292594826
46.12147161090637
46.29520875467361
46.48073049915036
46.67767628643765
46.88547776895966
47.10337465852977
47.33040058065627
47.56545953425072
47.807323383585214
48.054588640662125
48.305850358048104
48.5595746989382
48.814157147548066
49.06792800763148
49.31914556551092
49.56599859128898
49.80663770673095
50.039162093127985
50.261613744711205
50.47203456052909
50.66836711198076
50.84857608897557
51.01059320125006
50.66843480454237
50.76694616423728
50.841287302317625
50.88954222203857
50.90982785741277
50.90031485088306
50.85918189641323
50.78464816845148
50.67492692676615
50.52824524933796
50.342792691901224
50.11671499906117
49.848085099984296
49.534859802361
49.174822977046624
48.76557086513181
48.30439054849497
47.788136771702
47.21314793731916
46.5749518354293
45.86798276185183
45.08510165980442
44.21669267947816
43.24931478121528
42.162838335953204
40.9243647099404
39.4719704707049
37.654246981495426
34.56532970364758
30.219529988430583
28.245555807578555
26.64549357099079
25.236531124832503
23.947636346635335
22.742343071571696
21.599071514776895
20.503871889148737
19.44722079996453
18.422341243498376
17.424282320292775
16.4493422319821
15.494739558867643
14.55834755127578
13.638542316680635
12.734110195566249
11.844122474631824
10.967083155770021
10.105093602222135
9.255339081360392
8.41854473639999
7.594738160401146
6.784030541678067
5.9866357725116455
5.202818111780146
4.432100596257515
3.6772462968787103
2.936251447343234
2.210304584106577
0.4135750086606936
0.0
0.0
0.0
0.0
0.0
0.0
0.0
0.0
0.0
0.0
0.0
0.0
0.0
0.0
0.0
0.0
0.0
0.0
0.0
0.0
0.0
0.0
0.0
0.0
0.0
0.0
0.0
0.0
0.0
0.0
0.0
0.0
0.0
0.0
0.0
0.0
0.0
0.0
0.0
0.0
0.0
0.0
0.0
0.0
0.0
0.0
0.0
0.0
0.0
0.0
0.0
0.0
0.0
0.0
0.0
0.0
0.0
0.0
0.0
0.0
0.0
0.0
0.0
0.0
0.0
0.0
0.0
0.0
0.0
0.0
0.0
0.0
0.0
0.0
0.0
0.0
0.0
0.0
0.0
0.0
0.0
0.0
0.0
0.0
0.0
0.0
0.0
0.0
0.0
0.0
0.0
0.0
0.0
0.0
0.0
0.0
0.0
0.0
0.0
0.0
0.0
0.0
0.0
0.0
0.0
0.0
0.0
0.0
0.0
0.0
0.0
0.0
0.0
0.0
0.0
0.0
0.005233793288111883
0.9589831729390267
2.2458644873718674
5.138154020277019
6.547376830082728
7.587402644037511
8.480253808971307
9.290129317769008
10.046676402406327
10.766564807506644
11.460255177649849
12.134820151476866
12.795210242293267
13.445024188471995
14.086805274515504
14.722454867973536
15.3532983715648
15.980152375767
16.603491763089217
17.223438537361936
17.8398206927693
18.452216739679994
19.059960617022575
19.662202496892615
20.25788285756849
20.845808405451887
21.42461142761462
21.992847074805557
22.54885468976908
23.091015388392428
23.617618498183262
24.126895914536902
24.61706422946915
25.086336790599724
25.532947058189556
25.955158375029146
26.35134359716273
26.719948306923335
27.059695302893136
27.369069514744172
27.647358850483798
27.893711704207504
28.107621569084746
28.288903809286566
28.437725783399337
28.55459403803917
28.64045797107776
28.69667929107611
28.725084711413487
28.72800086107579
28.708223720507835
28.66909031880126
28.614407528953173
28.54847770232074
28.47605339285088
28.402278281363856
28.33262459018
28.272782610407912
28.22855267275571
28.205725766373575
28.209861469871317
28.246178757161353
28.319326901950618
28.433265090394656
28.59104249361532
28.794699198170818
29.045218376525177
