0.0
0.0
0.0
0.0
0.0
0.0
0.0
0.0
0.0
0.0
0.0
0.0
0.0
0.0
0.0
0.0
0.0
0.0
0.0
0.0
0.0
0.0
0.0
0.0
0.0
0.0
0.0
0.0
0.0
0.0
0.0
0.0
0.0
0.0
0.0
0.0
0.0
0.0
0.0
0.0
0.0
0.0
0.0
0.0
0.0
0.0
0.0
0.3169631150249802
4.829826883000426
7.180605178406236
8.824755062775584
10.220790014123573
11.489212258244201
12.685297231394735
13.840430123359036
14.97456716666089
16.101261600258965
17.230033557971502
18.367626470318843
19.518636610068484
20.68617992909178
21.87199682217113
23.076773423842525
24.300255532677788
25.54140000951254
26.798518182831522
28.069158966326082
29.350566621568234
30.639472547729454
31.932269834324146
33.225086343891135
34.513846683672966
35.7944073454828
37.06232537987326
38.31354233636745
39.54379302983936
40.74897625309214
41.92515192120437
43.068554213819695
44.17559596092176
45.24288266930331
46.26730995357282
47.246051988620714
48.17650503696963
49.05629173547246
49.88328467810632
50.65556730564707
51.37146127371972
52.02947745277183
52.62835689706523
53.167027215020184
53.64459166521836
54.06033884128464
54.414017473153436
54.704299292514975
54.93183620236128
55.096158011254424
55.197220439513345
55.23504059637406
55.20972844799138
55.1214558524393
54.97051233998663
54.75714323080062
54.48163689774293
54.14423010284628
53.745185356540915
53.28468250848384
52.7628731258185
52.17968862607569
51.53500633087422
50.828454475253864
50.059417720067785
49.22687142196857
48.32942626411577
47.36497409255282
46.33062051551974
45.222325671181565
44.03439396761527
42.75870807718992
41.38323614883095
39.88953203987766
38.247126366090455
36.399620021693636
34.21858632891098
31.20977118102845
25.161860038868316
22.54678527888401
20.5836769782161
18.929789940417756
17.470602107613143
16.151006647493496
14.939670643660108
13.81700399711597
12.76991670242587
11.78934369599096
10.868794959662887
10.003563709883672
9.190132279969735
8.42593275163283
7.709064145834002
7.038122112655476
6.412136144108034
5.83041520202814
5.292484087115572
4.798066564268708
4.346973207169701
3.9391156349733683
3.574439277134528
3.252909067441449
2.9744901013246796
2.7391372388732655
2.54676258147177
2.397249240338425
2.290424196665425
2.2260560429693648
2.203848369668716
2.223430831787861
2.2843914291691876
2.3862621632868874
2.5285171220542795
2.7106004499809377
2.931946100489603
3.1919192818418205
3.48991086447991
3.825316338968353
4.197486826790373
4.605821800798486
5.04976584494627
5.528830166926941
6.042615089893966
6.590865388810432
7.17351045450129
7.790764709207149
8.443191692323502
9.131870388876926
9.858626780084615
10.626370148029523
11.439693020880911
12.305887678845826
13.236969119886417
14.25407186767685
15.399204022868608
16.779039526980917
19.075532582779793
21.98372173938246
23.242079235055353
24.21242153177899
25.020929580174815
25.716721845422292
26.325014262782982
26.860724284954607
27.333415864293443
27.749673441894103
28.113823017531008
28.42938579528076
28.69866272843524
28.92333846936816
29.10462807932044
29.24329748967051
29.33982916595081
29.394414624409947
29.406947436037793
29.377113101704712
29.304288161335233
29.187604722278728
29.025833720499172
28.817390797431155
28.560212892526955
28.251596982952684
27.887998843632303
27.464623521609298
26.974705674804202
26.408267298929562
25.749521958776768
24.970841419974786
24.014930139260958
22.711210139785297
19.58198510981964
17.945945000882976
16.758432174987327
15.740484677836541
14.818897284430907
13.961423333546282
13.150758656672942
12.376481823152371
11.63194651161269
10.91270275466407
10.21567830525039
9.5387911658147
8.88054384942282
8.23995257408245
7.616372631246809
7.009442557555099
6.418983488679671
5.84502272943935
5.287717415628539
4.747342368386677
4.224279222342155
3.7190032500874546
3.2320345682614082
2.7639723630858897
2.3154695356396644
1.8872152548435213
1.4799417073957488
1.0944268339615655
0.7314804208646751
0.3919400494138938
0.07664553384092415
0.0
0.0
0.0
0.0
0.0
0.0
0.0
0.0
0.0
0.0
0.0
0.0
0.0
0.0
0.0
0.0
0.0
0.0
0.0016717058618087321
0.39181290312024997
0.8324982809104585
1.326417488025196
1.876851558017679
2.4879216358277745
3.164963410254786
3.9150979045378427
4.748345353936672
5.6794625322778485
6.732082330365063
7.948267989005792
9.41865704199154
11.443578350063111
15.821853501385057
17.82079355533131
19.315021329863708
20.588668376406847
21.725945236044726
22.764598193841167
23.724727109952163
24.617928194285557
25.45116259206177
26.22854409772571
26.952403642488687
27.623814596367993
28.243006857927277
28.809621217866614
29.322891141990997
29.781784564214362
30.185133834797583
30.531728771989687
30.82065727435959
31.049939673073226
