56.18448769999996
56.9759036
57.75897380000001
58.52876810000002
59.28047509999999
60.009639800000016
60.7120745
61.38418549999999
62.02279490000002
62.62525939999997
63.1896782
63.7147742
64.20001279999997
64.64566130000003
65.05287800000002
65.4238013
65.76163879999997
66.070994
66.3579554
66.63072019999998
66.9000398
67.09718839999998
67.18293229999998
67.21895839999996
67.2085634
67.1552222
67.0625582
66.9342245
66.773993
66.58554650000004
66.37262719999997
66.13885849999997
65.88780439999996
65.62285070000004
65.34732379999998
65.06434219999997
64.77684620000002
64.48762759999997
64.19924060000001
63.91406119999999
63.634257500000025
63.361849099999986
63.098499200000006
62.8458413
62.60518220000001
62.37768020000002
62.16428570000002
61.965770899999974
61.782759499999955
61.615667299999984
61.464761599999996
61.3301315
61.21177700000001
61.109519899999995
61.02306319999999
60.95193169999999
60.89562049999997
60.853416800000005
60.805213700000024
60.766098799999966
60.744209899999994
60.737438299999994
60.74382379999999
60.76152499999999
60.788908400000004
60.82445929999997
60.86681149999999
60.91480669999998
60.967435099999975
61.0240136
61.0840076
61.13452730000001
61.16107909999999
61.18020589999998
61.1903633
61.1900663
61.17794870000003
61.152614600000014
61.112876000000014
61.057574599999974
60.98578970000002
60.896600599999985
60.78926479999998
60.663217999999986
60.51798500000001
60.353239100000025
60.16880209999997
59.96467400000001
59.740914199999985
59.49773060000001
59.23553899999999
58.954784900000014
58.65603259999998
58.33993549999997
58.00732519999999
57.65897390000001
57.2958617
56.91893900000002
56.52924529999999
56.12784980000001
55.715881100000004
55.29443809999998
54.86464940000001
54.42761390000002
53.98451960000001
53.536405999999964
53.08437199999999
52.629457099999975
52.172641399999996
51.71487530000001
51.25707950000002
50.80011529999999
50.344784599999976
49.891800200000034
49.4418749
48.995572999999986
48.553518199999964
48.116156
47.683902200000006
47.257172599999954
46.836264199999974
46.42138489999997
46.01280199999998
45.610604599999995
45.21494119999997
44.82590089999998
44.4435431
44.06786779999998
43.69896410000001
43.336831999999994
42.98150120000002
42.63306080000001
42.291570199999995
41.957088800000015
41.6297948
41.30983669999999
40.9973927
40.6927598
40.39617559999998
40.10799650000001
39.8285789
39.558397999999954
39.29789929999999
39.04761740000003
38.80811659999998
38.58005030000001
38.36401250000002
38.16077539999996
37.97099239999999
37.79546539999999
37.63493689999998
37.4901791
37.36196419999998
37.25106439999998
37.15822219999997
37.0463423
36.93805609999998
36.86787500000003
36.83422489999999
36.83576930000002
36.871320200000035
36.9398084
37.04019439999999
37.17137929999997
37.33232359999999
37.52186899999997
37.73879780000002
37.98186260000003
38.24966749999999
38.54069779999997
38.853409099999965
39.186049099999984
39.53689520000001
39.903987199999996
40.285364900000005
40.67900869999998
41.082720800000025
41.49436279999998
41.91173689999997
42.332556199999964
42.75465260000002
43.175739199999974
43.59364790000001
44.00626999999998
44.41152650000001
44.80745719999999
45.19222069999997
45.564153799999985
45.92171209999998
46.2636482
46.58886319999999
46.89664429999998
47.18654600000003
47.45865740000001
47.71351309999999
47.95239020000002
48.17742709999999
48.39209870000001
48.6016322
48.813957499999994
48.9363215
49.00130509999999
49.03061900000001
49.02402559999999
48.98140610000001
48.90287930000002
48.78862340000001
48.63905420000001
48.45461719999997
48.235995499999966
47.98387220000001
47.69916799999999
47.382773899999975
47.03575909999999
46.65925220000001
46.25450060000001
45.822781400000025
45.36549049999997
44.884053499999986
44.380014800000005
43.85491880000001
43.310399000000004
42.748148300000025
42.16991899999996
41.57749309999999
40.972712000000016
40.35744680000001
39.73356859999997
39.10303759999998
38.46781399999996
37.82988769999998
37.19118919999997
36.553708400000005
35.9194352
35.29032979999999
34.66829299999999
34.05522560000001
33.452939300000025
32.863245799999994
32.28783800000002
31.72837909999996
31.186443200000014
30.663455900000013
30.160813100000002
29.67973249999996
29.22143180000002
28.786920799999987
28.377120199999993
27.992831899999988
27.63470930000002
27.303346399999977
26.99909960000001
26.72229559999998
26.473112599999983
26.251580300000022
26.0576393
25.891111399999986
25.7516699
25.63889899999999
25.535127199999973
25.414218499999965
25.339522999999975
25.30483339999998
25.305308600000004
25.337028200000027
25.396665800000008
25.481281100000018
25.588409000000006
25.71570319999998
25.861203499999988
26.022949700000005
26.199308299999977
26.388705199999993
26.58968509999997
26.80097090000001
27.02137459999999
27.249826999999996
27.485407399999982
27.727224799999966
27.974536699999963
28.226749099999992
28.483268000000002
28.743647899999967
29.00750269999998
29.274535399999994
29.544508400000005
29.8172138
30.092503100000016
30.370227800000002
30.65032849999998
30.932686399999998
31.21721239999999
31.503787699999997
31.792263799999976
32.082492200000004
32.374265000000015
32.667344599999986
32.96143400000001
33.25620649999997
33.551305700000015
