20.681436424424934
20.457001876206746
20.143752868901185
19.767140333787122
19.346663526513147
18.896503347086405
18.427050591890108
17.94622634999584
17.46029677735755
16.974366570083365
16.492726564477348
16.01902928371479
15.556445047806827
15.107712929009683
14.675237939719711
14.261107012950974
13.867125839901194
13.494853589829276
13.14560366522598
12.820503031676644
12.520473945053862
12.246273559068555
11.99849918713956
11.777616075205245
11.583943878909695
11.417705040709253
11.279018343359692
11.167909235421044
11.084332614167307
11.028179121515011
10.999289672956689
10.99746883799238
11.022497268399906
11.074120819747005
11.152111646437834
11.256226593476624
11.386271344988726
11.542094484245945
11.723632368895645
11.930910426194123
12.164106696014715
12.423599471408277
12.710001278623404
13.024263257239754
13.367796564222894
13.742620084518919
14.151677871278018
14.59924754674138
15.091763758165357
15.639460183895977
16.260023189239508
16.988831108342893
17.92154584847257
20.077639102508016
21.37086024257109
22.21200104610153
22.905435023352148
23.51598407165959
24.07113934839872
24.585625137870753
25.068344000496335
25.525207057559683
25.96030101325474
26.376585937579726
26.776266171567606
27.161025904067348
27.532148280650016
27.8906320049217
28.237249903353973
28.572630165101355
28.897245723026344
29.211473681200378
29.51560789210821
29.809850876007147
30.094330208455855
30.369139177584486
30.634316143261575
30.889848223286744
31.135723009080973
31.37187244372199
31.598239308361382
31.814766192785864
32.02137983153468
32.2180202831979
32.40464598259987
32.581186485947725
32.74761581547169
32.903866621111796
33.04990133057805
33.18568313457221
33.31118534202217
33.426413157996706
33.531385505716244
33.6261405728345
33.7107522712369
33.78529759495568
33.84988569641589
33.904649361463974
33.949725028202614
33.98529113654732
34.01151241856162
34.02857779064849
34.03669981474387
34.036063061422254
34.02688947296998
34.009379619618564
33.983747971024094
33.95022621900086
33.90902593958543
33.86038631047006
33.80452345676191
33.74165875981644
33.67199981377844
33.59574236722031
33.51308286197972
33.42418307183856
33.32917463582465
33.22816675296728
33.12123330180479
33.00842975767563
32.889754590483065
32.76518596619927
32.63466128158954
32.49805007820788
32.355180430981875
32.205811755771386
32.0496281205803
31.886214713697647
31.71506972036336
31.535603960818467
31.347080497676757
31.148654625009883
30.939305138500085
30.717777054274233
30.483799231151515
30.231650863926358
29.962717653532206
29.672588321472332
29.3570498715945
29.010243719289985
28.623445315507325
28.182536085880592
27.66109901325795
26.994376245425244
25.550471848950135
24.271680737712295
23.544379641178594
22.936497121070133
22.388004372754896
21.874494751910262
21.382994530324037
20.905557255462508
20.436849424673387
19.973081485328752
19.51144739439332
19.04978370997107
18.586422142472394
18.12002885446682
17.649545946917755
17.17410441756565
16.69303320435463
16.205794328583075
15.711971419998964
15.211259013230142
14.703411991094468
14.188288793680577
13.665791787085514
13.135880815943858
12.598582719384842
12.053951848631684
11.50211883684101
10.943247946895529
10.377563087270087
9.805348267367012
9.226927157364845
8.642676820642968
8.053030469047401
7.458476920146918
6.859553854211449
6.256835270741687
5.650965947256095
5.042621472178403
4.432507392765524
3.82139849855238
3.2100727757254846
2.5993655031615415
1.9901459978201161
1.3832914945197081
0.7797660074306282
0.18053024779053886
0.0
0.0
0.0
0.0
0.0
0.0
0.0
0.0
0.0
0.0
0.0
0.0
0.0
0.0
0.0
0.0
0.0
0.0
0.0
0.0
0.0
0.0
0.0
0.0
0.0
0.0
0.0
0.0
0.0
0.0
0.0
0.0
0.0
0.0
0.0
0.0
0.0
0.0
0.0
0.0
0.0
0.0
0.0
0.0
0.0
0.0
0.0
0.0
0.0
0.0
0.051168775806204395
1.5726912492081897
3.641866043147038
8.235781398598542
10.408958792696263
12.024560436847837
13.411089839688243
14.663777441825033
15.826179029400212
16.922457215397127
17.967623521035005
18.971417534423015
19.940840355710037
20.88070452242948
21.794498629716237
22.684747320027647
23.55331208457067
24.401243768066927
25.229542938678524
26.03859759936252
26.82859913883697
27.599503665300794
28.351082422951414
29.082968617563683
29.79467482272339
30.48560640887979
31.15513703892437
31.802562070026507
32.42718707837334
33.028295455694895
33.60520454165879
34.15726868071271
34.68393165051986
35.18470882728672
35.659244118543484
36.10731644773808
36.52886160994914
36.92399263322283
37.29301031350558
37.636433444875635
37.95500609243605
38.24968889984456
38.52169647366434
38.77248069454675
39.0037239120152
39.217355450392226
39.41553077073036
39.60061231904914
39.77514625666336
39.941829152600825
40.10347815305481
40.26296555019325
40.42316472897578
40.586907329346566
40.756864537793014
40.93550954760468
41.12502258192648
41.32720369571722
41.543428384702786
41.774580540568074
