30.180691199999984
30.893491199999996
31.60624665000003
32.31245325000001
33.00596310000002
33.681029249999995
34.332528449999984
34.95605024999999
35.54794155
36.1059303
36.629259150000024
37.11926460000001
37.580802600000005
38.02389690000001
38.4681495
38.951784300000014
39.55601595000001
40.145813400000016
40.485640800000006
40.72741365000002
40.87291395000001
40.92445830000001
40.88494245
40.75752945000002
40.54582785000002
40.253802600000014
39.88559685000001
39.44571015000001
38.938775700000036
38.3696049
37.7431428
37.064512650000005
36.338748600000024
35.57115210000002
34.76680185000001
33.930910200000014
33.06855585000004
32.18477295
31.28446200000001
30.372389850000022
29.453189700000017
28.531316549999985
27.611047200000023
26.696302050000007
25.79100150000001
24.898665000000015
24.02254470000001
23.16571455000002
22.330981200000014
21.520750350000025
20.737338600000008
19.982617050000012
19.258323150000024
18.565837950000027
17.90631975000002
17.280748649999992
16.6897929
16.133898000000027
15.613286700000014
15.128048099999994
14.678004000000001
14.262797999999988
13.881850950000024
13.534450050000004
13.21952610000001
12.935965349999998
12.682297650000013
12.456919200000012
12.25782525
12.082877400000022
11.929669950000013
11.795396250000032
11.67716054999998
11.571710700000002
11.475616350000015
11.38517985000002
11.296569900000001
11.205910650000002
11.10910350000001
11.002138950000024
10.880918400000006
10.741521450000013
10.580027700000002
10.392694950000019
10.17595920000001
9.92643465000004
9.641047350000019
9.31685699999999
8.951190600000002
8.541731550000009
8.08625235000003
7.58306010000001
7.030506449999989
6.42738855000003
5.772726300000012
5.06589600000002
4.306452149999984
3.4944393000000034
2.6299465499999837
1.7135085000000028
0.7459270500000232
0.0
0.0
0.0
0.0
0.0
0.0
0.0
0.0
0.0
0.0
0.0
0.0
0.0
0.0
0.0
0.0
0.0
0.0
0.0
0.0
0.0
0.0
0.0
0.0
0.0
0.0
0.0
0.0
0.0
0.0
0.0
0.0
0.0
0.0
0.0
0.0
0.0
0.0
0.0
0.0
0.0
0.0
0.0
0.0
0.0
0.0
0.0
0.0
0.0
0.0
0.0
0.0
0.0
0.0
0.0
0.0
0.0
0.0
0.0
0.0
0.0
0.0
0.0
0.0
0.0
0.0
0.0
0.0
0.0
0.0
0.0
0.0
0.0
0.0
0.0
0.0
0.0
0.0
0.0
0.0
0.0
0.0
0.0
0.0
0.0
0.0
0.0
0.0
0.0
0.0
0.0
0.0
0.0
0.0
0.0
0.0
0.0
0.0
0.0
0.0
0.0
0.0
0.0
0.0
0.0
0.0
0.0
0.0
0.0
0.0
0.0
0.0
0.0
0.0
0.0
0.0
0.0
0.0
0.0
0.0
0.0
0.0
0.0
0.0
0.0
0.0
0.0
0.0
0.0
0.0
0.0
0.0
0.0
0.0
0.0
0.0
0.0
0.0
0.0
0.0
0.0
0.0
0.0
0.0
0.0
0.0
0.0
0.0
0.0
0.0
0.0
0.0
0.0
0.0
0.0
0.0
0.0
0.0
0.0
0.0
0.0
0.0
0.0
0.0
0.0
0.0
0.0
0.0
0.0
0.0
0.0
0.0
0.0
0.0
0.0
0.0
0.0
0.0
0.0
0.0
0.0
0.0
0.0
0.0
0.0
0.0
0.0
0.0
0.0
0.0
0.0
0.0
0.0
0.0
0.0
0.0
0.0
0.0
0.0
