26.359183399999992
27.089239100000007
27.815611999999998
28.541747299999997
29.27114960000001
30.007085900000003
30.75270440000002
31.510856300000007
32.28415519999999
33.074709799999965
33.884361500000004
34.7144468
35.56594579999999
36.43936339999997
37.33481840000002
38.25204350000002
39.1904744
40.14910130000002
41.126706499999976
42.12180500000001
43.13264450000001
44.15732419999997
45.19373539999999
46.23971
47.29293139999999
48.35102359999997
49.4115512
50.472108500000004
51.530230399999986
52.583481499999984
53.62951550000002
54.665986100000005
55.69057669999999
56.701089500000016
57.6953861
58.671446900000014
59.62731169999996
60.56107969999998
61.47099859999998
62.355405199999986
63.21272539999997
64.04150389999995
64.84040419999998
65.60817889999997
66.34366969999998
67.0459262
67.71408709999999
68.34738019999999
68.9452412
69.5073137
70.03341949999998
70.52355859999999
70.97814680000002
71.3978969
71.78399689999999
72.13834759999999
72.4636517
72.7640078
73.0454747
73.32016999999999
73.58521280000001
73.80056749999999
73.89839929999997
73.94704789999997
73.94695879999998
73.89872599999998
73.80282470000002
73.659938
73.47063019999997
73.23561409999999
72.98640140000002
72.65325649999997
72.27431419999996
71.85034669999999
71.3821559
70.87060309999998
70.3165793
69.72106459999999
69.0850094
68.40945319999997
67.69552459999997
66.9443522
66.15709429999998
65.33496859999998
64.4792225
63.59119250000003
62.6721557
61.72353769999999
60.74673439999998
59.743230799999985
58.7144525
57.662032999999994
56.58754640000001
55.49259649999999
54.378905899999964
53.24822689999999
52.10228209999999
50.942972299999965
49.77210919999998
48.591653
47.403563899999995
46.20983180000001
45.01247629999998
43.81360609999998
42.615270500000015
41.41960790000001
40.22875669999998
39.04482559999998
37.86995299999996
36.70627729999998
35.555877499999994
34.420862299999996
33.30328099999997
32.20512350000002
31.12843910000001
30.075069200000012
29.04697400000002
28.045935500000002
27.07370600000002
26.131978399999962
25.222356499999968
24.34638470000002
23.505488599999975
22.701004700000013
21.934210099999984
21.20629280000001
20.518262599999996
19.871099599999997
19.265665099999985
18.702701599999994
18.182862499999978
17.706712100000022
17.274636500000007
16.88699209999999
16.54401650000002
16.245828499999995
15.992398399999958
15.78363709999996
15.533860100000023
15.353699899999983
15.282033799999985
15.300744800000015
15.398428099999999
15.567569600000002
15.802763899999992
16.100090599999994
16.4563421
16.86896419999997
17.335699700000013
17.854558700000016
18.42367010000002
19.041222199999993
19.705433
20.414609600000016
21.166940299999972
21.960672799999987
22.793935999999967
23.664918199999978
24.571629499999975
25.51213939999998
26.484428299999987
27.48641720000001
28.516056799999987
29.571208699999996
30.64970479999999
31.749377
32.868086900000016
34.003606999999995
35.15376919999999
36.31640539999997
37.489317800000016
38.67033830000002
39.85738790000002
41.048298499999994
42.24108019999997
43.433654000000004
44.62402999999997
45.8103371
46.99067449999999
48.1632305
49.32628249999999
50.478167300000024
51.61722169999999
52.74196069999998
53.85092899999998
54.942700999999964
56.0159996
57.06957739999998
58.1022761
59.11302650000002
60.10081879999996
61.06473230000001
62.00396509999999
62.91768560000001
63.805240399999974
64.66603549999999
65.49947689999999
66.3051488
67.0826354
67.83158029999998
68.55174590000003
69.24292429999998
69.90502639999995
70.53802249999998
71.1418829
71.71675610000001
72.26279059999999
72.780224
73.2767486
73.72857470000001
74.1533738
74.55165079999996
74.92408879999999
75.27137090000004
75.59423960000001
75.89358589999996
76.17030079999998
76.42533470000001
76.65975680000001
76.87466599999998
77.0711315
77.25031159999997
77.41333489999998
77.56132999999998
77.69533639999997
77.81627479999999
77.888624
77.92016540000002
77.93207509999998
77.92563019999997
77.90207810000001
77.8627256
77.80890920000002
77.74184659999996
77.66290399999997
77.57329909999997
77.47436840000002
77.36732960000002
77.2534301
77.1338876
77.00991979999998
76.88265529999998
76.75322269999997
76.62272089999999
76.4921894
76.36260829999998
76.23492800000001
76.11006920000001
75.98889319999999
75.87214250000001
75.76061899999998
75.65494639999997
75.55577810000003
75.46370810000002
75.37921159999999
75.3027638
75.23478049999999
75.17555870000001
75.1253954
75.08449849999998
75.04181959999997
74.9932601
74.95818439999998
74.93620639999996
74.92691030000002
74.92970209999997
74.94407690000001
74.96935160000002
75.00487279999997
75.0499871
75.10392229999998
75.16596559999996
75.23537449999999
75.31137679999999
75.39323
75.4801619
75.57142999999998
75.66635120000001
75.76415330000003
75.86424230000002
75.96596480000002
76.06869710000001
76.17184519999999
76.27493389999997
76.3774583
76.47891349999996
76.57894310000002
76.67713129999999
76.77318109999997
76.8667658
76.9577072
77.045738
77.1307988
77.2127708
77.29165399999997
77.36747810000003
77.44036189999998
77.5104836
77.57808079999998
77.64348019999997
