0.0
0.0
0.0
0.0
0.0
0.0
0.0
0.0
0.0
0.0
0.0
0.0
0.0
0.0
0.0
0.0
0.925589767922545
2.028889834228596
3.3485348500456285
5.354137553627931
8.442176921334617
9.72968801088015
10.71121734360027
11.525896141756025
12.226131335938492
12.838562403078013
13.378833472941768
13.857069897884688
14.280249149387956
14.653449316290637
14.980472038478613
15.26433376992092
15.50742466883311
15.7118146042235
15.87925313652844
16.011300442489183
16.109386905020543
16.17483783494173
16.208902603257865
16.212767181008022
16.187622675629004
16.1346222342427
16.054899241240495
15.949584045497964
15.819833521196708
15.666775516429677
15.491589368864293
15.29544798002993
15.07961336834149
14.845371061419412
14.594056084165508
14.327073338938627
14.045890124905913
13.752071483463556
13.447278122505448
13.133293670699533
12.812079607158035
12.48575770030806
12.156702997722096
11.82760024891558
11.501527584894335
11.182153365055647
10.873927900324647
10.58235109864472
10.314314176823245
10.078433087407252
9.885221226896917
9.74639277768518
9.67339065797908
9.674386457427355
9.751501673007617
9.900434596871538
10.112493984038895
10.377682378743268
10.686628237521719
11.031572111504708
11.40642407567544
11.806474854578463
12.228140377277306
12.668633914450648
13.125762891063925
13.597793905131219
14.083268324808447
14.580967304398573
15.089850738530894
15.608981097509357
16.137525189211505
16.67472688673475
17.219872198573714
17.77228373042948
18.331301257100566
18.896304228690145
19.466644869023703
20.041667049588323
20.62072605321299
21.203113764937083
21.788118264903552
22.37498794514016
22.962919624618777
23.551090282862305
24.138620259980186
24.724570616681653
25.307944818990215
25.887685552979157
26.46269541363491
27.03178069175319
27.593770739970022
28.147401659730185
28.69142139697165
29.22454043776138
29.74545001382378
30.252844569820734
30.745406202427034
31.221836877058173
31.680812245226214
32.12107245647818
32.541321393662166
32.94029419595796
33.316768045627505
33.669497177564416
33.997292609030104
34.298963516959695
34.57334698984275
34.819263838424924
35.035573107315784
35.221444745589565
35.37478829773811
35.49544727329141
35.582017633925894
35.633420478344426
35.64855953484273
35.62637971556254
35.56580867369923
35.46575603882604
35.32510633820681
35.142691077715156
34.917258235641576
34.64747516477195
34.33184266374123
33.96871264975363
33.55617908676612
33.09202725956477
32.57365211753553
31.997870900013254
31.360810159230017
30.657527087580966
29.881621433460346
29.02443781915232
28.073787595050746
27.011413508203745
25.80749160789128
24.406563167369306
22.677581631302946
20.012394041472447
15.343149057518218
13.30106876814412
11.674256656221305
10.251336105334222
8.95523217312271
7.747667171755866
6.6065289096561015
5.517894676088038
4.472467365467874
3.4638000725251175
2.4873466012136376
1.5398224141296075
0.6188913678254608
0.0
0.0
0.0
0.0
0.0
0.0
0.0
0.0
0.0
0.0
0.0
0.0
0.0
0.0
0.0
0.0
0.0
0.0
0.0
0.0
0.0
0.0
0.0
0.0
0.0
0.0
0.0
0.0
0.0
0.0
0.0
0.0
0.0
0.0
0.0
0.0
0.0
0.0
0.0
0.0
0.0
0.0
0.0
0.0
0.0
0.0
0.0
0.0
0.0
0.0
0.0
0.0
0.0
0.0
0.0
0.0
0.0
0.0
0.0
0.0
0.0
0.4261393757243946
1.7411101413511085
3.8299148472765867
6.9023509764627065
8.241501138425757
9.304659016445008
10.226714185643575
11.060018397609998
11.83177024363624
12.558347405874002
13.250533174872997
13.91587065045265
14.559925796716715
15.186866126702188
15.799940492604645
16.401658118162818
16.99405087083244
17.57869470117928
18.156823553067845
18.72937483219048
19.297006687957534
19.86018820265283
20.419179784466873
20.97400545402964
21.52457590509786
22.07062859982205
22.611730371523524
23.147273249626217
23.67651999979411
24.198531962577377
24.71225838006734
25.216448258943124
25.70979441543914
26.190727459609484
26.657597767962756
27.108663023127612
27.542026582382633
27.95570554542134
28.34766080734908
28.71578785572586
29.057951114563814
29.37203572119233
29.6559025980743
29.907514765257634
30.124910630511017
30.30628611477802
30.450036046149513
30.55477990528534
30.619464527839966
30.64337663493165
30.626199854155338
30.568081622129164
30.469700062849498
30.33226063479468
30.157588702128592
29.94818384350325
29.707194310843626
29.438533716188523
29.146849712390384
28.83755437372111
28.51685186335596
28.19165764377294
27.869580074189763
27.55882544320241
27.268021171096898
27.006033607416967
26.78173324399252
26.603650323968953
26.479649896277
26.416579272081822
26.419901755529146
26.49342393126166
