28.474179799999987
26.93046289999996
25.376648000000024
23.81531899999998
22.249148899999962
20.680810699999974
19.113036799999996
17.54847049999998
15.989844199999991
14.439741799999965
12.900806600000022
11.375503699999976
9.866327899999984
8.375625500000032
6.905713099999966
5.458758799999972
4.036960399999985
2.6423671999999825
1.2769393999999912
0.0
0.0
0.0
0.0
0.0
0.0
0.0
0.0
0.0
0.0
0.0
0.0
0.0
0.0
0.0
0.0
0.0
0.0
0.0
0.0
0.0
0.0
0.0
0.0
0.0
0.0
0.0
0.0
0.0
0.0
0.0
0.0
0.0
0.0
0.0
0.0
0.0
0.0
0.0
0.0
0.0
0.0
0.0
0.0
0.0
0.0
1.1883739999999887
2.845901300000011
4.540345700000016
6.267014599999993
8.021066900000012
9.797513000000004
11.591303900000016
13.39727180000001
15.210219200000026
17.024918900000003
18.83611400000001
20.638606999999997
22.427170699999994
24.1967264
25.942314199999988
27.658974199999996
29.342043499999978
30.986888899999986
32.58917419999999
34.144681999999996
35.64946219999998
37.0998023
38.49225709999996
39.82358929999997
41.09094770000003
42.291689000000034
43.423585699999975
44.48473700000003
45.47359850000002
46.389100999999975
47.23073960000001
47.99860339999999
48.69358339999998
49.317699200000014
49.8745445
50.37008900000003
50.81443070000002
51.224973799999994
51.634002200000005
52.10866759999999
52.359424699999984
52.49158969999998
52.524378500000005
52.46073140000002
52.3036184
52.0560392
51.721082599999995
51.301985900000005
50.80204580000001
50.22476689999999
49.57371320000002
48.85274570000002
48.0657551
47.2168994
46.3104554
45.35090779999999
44.34286009999999
43.29106429999998
42.20045059999998
41.0760977
39.92308430000003
38.74672669999999
37.55231150000001
36.34521440000001
35.13081110000001
33.914536699999964
32.7017075
31.497639799999988
30.3075905
29.136667999999997
27.989832200000006
26.871924199999995
25.7875772
24.741186799999983
23.736940700000005
22.7787593
21.870295699999996
21.014816899999968
20.215352299999996
19.474545200000023
18.794593399999957
18.177338299999995
17.624146099999983
17.13590779999999
16.712920399999984
16.354886900000004
15.957916699999984
15.685805300000009
15.625425200000006
15.725246899999995
15.959758100000021
16.31482159999999
16.781765000000018
17.35464829999999
18.02913529999997
18.801751099999993
19.669288100000006
20.628865399999988
21.677483299999995
22.812142100000006
24.029663899999978
25.326692599999994
26.699634500000005
28.144777100000017
29.658021799999993
31.2351809
32.871769699999994
34.56315499999996
36.304466000000026
38.09071310000001
39.91672849999999
41.7772553
43.66691780000001
45.58031059999996
47.511968899999964
49.456398199999974
51.40819309999999
53.361918499999994
55.31222839999997
57.253895599999986
59.18178200000001
61.09083859999999
62.976194600000014
64.83312770000002
66.65706409999999
68.44360820000003
70.1885426
71.88779839999998
73.53504949999999
75.1014572
76.61128639999998
78.06138890000001
79.44882439999998
80.77080109999999
82.02479450000001
83.20842860000003
84.3196838
85.35668899999999
86.3179889
87.2024252
88.00937419999998
88.73886559999998
89.3919389
89.97105920000001
90.48115669999999
90.93146809999996
91.33963519999999
91.7415059
92.18635250000001
92.38418419999998
92.46579979999997
92.4337238
92.29015399999996
92.03716940000002
91.6766114
91.2102917
90.63996259999999
89.96740609999999
89.19446359999999
88.32291709999997
87.35475650000001
86.29200139999999
85.13684959999998
83.89155829999996
82.55853320000001
81.1403879
79.6397954
78.05969599999997
76.40311909999996
74.67324259999998
73.01642809999997
71.02587469999997
68.96567480000002
66.84028340000002
64.65439309999998
62.4128747
60.12074749999999
57.783357500000015
55.40611009999997
52.99473739999998
50.555030899999984
48.092989999999986
45.61485169999999
43.12691240000001
40.6357061
38.14779650000002
35.6699849
33.209132000000004
30.77215789999999
28.36616090000001
25.998179899999993
23.675372600000003
21.40492639999996
19.1939099
17.049421400000018
14.97841069999997
12.98779789999999
11.084117000000003
9.273842599999993
7.562914699999988
5.956976300000008
4.461076399999967
3.0794620999999887
1.8155785999999836
0.671653399999988
0.0
0.0
0.0
0.0
0.0
0.0
0.0
0.0
0.0
0.0
0.0
0.27625730000000515
1.6888190000000163
3.2870056999999804
5.064521000000019
7.014533899999983
9.129263000000021
11.400095299999974
13.8172892
16.37021209999997
19.047073099999988
21.835219999999964
24.721109599999984
27.690426499999976
30.728142499999986
33.81875419999999
36.94655029999998
40.09558189999999
43.2500189
46.39417969999999
