0.0
0.0
0.0
0.0
0.0
0.0
0.0
0.0
0.0
0.0
0.0
0.0
0.0
0.0
0.0
0.0
0.0
0.0
0.0
0.0
0.0
0.0
0.0
0.0
0.0
0.0
0.0
0.0
0.0
0.0
0.0
0.0
0.0
0.0
0.0
0.0
0.0
0.0
0.0
0.0
0.0
0.0
0.0
0.0
0.0
0.0
0.0
0.0
0.0
0.0
0.0
0.3205636500000155
1.1249584500000123
1.942228199999983
2.7734421000000142
3.619357499999989
4.4807763000000165
5.358411299999997
6.252752549999993
7.164201000000009
8.092934849999999
9.039043200000002
10.002392400000028
10.982536950000005
11.97898680000003
12.990895500000022
14.017238400000007
15.0567681
16.10792535000001
17.16901725000001
18.238039049999994
19.31280780000003
20.390917800000018
21.46969605
22.546335899999995
23.61794160000001
24.681216450000004
25.733041950000004
26.769898650000002
27.78840075000003
28.784984250000043
29.756218800000006
30.698495849999993
31.608518699999998
32.48294610000001
33.31865955
34.11285240000002
34.863074400000016
35.56745445000002
36.22474514999998
36.83481285
37.39917224999999
37.92178830000001
38.41081365
38.88188535000002
39.36583200000001
39.92778570000001
40.71725625000002
41.166721200000026
41.50311825000003
41.72814030000001
41.84348024999999
41.851098300000004
41.75299920000002
41.55149955000003
41.2491387
40.848589650000015
40.35292635000002
39.76531185
39.089265600000004
38.32857435000001
37.48711395000002
36.5691612
35.57912654999999
34.52168775000001
33.40161165000003
32.22393240000003
30.993728700000005
29.71625744999998
28.396820099999996
27.040762650000005
25.65347565000001
24.240305100000032
22.806552450000005
21.35747459999999
19.898150250000015
18.433569000000013
16.96845315000001
15.507435900000004
14.054794050000027
12.614581650000009
11.190674550000008
9.786547650000017
8.405363999999993
7.0500638999999925
5.723231250000003
4.427049000000024
3.163566450000012
1.934431950000013
0.7408929000000057
0.0
0.0
0.0
0.0
0.0
0.0
0.0
0.0
0.0
0.0
0.0
0.0
0.0
0.0
0.0
0.0
0.0
0.0
0.0
0.0
0.0
0.0
0.0
0.0
0.0
0.0
0.0
0.0
0.0
0.0
0.0
0.0
0.0
0.0
0.0
0.0
0.0
0.0
0.0
0.0
0.0
0.0
0.0
0.0
0.0
0.0
0.0
0.0
0.0
0.0
0.0
0.0
0.0
0.0
0.0
0.0
0.0
0.0
0.0
0.0
0.0
0.0
0.0
0.0
0.0
0.0
0.0
0.0
0.0
0.0
0.0
0.0
0.0
0.0
0.0
0.0
0.0
0.0
0.0
0.0
0.0
0.0
0.0
0.0
0.0
0.0
0.0
0.0
0.0
0.0
0.0
0.0
0.0
0.0
0.0
0.0
0.0
0.0
0.0
0.0
0.0
0.0
0.0
0.0
0.0
0.0
0.0
0.0
0.0
0.0
0.0
0.0
0.0
0.0
0.0
0.0
0.0
0.0
0.0
0.0
0.0
0.0
0.0
0.0
0.0
0.0
0.0
0.0
0.0
0.0
0.0
0.0
0.0
0.0
0.0
0.0
0.0
0.0
0.0
0.0
0.0
0.0
0.0
0.0
0.0
0.0
0.0
0.0
0.0
0.0
0.0
0.0
0.0
0.0
0.0
0.0
0.0
0.0
0.0
0.0
