44.349051166913334
44.44510419776764
44.49238908019478
44.49129514078481
44.44234430284603
44.346218889520316
44.20364868688884
44.015400783962484
43.78219010325671
43.50465685505315
43.183252009656535
42.81821335597704
42.40943268188218
41.956386131216384
41.45795545591791
40.912286809887895
40.316455227292984
39.66607037218376
38.9544823237755
38.17145980633679
37.30039168317992
36.31183500947099
35.144455353534404
33.61650501638395
30.087211295432944
28.25677396623787
26.969524906304006
25.890408508469854
24.93135606227089
24.052869874115117
23.233112893480516
22.45857122045385
21.720229041563524
21.011768407956687
20.32861450912103
19.667389553033896
19.025532435798393
18.40111640992312
17.79268528850925
17.199129201338707
16.619652241660194
16.053699297804865
15.50091119431099
14.961101239224602
14.434222170284247
13.92035050573834
13.419668258078856
12.932419872516592
12.458944752735402
11.999632134498638
11.554928728339524
11.125261337209704
10.711302791785185
10.313416264136517
9.411971328583045
9.036447064759532
8.679919506516338
8.343049535320695
8.026495170964289
7.73089764183952
7.456875250181845
7.205013539010036
6.975866562250915
6.769950773133196
6.587740639689937
6.429660319593502
6.296087098549483
6.1873521396265465
6.103723864391159
6.045410663755261
6.012564504587683
6.005284657280177
6.023585594789766
6.067462126589008
6.136829987657759
6.231588336013329
6.3515826433095395
6.4966256714587916
6.666521845257185
6.861043081324761
7.079951526231483
7.322993267899322
7.589932850376272
7.880535586673193
8.194579921932107
8.531897851848264
8.892372507148497
9.275968355379689
9.682733987113833
10.112890808222929
10.566811163612874
11.045102405552425
11.548729127210608
12.079087066444574
12.638253272816906
13.229270114557954
13.85674265540396
14.527834546715368
15.25440486620703
16.05796053299269
16.984608540659515
18.178331778022848
20.77576832113294
21.99903466442293
22.84559657995823
23.530031153909277
24.112696488053686
24.621065636422408
25.070339458388972
25.469914249574202
25.825997751883683
26.142907688045824
26.423717107459893
26.670689797916356
26.88550925182858
27.069441842529802
27.22344321353073
27.34821139068447
27.44427463932301
27.511985235552043
27.551598643817755
27.56321535105103
27.54684902847472
27.502414372257572
27.429698854294347
27.32837851247923
27.197995426745265
27.03789615837921
26.847226738795904
26.624815824842763
26.369088316994823
26.077883765945916
25.748196673036773
25.375740234215236
24.954144371582693
24.473302361251935
23.915698274354327
23.245885311631543
22.36545343757262
20.269210697555017
19.055033111573263
18.229530765014033
17.538683191992064
16.9246000048264
16.362610052351194
15.839621097078998
15.347817820635846
14.882175168594923
14.43934531405363
14.017026683381099
13.613621048817318
13.228000793961709
12.859384442425357
12.507238047122396
12.171208445364746
11.851074030313772
11.546722410924142
11.2581416409263
10.985375007076932
10.728525190621854
10.487747838750199
10.26323048107662
10.055188034868607
9.8638569158409
9.689478215725249
9.532312731172258
9.39263350262984
9.270724529802647
9.166908124939855
9.08150837482535
9.014887863112817
8.967412492050148
8.939489276138431
8.931543257679088
8.944013881412886
8.977354433125047
9.032049757631789
9.108595653791985
9.20753424847038
9.329424342637433
9.47489833929134
9.644639324950184
9.839442361706235
10.060227607349207
10.308107581006489
10.584422413479226
10.890854602826014
11.229518934994449
11.603171083715297
12.015493291629767
12.471625330415478
12.979053197715059
13.549423208271671
14.202672647502673
14.978579966674298
15.986263599369366
18.34249896763247
19.695364986178408
20.602398549653937
21.357899735897767
22.027936288294462
22.64057715349631
23.210732375150737
23.7473138681607
24.25612705690248
24.74110726039586
25.20503838125155
25.649964805169425
26.077365569227144
26.488378143713195
26.883821714391868
27.26432326467154
27.630371013828213
27.98231525328362
28.320435430417447
28.644941515554084
28.955987346660905
29.253677711206265
29.5380843578404
29.809249416159105
30.067185634014905
30.311881837824007
30.543300634931285
30.76140006386828
30.96610897392423
31.15734208534169
31.335030292324927
31.499063647844025
31.649351657361905
31.785781022589365
31.908248459907327
32.01665157786831
32.110890803418116
32.190848529359684
32.25641902082777
32.30753019501669
32.344100254384024
32.36608691117227
32.37345656574061
32.36617590121142
32.34424678587502
32.30765396177107
32.256400362917226
32.190509278984976
32.10999983099462
32.01490684796344
31.90525523571336
31.78108527650464
31.642412862511325
31.489225150189814
31.321515975029286
31.13922129900112
30.94225550554123
30.730472173467664
30.503691297535823
30.261667850281373
30.00409257681318
29.73059280965028
29.440654410565173
29.133628755955346
28.808639562826446
28.464474639600276
28.099487970129328
27.71136585139506
27.29674854648004
26.850634829644587
26.36511842572663
25.826624694863227
25.208284549263873
24.439980168129786
22.741517303047043
21.52839030797928
20.810895529563687
20.2358582633625
19.74140601256026
19.30185803024493
18.903501342038087
18.537964400402913
18.199668882574706
17.88468753562481
17.5901398058917
17.31386345157912
17.054174918637322
16.809766167216274
16.579559703182007
16.362704854215735
16.158507383181664
15.96639762596346
15.785907114468305
15.61666323673539
15.458377636299188
15.310826245421236
15.173848118641146
15.04734810179649
14.931275884816241
14.825610737223242
14.73038115779973
14.645627417828038
14.571418409786034
14.507860169539471
