41.31115689398227
41.43708297468075
41.46835449101373
41.40356416740008
41.24132510447534
40.980174219262544
40.618379552229655
40.15392276669186
39.58401306700794
38.90479681515654
38.11062818584768
37.19287044854549
36.13774801743651
34.92171622902735
33.50039094546186
31.77280785935897
29.378932818105568
24.162560842386057
21.783218706240724
20.007350640288145
18.505086441090633
17.174940073135524
15.97035840900889
14.86592077019952
13.846356462852517
12.901929110719815
12.026130795691952
11.214543173568702
10.464055908504985
9.772445141590616
9.13811274584064
8.559875072504829
8.036786873726792
7.568133417765903
7.153253890773204
6.791579447913147
6.48254925052359
6.225590197458298
6.0200827434454975
5.865326209541696
5.760539550544891
5.704830767905687
5.697187333670037
5.736427868005181
5.82129449593008
5.950314765690991
6.121870209884925
6.334184767881309
6.585296068865817
6.8730371776659815
7.195085726700952
7.548892337742833
7.931742978754847
8.340698113478586
8.772620661078673
9.224151826467658
9.691673138888053
10.171288476090847
10.658805611963928
11.149690357456336
11.638994281268461
12.121311617942489
12.590684015916048
13.040572082867875
13.463751190316358
13.852373416132764
14.19796956201257
14.49169373088207
14.72464431944896
14.888512336453402
14.976302857975611
14.983067002047921
14.906578580330006
14.747479074990977
14.509086126164714
14.196769542277522
13.817165031355632
13.377460456824394
12.884775369425157
12.345832095705534
11.766733422269434
11.152953190566524
10.50927142131375
9.839891026739771
9.148480380780285
8.438271083745347
7.712149091329107
6.972704409974087
6.2223203910424605
5.463213779584824
4.697453486233855
3.927053818611208
3.153909621327806
2.379886878405764
1.606786782650246
0.8363902203108808
0.0704241386089825
0.0
0.0
0.0
0.0
0.0
0.0
0.0
0.0
0.0
0.0
0.0
0.0
0.0
0.0
0.0
0.0
0.0
0.0
0.0
0.0
0.0
0.0
0.0
0.0
0.0
0.0
0.0
0.0
0.0
0.0
0.0
0.0
0.0
0.0
0.0
0.0
0.0
0.0
0.0
0.0
0.0
0.0
0.0
0.0
0.0
0.0
0.0
0.0
0.0
0.0
0.0
0.0
0.0
0.0
0.0
0.0
0.0
0.0
0.0
0.0
0.0
0.0
0.0
0.0
0.0
0.0
0.0
0.0
0.48865433153154075
1.0599526554462977
1.6844502786891804
2.390383581756618
3.2449279597785665
4.6090103378842215
6.587610167222332
7.450039902377563
8.129990086649983
8.713449655600668
9.233613895229542
9.707453277071764
10.144910667751233
10.55225269358997
10.933601422544172
11.29173542600179
11.628517715085586
11.945192938105992
12.242526620258786
12.520971839183193
12.780748419587168
13.021898926356602
13.244346035683565
13.448002626525117
13.632742037376245
13.79849214247963
13.945223142160064
14.073013138436261
14.182045674627554
14.272642749864776
14.34526099836203
14.400562100790209
14.439356207877623
14.462682385798225
14.4717860275248
14.468137059323347
14.453445187624087
14.429666489077794
14.398976541006977
14.363764548807296
14.326675430480183
14.29053391855481
14.258343269894317
14.233239149499191
14.218459167758333
14.217264983221867
14.232890167315276
14.268481650857776
14.327000444390501
14.411125543875958
14.523235061984089
14.665284076259958
14.83878401881299
15.044776446330658
15.283857479950814
15.556161924742018
15.861421275934124
16.199011557452625
16.568016980132274
16.967227079316494
17.395258871855276
17.850553571234585
18.33144319610551
18.836202482996715
19.362971487094136
19.909943448944006
20.475213150804244
21.05701595991195
21.65306682943055
22.261785740514348
22.88109407105584
23.508987087824067
24.143444567055237
24.78238501765157
25.423694448015425
26.065218943816127
26.704757734980262
27.34007454889406
27.96888836107697
28.588877034516702
29.197707538371805
29.792999971018496
30.372385595548117
30.93348597857319
31.47392437166664
31.991337359277622
32.48340284010934
32.94781387379229
33.38230150059384
33.784656831430404
34.152695061850416
34.48434036049119
34.777531011714544
35.03034174320966
35.24089842574119
35.40746376407679
35.52839509110249
35.60218058400381
35.62743305677428
35.60291226146209
35.5275123605525
35.40024193243073
35.22028060860889
34.98688053639958
34.69944947627036
34.357496097370195
33.96060588323275
33.50846655420291
33.00081253054426
32.43737149328209
31.81784155330856
31.141787585828197
30.40852070150988
29.616949443570707
28.765299850104284
27.850851546421776
26.86833037493451
25.810115231080236
24.661709215017357
23.39549564694363
21.949784052577687
20.13200618192894
16.056256687728382
13.99248351195914
12.635666582342862
11.574459996917026
10.704119148018245
9.979157839345984
9.37560665660326
8.879605774413953
8.482757939412677
8.180043069521567
7.968610552339682
7.847202349993461
7.815872744270249
