26.559184622868116
26.50786000174249
26.40621417313353
26.25656825632109
26.062664260861574
25.8292048316739
25.56134144517814
25.264283621104124
24.9430194555456
24.60213884988989
24.245725240125367
23.877328411989264
23.500001710863707
23.11630989534665
22.728383182601853
22.337958989663996
21.946443248337797
21.554925221946522
21.164246743815706
20.7750037184933
20.387593509991255
20.00224408905201
19.619042774177803
19.237971621639794
18.85890036822811
18.4816503769999
18.105974956435354
17.731582456192683
17.358179506683562
16.985445345618533
16.613057869753995
16.240723100982006
15.868388518900472
15.495167144323032
15.12153616219102
14.747138714250678
14.371926551468915
13.995869424608971
13.619030389026019
13.241467181470373
12.476909628115356
12.086252247048712
11.695598329553668
11.30530463538073
10.915767173493252
10.527445604502837
10.140827696115977
9.756462001906655
9.374926509634918
8.996847954924663
8.62286595169925
8.253678717958735
7.889990310194417
7.532534005432033
7.182054662145317
6.839297696556176
6.505035081531376
6.180020353596265
5.865028473383725
5.560791911060942
5.268078509478774
4.987599028303292
4.720065695693804
4.466175265763886
4.2265831581479825
4.001940318128172
3.792864985517447
3.5999477233861352
3.423760107453713
3.264833358338344
3.1236700053760957
3.0007292142004984
2.8964186518367887
2.8111253539078938
2.745158713435044
2.6988152916008223
2.6723202113383104
2.665862636278125
2.6795887588773555
2.713592290480324
2.7679296078479845
2.8425854417435246
2.9375212368734513
3.0526516967192925
3.1878391020268375
3.342934158392045
3.517734267291294
3.712036917238738
3.9256228692550734
4.1582616828204415
4.409746618997749
4.679862464894402
4.96843846550918
5.275307282520587
5.600362763521928
5.943559542423998
6.304949825699318
6.684666713754028
7.083038955613412
7.500569480148098
7.9380573136155865
8.39667070764299
8.878119969703004
9.384881814963574
9.92055088441887
10.490492531012729
11.10301914763446
11.771910308307943
12.522615664148228
13.412804170766304
14.665317119417496
17.039598167088933
18.05002892366809
18.815130571457942
19.461544303542123
20.03333927464241
20.552397258533116
21.03166601937232
21.479635407191594
21.902288942143933
22.30407934556357
22.688463265123193
23.05821268401498
23.415597276230738
23.762523005734675
24.10060306868246
24.43121034705553
24.755587214316847
25.074769420595487
25.389633979084753
25.7009532769651
26.009366796297083
26.315388381928926
26.619453271927448
26.921882079698825
27.222913470644837
27.52269070103379
27.82129808721274
28.118717603140876
28.414882624065626
28.709649898599064
29.00281818361975
29.294110155097805
29.583193095553344
29.86966327317031
30.153079129440247
30.43292563802831
30.708641137290233
30.97960909372706
31.245166967466304
31.50460214433131
31.757152251934624
32.002020076438804
32.238347620691215
32.46525921587139
32.68183094830695
32.887093247052206
33.080081582250656
33.25976339073952
33.42510254057895
33.5750173440627
33.70839634415382
33.824097874340616
33.92096216168028
33.99778862932503
34.05336469582434
34.08643955411588
34.095728740744434
34.07991525290815
34.037660553809125
33.96757072357722
33.86818279210616
33.737955294445
33.57526120000213
33.37832780780212
33.14521558763877
32.87379026780472
32.56159435403701
32.20581465881707
31.803070569155192
31.349225054823762
30.839009372422417
30.26546653109317
29.618895272557644
28.884881628399725
28.0400102019313
27.040750359893654
25.783972672351492
23.766985896257367
20.4280916884107
18.938979575252574
17.73349291536048
16.667623132152045
15.687781176570752
14.76709094943952
13.889958587786516
13.046454201586808
12.229932756830593
11.435752675840497
10.660581673405456
9.902013198982312
9.158260922272454
8.42804225809252
7.710415545014178
7.004712495415547
6.310505953443545
5.627521545649922
4.955675066903105
4.29498347765574
3.6456141697140563
3.007825028746372
2.3819520347858405
1.7684419604913728
1.1677954974962403
0.5805743490406325
0.007414959557470411
0.0
0.0
0.0
0.0
0.0
0.0
0.0
0.0
0.0
0.0
0.0
0.0
0.0
0.0
0.0
0.0
0.0
0.0
0.0
0.0
0.0
0.0
0.0
0.0
0.0
0.0
0.0
0.0
0.0
0.0
0.0
0.0
0.0
0.0
0.0
0.0
0.0
0.5969347306775239
1.8128407614483104
3.2340771660181895
4.9888843638568
7.610690647705188
12.407208105563745
14.488555179097691
16.131562186571177
17.56121292969246
18.855727237030987
20.053151926777225
21.1752363240906
22.23572461935109
23.243731243490274
24.205903326183243
25.1270051679845
26.010709822512055
26.85990076363157
27.67691513873569
28.46371692804428
29.221970536688097
29.953165623416567
30.658625278487218
31.339582541747454
31.997180244984893
32.632502954184254
33.24657581193198
33.84038116051602
34.41485756385719
34.97089967756196
35.509351518216825
36.031012646432714
36.53661640474325
37.02683478567544
37.50227056656803
37.96344957225974
38.41077091554089
38.84456631963266
39.265021370145874
39.67222248885776
40.06612480532862
40.446547365144426
40.813180111931274
41.16553898313903
41.50297614100382
41.824643291560626
42.129498225541546
