85.84163059999999
85.50569389999997
85.17352910000001
84.83958229999999
84.4981511
84.14365190000001
83.77073869999998
83.37442189999996
82.95012770000001
82.49396540000004
82.0025492
81.47329519999998
80.90418380000003
80.29399729999999
79.64214170000002
78.94858730000003
78.2140172
77.43961940000001
76.6269977
75.77832019999998
74.8960223
73.9829552
73.12584289999997
72.114053
71.0800772
70.02798439999998
68.96190289999996
67.8859907
66.80437609999997
65.72115769999999
64.64031529999997
63.565650499999975
62.500875799999996
61.44934729999999
60.414331999999995
59.3987405
58.40521610000001
57.43613479999997
56.493575600000035
55.57923140000001
54.69461689999998
53.84080130000002
53.01858649999999
52.2285071
51.47077100000001
50.745318799999986
50.051734699999976
49.389395000000015
48.757438399999984
48.1547066
47.579803700000014
47.0311259
46.50686150000001
46.00496119999998
45.52319749999998
45.05916469999999
44.610249199999984
44.1737483
43.74675139999998
43.32631819999999
42.90935989999996
42.49269859999998
42.07318609999998
41.64761479999996
41.2127771
40.76549509999996
40.30270970000003
39.821450900000016
39.318837799999976
38.79216769999998
38.238886399999984
37.656677300000005
37.04337230000002
36.39710030000002
35.716168400000015
34.999210399999974
34.245067999999996
33.45282049999999
32.621873900000026
31.751901499999995
30.842814199999964
29.89479020000002
28.90833439999999
27.88415959999998
26.823216200000026
25.726781299999992
24.59631019999996
23.433495800000003
22.24026860000001
21.018677900000014
19.771099699999994
18.499969400000012
17.20790060000001
15.897714799999996
14.572263199999991
13.234545500000019
11.88765049999996
10.534696700000005
9.17886199999998
7.823354000000015
6.4714100000000006
5.126148499999997
3.79071769999999
2.468206399999988
1.1616439999999892
0.0
0.0
0.0
0.0
0.0
0.0
0.0
0.0
0.0
0.0
0.0
0.0
0.0
0.0
0.0
0.0
0.0
0.0
0.0
0.0
0.0
0.0
0.0
0.0
0.0
0.0
0.0
0.0
0.0
0.0
0.0
0.0
0.0
0.0
0.0
0.0
0.0
0.0
0.0
0.0
0.0
0.0
0.0
0.0
0.0
0.0
0.0
0.0
0.0
0.0
0.0
0.0
0.0
0.0
0.0
0.0
0.0
0.0
0.0
0.0
0.0
0.0
0.0
0.0
0.0
0.0
0.0
0.0
0.0
0.0
0.0
0.0
0.0
0.0
0.0
0.0
0.0
0.0
0.0
0.0
0.0
0.0
0.0
0.0
0.0
0.0
0.0
0.0
0.0
0.0
0.0
0.0
0.0
0.0
0.0
0.0
0.0
0.0
0.0
0.0
0.0
0.0
0.0
0.0
0.0
0.0
0.0
0.0
0.0
0.0
0.0
0.0
0.0
0.0
0.0
0.0
0.0
0.0
0.0
0.0
0.0
0.0
0.0
0.0
0.0
0.0
0.0
0.0
0.0
0.0
0.0
0.0
0.0
0.0
0.0
0.0
0.0
0.8504771000000239
1.7364874999999933
2.6336947999999714
3.5408515999999843
4.4566510999999975
5.379638000000012
6.30835699999999
7.241174600000003
8.176516700000015
9.112630999999976
10.04770580000003
10.979959099999988
11.907460400000001
12.828279199999962
13.740455299999963
14.641939399999991
15.530741600000002
16.404753199999963
17.26195459999999
18.100296499999978
18.9177296
19.712204599999996
20.481820699999997
21.224587999999997
21.93869480000001
22.62241849999997
23.27409589999997
23.89230139999998
24.475728199999967
25.023336800000024
25.534414400000006
26.008664000000028
26.446293499999996
26.848223599999983
27.216414499999985
27.554162899999987
27.867022699999982
28.16393359999998
28.459508000000014
28.77896119999999
28.922144899999985
29.005156399999994
29.028916399999982
28.99410799999999
28.901740999999966
28.75309250000001
28.549855400000034
28.293960200000015
27.987812599999998
27.63405589999998
27.23568979999998
26.796040700000006
26.318731999999983
25.80768410000001
25.267054999999974
24.701240299999963
24.114784099999984
23.512349300000004
