12.851361406031284
12.728131006473859
12.601705758036568
12.472288275007545
12.340381459489246
12.206773755853927
12.072500320083268
11.938812183006098
11.807169298386832
11.679156178982252
11.556477321154594
11.440915068639844
11.334260691802866
11.238335458795621
11.15489417765033
11.085661311096173
11.032256187631335
10.996217400584625
10.978951438538093
10.981762082922002
11.005810185857282
11.052122279148403
11.121595922162417
11.21497020850893
11.33284367842128
11.475681283148697
11.643827408600991
11.83752487440322
12.056901868194956
12.302037229716747
12.572971206847813
12.869772615079
13.19256417240071
13.541633088399879
13.917534025025683
14.321269896756675
14.754578727978938
15.220450660665643
15.72407767267453
16.274892969894765
16.89184118149941
17.621635934143157
18.679054827939936
20.450016031273577
21.17253454630445
21.707511199785824
22.13958186053428
22.49952998233047
22.80258843201778
23.057518493889344
23.269828869789535
23.443169814412745
23.580038948250177
23.682213405895464
23.750902801025926
23.786970391272227
23.790969073513942
23.763151652611405
23.703525715918705
23.611752221418893
23.48710790627763
23.32835572532628
23.133525463209917
22.899615491850053
22.62194943175093
22.29297878269207
21.89951379894927
21.41503510177835
20.76808397804877
19.200240356301528
18.21579045254592
17.554316775089937
16.994724500542674
16.49115797965628
16.024632915224615
15.585302988587197
15.167400864618166
14.767367572688928
14.38287779784044
14.012451447217146
13.655150119265231
13.310434788532406
12.978061696666504
12.658013995687453
12.350465127273722
12.055716077014223
11.774237324362034
11.506612732782552
11.25354728117124
11.01587393125675
10.794535734798469
10.590575681197379
10.405114701923436
10.239402460047748
10.0947721303679
9.972640482287764
9.874566542301679
9.802187479185637
9.757290842753335
9.74177709710443
9.75770864482083
9.807322137766691
9.893077590574032
10.017723933043131
10.184365943912416
10.396604719915004
10.658748717499412
10.976085487882656
11.355384108616084
11.805721037274552
12.340006999100854
12.978191899485878
13.75484066715417
14.74318073245443
16.190689534832014
19.334407605089154
20.800458721478574
21.957749657372123
22.98806917082207
23.94775354284226
24.86252914749545
25.746275364324074
26.60719984032773
27.450371591600664
28.279002863434293
29.095075023214196
29.899770411560418
30.69366916387543
31.47692577018334
32.2493548208067
33.01051150352577
33.75974245123214
34.496217873218775
35.218978126869864
35.92694320712372
36.61896342080616
37.29381586147421
37.95022482139373
38.58690816556498
39.20256027273393
39.795866259972875
40.365522167149884
40.91023992126292
41.42874324612175
41.919803220804695
42.38223976934238
42.814905766865834
43.2167467913866
43.586738849383494
43.923959780580354
44.227551261763274
44.496661294721584
44.73055866399846
44.92855625333192
45.090011106735304
45.21431758425085
45.30091925840865
45.34926916761934
45.35885325669643
45.329121563187
45.25954059941096
45.14951533990861
44.99839959669445
44.80546959257545
44.56985621134294
44.290602688659796
43.9665433106029
43.59629484628362
42.9986788350731
42.531199942754796
42.01229772705275
41.43896161667313
40.807344451904704
40.11245528253709
39.34757800983205
38.503398648219324
37.56627141303346
36.51477730496074
35.3115841294515
33.87908541234308
31.98249340373392
27.61575728776493
25.409491901136775
23.83236234149894
22.50249002701592
21.316333712485292
20.22737101344009
19.210124283623138
18.249012986084722
17.333820773451084
16.457539225146885
15.615227207164121
14.803283618333438
14.01908780673899
13.260699219005662
12.526642512454202
11.815788422934977
11.1273389383342
9.966381949325152
9.295190114369186
8.645747209755466
8.017824290865834
7.411272384967074
6.825964842819476
6.261774536380378
5.718573589487128
5.196227445056966
4.694545244659617
4.213335293925152
3.752329418621339
3.3112508611698512
2.8897396758122977
2.4874203647535977
2.1038738355302984
1.7386261212442105
1.3911752488831552
1.061005868073039
0.747566921932148
0.4503227549318217
0.16872284943711294
0.0
0.0
0.0
0.0
0.0
0.0
0.0
0.0
0.0
0.0
0.0
0.0
0.0
0.0
0.0
0.0
0.0
0.0
0.0
0.0
0.0
0.0
0.0
0.0
0.0
0.0
0.0
0.0
0.0
0.0
0.0
0.0
0.0
0.0
0.042103891795732123
0.4599843136119603
0.9173928869998986
1.4168631037971409
1.9614783116011563
2.5551293812406697
3.202918466715128
3.9118988348131896
4.692297752657753
5.56006293945142
6.542473246473881
7.693782717808122
9.159475622109294
12.525480490845249
14.607652578747489
15.935115052009936
17.023985484632426
17.978035073405227
18.840415616685355
19.633928879786215
20.372305141870253
21.064560234464853
21.716967653626476
22.334156453590786
22.919575751902116
23.476060584157604
24.005861632119878
24.510862182060166
24.992658806308093
25.452623873360164
25.89194274332554
26.311625090870052
26.712545351099607
27.095411496058198
27.460808447641686
27.809155059102768
28.14073861092182
28.455719673762438
28.754109605981505
29.035801581403504
29.300557357023536
29.54801505973658
29.77773116291798
29.989150043456316
30.181631624195788
30.354484369305773
