39.11381265000001
40.87839360000002
42.63308445000001
44.366792249999996
46.068825000000025
47.72866889999999
49.33638930000001
50.87612639999999
52.29851880000001
53.64294869999999
54.9024663
56.071190999999985
57.144400499999996
58.118976300000014
58.99398285000001
59.77187039999998
60.46119255000002
61.08275415000001
61.686495750000006
62.40972045000001
63.41196180000001
63.95360070000002
64.263045
64.36279245000003
64.26968294999999
63.99676965000001
63.55443270000003
62.95122570000001
62.194499400000005
61.29075810000003
60.24601605000004
59.06579745000002
57.755581950000014
56.32093830000002
54.76676700000002
53.09908229999999
51.32331930000002
49.454045850000014
47.5847724
45.19551135000002
42.70289430000002
40.11641039999999
37.44608340000001
34.70229345000001
31.895955300000004
29.038295550000008
26.140897199999994
23.215699650000023
20.27477595
17.330243700000004
14.394354149999993
11.479224900000021
8.596706250000018
5.758514850000029
2.9757436499999987
0.25908465000000047
0.0
0.0
0.0
0.0
0.0
0.0
0.0
0.0
0.0
0.0
0.0
0.0
0.0
0.0
0.0
0.0
0.0
0.0
0.0
0.0
0.0
0.0
0.0
0.0
0.0
0.0
0.0
0.0
0.0
0.0
0.0
0.0
0.0
0.0
0.0
0.0
0.0
0.0
0.0
0.0
0.0
0.0
0.8642963999999895
3.073620000000012
5.267841150000024
7.435956000000008
9.567005250000035
11.650296900000003
13.675495350000016
15.632576850000028
17.512096800000016
19.30492245
21.00276750000003
22.597880250000024
24.08340000000001
25.453401600000003
26.70329640000001
27.83001045000001
28.833187349999985
29.716302
30.490714650000008
31.184358150000016
31.86967080000002
32.78085195000001
34.04611650000002
34.773261600000026
35.216355899999996
35.39740710000001
35.33272050000003
35.034725550000026
34.51366875000003
33.778281899999996
32.836361250000024
31.6953021
30.36223245000003
28.84419120000003
27.148439999999997
25.282463250000028
23.254057200000016
21.071597250000032
18.743770650000034
16.27988835000002
13.689884999999995
10.984140750000009
8.173748550000012
5.270425050000019
2.286287850000019
0.0
0.0
0.0
0.0
0.0
0.0
0.0
0.0
0.0
0.0
0.0
0.0
0.0
0.0
0.0
0.0
0.0
0.0
0.0
0.0
0.0
0.0
0.0
0.0
0.0
0.0
0.0
0.0
0.0
0.0
0.0
0.0
0.0
0.0
0.0
0.0
0.0
0.0
0.0
0.0
0.0
0.0
0.0
0.0
0.0
0.0
0.0
0.0
0.0
0.0
0.0
0.0
0.0
0.0
0.0
0.0
0.0
0.0
0.0
0.0
0.0
0.0
0.0
0.0
0.0
0.0
0.0
0.0
0.0
0.0
0.0
0.0
0.0
0.0
0.0
0.0
0.0
0.0
0.0
0.0
0.0
0.0
0.0
0.0
0.0
0.0
0.0
0.0
0.0
0.0
0.0
0.0
0.0
0.0
0.0
0.0
0.0
0.0
0.0
0.0
0.0
0.0
0.0
0.0
0.0
0.0
0.0
0.0
0.0
0.0
0.0
0.0
0.0
0.0
0.0
0.0
0.0
0.0
0.0
0.0
0.0
0.0
0.0
0.0
0.0
0.0
0.0
0.0
0.0
0.0
0.0
0.0
0.0
0.0
0.0
0.0
0.0
0.0
0.0
0.0
0.0
0.0
0.0
0.0
0.0
0.0
0.0
0.2459424000000402
4.2262176
8.237098650000018
12.271190249999997
16.322121750000004
20.384324399999986
24.453120449999993
28.524455850000024
32.59498935000002
36.661780650000026
