9.134387577625612
8.990306159863394
8.846526031033438
8.703554888043456
8.562003815884152
8.422537219154972
8.285877416219646
8.152777612087027
8.023998591869129
7.900323127593067
7.7825465214318506
7.671431607460493
7.567762981579504
7.472288757903144
7.385727039618421
7.308758079182678
7.2420502391325865
7.1862045453722025
7.141814933622604
7.1094271563526625
7.0895487637625365
7.082667848708213
7.089217893525036
7.109621305442631
7.144279401667443
7.193569436676764
7.2578566029685
7.3374958163402155
7.432829364722273
7.544206284743421
7.67195982923537
7.816452130806562
7.978060163164056
8.157188981190778
8.354265365074072
8.569788638204628
8.804337151768316
9.058587055265157
9.333357641796606
9.629670747823878
9.94878291746312
10.292318041349686
10.66236870433377
11.061701193089819
11.494109533091262
11.96492243189296
12.482068492782908
13.05824708443535
13.716052255778445
14.50402095005382
15.583991051292546
17.88591538946312
18.93302702167793
19.71498560876777
20.380735552229062
20.976620771069335
21.524527117682705
22.036869233973643
22.52151925844265
22.983780069009033
23.427492436642602
23.855490831764556
24.269913637809104
24.67246394699328
25.064430381494518
25.446900238255257
25.820709337894993
26.18655911117079
26.544993411608203
26.896476888130692
27.241384263341892
27.580024414156615
27.91263812274289
28.239396325650816
28.560438076992043
28.87584695356479
29.185656727799152
29.489868240354077
29.788434405058506
30.08127583326667
30.368287168692177
30.649340221006234
30.924287706251864
31.192959836644516
31.455174536066327
31.710746019524287
31.959476707697554
32.20117574238166
32.43562967327905
32.66263083013639
32.88195543319849
33.09339267054524
33.29672887991212
33.49177102026947
33.67832819503457
33.85620611664259
34.025224449152475
34.18519732843321
34.335933993485725
34.47725960389593
34.60901308658397
34.731048743830755
34.84323818059346
34.94547497411411
35.03769435964059
35.119861107425905
35.19196675470189
35.25402604295013
35.30608060153573
35.348175198760636
35.38036675280647
35.40271222643816
35.41528100944079
35.41813093005764
35.41133141030789
35.39495419202119
35.36908234476895
35.333829710547285
35.28931002024097
35.23567013066693
35.17306178055203
35.101676935199606
35.0217258060797
34.93342608278075
34.837051361310955
34.73288707922166
34.62126021259102
34.502507602997724
34.3769905653924
34.24508595481988
34.10718111212773
33.963684015228935
33.815003434713105
33.661575376553266
33.503834690893896
33.342220421295785
33.17721544265257
33.00929773916622
32.83897556384187
32.66676367919691
32.49319110202343
32.31879326793463
32.144125302673075
31.96974899638821
31.796238159635237
31.62419007887058
31.454247024386152
31.28705693629716
31.12331709745996
30.963760919070413
30.809165464456566
30.660330012762408
30.518107957123775
30.383373379131235
30.257044190400148
30.140058801046745
30.033378372186153
29.937965832029477
29.854771142759805
29.784708601032808
29.72860815066616
29.687187844317368
29.661011656711235
29.650454987640078
29.655675217091094
29.676631448998098
29.713068792553116
29.764506466896748
29.83026637307354
29.909491761350527
30.001164683622953
30.104176107813384
30.217314557084105
30.339353257733073
30.46901677727385
30.605040905906545
30.746175232083605
30.891180289535995
31.038874399588714
31.18808983914978
31.33771547922424
31.48667336515271
31.633919222202945
31.77840763433869
31.91910781283501
32.054973000411394
32.18496181116996
32.30800689199923
32.42304719992451
32.52899543820952
32.62476534821535
32.70923442836291
32.78127845458327
32.839732635774496
32.88340156939947
32.91103542063465
32.92136782939178
32.91306740937668
32.8847475517555
32.834960823405666
32.762130314909264
32.66452713635477
32.54022922629737
32.386981414029734
32.20212223997528
31.982388371665852
31.72360313801052
31.420157715013918
31.06409466080211
30.643199754382582
30.136565052678307
29.50130087016018
28.60666746799143
26.500139422315378
25.43989464631288
24.635901640973465
23.931220144658038
23.28156605340072
22.667031386441195
22.07677768569687
21.504237976359196
20.945145735075297
20.396608346060848
19.85662308684712
19.323775375601187
18.797033982933808
18.275677622464737
17.759193670554787
17.247225698161216
16.73954883542364
16.236029579300176
15.73661348276692
15.241323325948526
14.750249338285048
14.263517305558068
13.781324531520667
13.303883602305135
12.831479994827248
12.364420983253774
11.903061840427217
11.447783691101659
10.999004600939239
10.557190186524604
10.122808698309278
9.696387089969583
9.278460229382835
8.869601825428788
8.470404742187839
8.081490107003251
7.7034896738894485
7.3370586571563905
6.9828743246860405
6.641617098470877
6.314001166235085
6.000760838275592
5.702647312600191
5.420429896123478
5.154918908887405
4.9069393372210905
4.677348710678884
4.467036998763952
4.276911343761028
4.107907081367989
3.9609682686066026
3.8370684779514272
3.7371654015530362
3.6622428687263664
3.6132530997759957
3.5911411751943842
3.5968380803263904
3.631224387950672
3.695151301769929
3.7894019788993636
3.914709332678699
4.071700203185901
4.260893611789791
4.482670373577369
4.737275642795801
5.0247635361137535
5.345004746295635
5.697655338697295
6.082111887739647
6.497525630873634
6.9427531203999004
7.416327313468522
7.916405332877862
8.440747307131094
8.986652037092076
9.550858890311455
10.129451546951246
10.717731897521448
11.309950285819378
11.899016399884903
12.475931159102943
13.028970889695287
13.542391257408518
13.994595265700537
14.356361887285278
14.591714667550209
14.666722338984432
