0.0
0.0
0.0
0.0
0.0
0.0
0.0
0.0
0.6603910500000022
1.4218841999999954
2.1996826500000006
2.9939200500000096
3.8043291000000163
4.63015245000001
5.470231800000004
6.32305244999999
7.186743300000007
8.058943200000037
8.937023700000033
9.81817814999999
10.699154400000017
11.576566650000023
12.44694000000001
13.306532250000023
14.15160120000002
14.978360099999994
15.783066749999996
16.56197895000001
17.311666350000024
18.028787699999988
18.71049180000001
19.354283850000026
19.95851549999999
20.522473950000027
21.04705020000003
21.535630050000005
21.99583155000002
22.44315810000001
22.90910655000002
23.462996699999987
24.185419500000016
24.595992300000017
24.901560750000016
25.10141205000002
25.194833400000014
25.18151295000002
25.061227950000017
24.833978399999992
24.499897950000033
24.059476650000022
23.513338200000014
22.86241815000001
22.107741149999995
21.25077735000002
20.293175099999985
19.23685005000001
18.084074250000032
16.83738705
15.49955055000003
14.07381690000002
12.563616450000007
10.972735949999995
9.305274000000018
7.565685600000001
5.7586039499999915
3.8891077499999893
1.962409349999997
0.0
0.0
0.0
0.0
0.0
0.0
0.0
0.0
0.0
0.0
0.0
0.0
0.0
0.0
0.0
0.0
0.0
0.0
0.0
0.0
0.0
0.0
0.0
0.0
0.0
0.0
0.0
0.0
0.0
0.0
0.0
0.0
0.0
0.0
0.0
0.0
0.0
0.0
0.0
0.0
0.0
0.0
0.0
0.0
0.0
0.0
0.0
0.0
0.0
0.0
0.0
0.0
0.0
0.0
0.0
0.0
0.0
0.0
0.0
0.0
0.0
0.0
0.0
0.0
0.0
0.0
0.0
0.0
0.0
0.0
0.0
0.0
0.0
0.0
0.0
0.0
0.0
0.0
0.0
0.0
0.0
0.0
0.0
0.0
0.0
0.0
0.0
0.0
0.0
0.0
0.0
0.0
0.0
0.6657370499999874
1.914028049999989
3.1209320999999948
4.285513650000016
5.407238100000014
6.485526300000028
7.520155500000017
8.510813850000007
9.45759045000003
10.360485300000018
11.219721150000016
12.035654400000038
12.80877510000002
13.539617850000035
14.228940000000003
14.877498900000015
15.486319200000011
16.05647009999998
16.589243549999992
17.0861097
17.548850550000004
17.97955995
18.380732700000024
18.755487300000016
19.107877800000004
19.443205650000017
19.76882160000002
20.095150350000026
20.438007150000026
20.822651850000025
21.140649749999987
21.32143365000001
21.455573700000013
21.54405000000002
21.587842650000024
21.587619900000014
21.544094549999997
21.45780120000002
21.32918535000003
21.15864795
20.94645630000001
20.692744050000005
20.397600299999986
20.0611587
19.683374699999995
19.26420375000002
18.8036013
18.30143370000002
17.757611850000018
17.172091200000004
16.544693550000034
15.875507999999996
15.164400900000011
14.411505899999993
13.616956650000017
12.78088680000003
11.903608200000004
10.98547725000002
10.027028549999997
9.028796700000008
7.991583600000023
6.916191150000012
5.803554900000018
4.654922250000022
3.471451500000022
2.254612799999996
1.0059208500000263
0.0
0.0
0.0
0.0
0.0
0.0
0.0
0.0
0.0
0.0
0.0
0.0
0.0
0.0
0.0
0.0
0.0
0.0
0.0
0.0
0.0
0.0
0.0
0.0
0.0
0.0
0.0
0.0
0.0
0.0
0.0
0.0
0.0
0.0
0.0
0.0
0.0
0.0
0.0
0.0
0.0
0.0
0.0
0.0
0.0
0.0
0.0
0.0
0.0
0.0
0.0
0.0
0.0
0.0
0.0
0.0
0.0
0.0
0.0
0.0
0.0
0.0
0.0
0.0
0.0
0.0
0.0
0.0
0.0
0.0
0.0
0.0
0.0
