23.21899043766183
23.62191521851577
24.045972028830498
24.492267701216832
24.961437608716764
25.453716513200064
25.96890218035034
26.506402653250042
27.06528362988982
27.644285143397134
28.24186688326155
28.856249260940317
29.48546793591262
30.12734091560806
30.77961293793858
31.439882939514707
32.10570630839056
32.774596097061426
33.444009226651175
34.11145194363108
34.7744264567145
35.430454884600195
36.077134739267706
36.71213581689025
37.333203005259804
37.93819723585732
38.52509356354143
39.091998303985235
39.6371680786295
40.15898292847697
40.656012538049026
41.12693620660218
41.57061823041623
41.9860498645987
42.37238822766395
42.72894831665663
43.055170569383876
43.35066558432793
43.61512241979458
43.84840282671688
44.050461986945635
44.22134454659414
44.36120394206386
44.47026060456157
44.54919677031949
44.59722759352659
44.615911882012185
44.60535617834175
44.56628410829039
44.4987197533547
44.40389170172216
44.28231454625272
44.13473623560001
43.96194633706757
43.76477611471431
43.54408105808274
43.30073472688135
43.03564795334695
42.7497057719127
42.44382265968997
42.118906049120255
41.77586107274881
41.415609067534234
41.03902768902232
40.64700314387143
40.24037732994913
39.82000262485114
39.38668715392094
38.94125708556838
38.48437655472401
38.016894664363164
37.53950221519712
37.05289256034801
36.55772023647468
36.05462614919043
35.544192658636476
35.02696231444868
34.50338199892756
33.97383981358183
33.438585862433726
32.89769090976516
32.35101063192834
31.798036136758856
31.237817297564874
30.668686393647633
30.087798699484303
29.490388521064034
28.86801777024216
28.204425300585292
27.46180381708193
26.498452550716863
24.646816388372287
23.89515438957858
23.384223293920854
22.99953795146446
22.702494552690226
22.474330142061874
22.304336812036013
22.185966809330317
22.11506886371518
22.089169561448063
22.107023520474108
22.168437101793238
22.27437110721819
22.427091381305022
22.63068585419304
22.89208447561931
23.223389987277596
23.647906949314446
24.222334222817196
25.277702178953056
26.769768324674146
27.485531912599512
28.090138740937693
28.64199690538718
29.163130261354855
29.664542049883117
30.15254717281376
30.63107542486879
31.102704930494365
31.56914884692538
32.03150969846569
32.490499552068
32.94652116776149
33.39975068186619
33.85024502914797
34.29789042104383
34.74250881055575
35.18378798544029
35.621384760497776
36.0548361450193
36.483636224343854
36.90719786817942
37.32488246970531
37.73596700730056
38.13970586121312
38.53528943686527
38.92188185173467
39.298619146473456
39.6646198737474
40.0190236654275
40.36095661973158
40.68956948759363
41.00404246503432
41.30352480210315
41.58718078873859
41.85418638482985
42.10368837143324
42.33486885296006
42.54692719380243
42.739058754165974
42.91051031924762
43.060564841735186
43.188557293392925
43.29386813023655
43.37592663325055
43.43421475645062
43.468265923029705
43.47764333720153
43.46198767093928
43.42097204990323
43.029667393718306
42.93212707172593
42.809238481142316
42.66090268851807
42.48706914938661
42.28774419084909
42.0629453400743
41.812716419728275
41.537125110146214
41.23621347954083
40.9099950822259
40.558434363505484
40.18135577701162
39.77848652509122
39.349301533469664
38.89299496985946
38.40833061163278
37.893416030369295
37.34542846093125
36.76007615863199
36.13023805725291
35.444481169110226
34.6815143154164
33.79634197943388
32.65083458311088
30.05644576498802
28.76667983045015
27.870226322282228
27.13430511630267
26.494980234129052
25.922928600353714
25.401530951211537
24.920157221703356
24.471424007192685
24.049869822610866
23.651237694394375
23.272078612381534
22.909488141879166
22.560993754755916
22.2243684176215
21.897655607393098
21.579051581798776
21.266900646651614
20.95963817734466
20.65581612345317
20.35406874905262
20.05307145234692
19.751637810856238
19.44863069837449
19.143052560153087
18.834003111913162
18.520688163598372
18.20247166105999
17.878812359071773
17.549293745473157
17.21363536743992
16.871669487056316
16.52331242992962
16.168622453963078
15.807725939907044
15.44083428176712
15.068230075634904
14.690238474179411
14.03981090003181
13.40202294162954
12.775898699977938
12.357635456506225
11.93609971157369
11.511790700241598
11.085182393393303
10.656717650564591
10.226759202617298
9.795657287178125
9.363673507667151
8.931039947711627
8.497938449584412
8.064490303980525
7.630755439499191
7.196754265251509
6.762417941766435
6.327647152966943
5.892266139860707
5.456069847764302
5.0187664291793554
4.580049325685926
4.139581435251885
3.696994737529099
3.2519275800559866
2.804027364635415
2.3529502676308383
1.8984061326771005
1.440132342192136
0.9779542474584786
0.5117573399186881
0.0415475869968111
0.0
0.0
0.0
0.0
0.0
0.0
0.0
0.0
0.0
0.0
0.0
0.0
0.0
0.0
0.0
0.0
0.0
0.0
0.0
0.0
0.0
0.0
0.0
0.0
0.0
0.0
0.0
0.0
0.0
0.0
0.0
0.0
0.0
0.0
0.0
0.0
0.0
0.0
0.0
0.0
0.0
0.0
0.0
0.0
