6.745857340191723
6.7430800655401075
6.872525557463105
7.138601322866359
7.548363117439436
8.112835748061695
8.849816637610429
9.789812747034075
10.991391797630246
12.594332754198064
15.246790769353094
19.856793861227867
21.946730431204088
23.680229138426515
25.244813096647054
26.705049894674325
28.09121244104853
29.419831830304684
30.700783028237588
31.940263862966543
33.14237201093596
34.309770106431415
35.44427188637316
36.54701568130657
37.61870162021749
38.65970750203114
39.67013822597586
40.649915881868395
41.59881375739018
42.51644217851862
43.40234423793429
44.25607577708403
45.076525360019
45.86338928722603
46.615711861638715
47.332620899297766
48.013194579049426
48.656480618723734
49.26148272945535
49.82715126838329
50.35245127555868
50.836291439112486
51.27754732166055
51.67506726140769
52.027658424550026
52.334070999413385
52.593011326124184
52.80315962541317
52.9630492861299
53.07127826705997
53.126337214728075
53.12666296978181
53.070598698843725
52.95640952747786
52.78220542745527
52.545953561499736
52.2454554896251
51.878256460675
51.441639606820274
50.93238175879569
50.3468438695878
49.221084780420185
48.468710979753105
47.627517941324605
46.689550562678086
45.64443724884422
44.47809638232852
43.17043502105557
41.690998317629706
39.988964738482686
37.96505759763879
35.35120061652905
29.19048438519669
25.503624281091593
23.057862566248424
21.01134579085012
19.180198496507494
17.486040264101728
15.88694702486264
14.35753632364127
12.881330481994619
11.447047432100245
10.046777000487236
8.67492345288758
7.32747747760456
6.001690238139732
4.695750893427441
3.4085781656288017
2.1396923128656486
0.0
0.0
0.0
0.0
0.0
0.0
0.0
0.0
0.0
0.0
0.0
0.0
0.0
0.0
0.0
0.0
0.0
0.0
0.0
0.0
0.0
0.0
0.0
0.0
0.0
0.0
0.0
0.0
0.0
0.0
0.0
0.0
0.0
0.0
0.0
0.0
0.0
0.0
0.0
0.0
0.0
0.0
0.0
0.0
0.0
0.0
0.0
0.0
0.0
0.0
2.3462198118989486
8.52558395817247
11.679761300845053
13.907191060796412
15.794600405189264
17.494499201483524
19.075362630475787
20.575063080942734
22.016924491209224
23.416235708090905
24.78327069930082
26.12497332907359
27.445890275960345
28.74868446837622
30.03481854244564
31.304579762681676
32.55743548065698
33.7921673639892
35.00709016544184
36.20008811199396
37.36876879399753
38.51053090900397
39.62265967896043
40.7023626187889
41.74686384667381
42.753426907509734
43.71938944266968
44.642250148688696
45.51961425806352
46.34928651206904
47.12923456050941
47.857626724609034
48.532834500652
49.153408117842424
49.71815517007684
50.22605936012174
50.67629445024019
51.068279306819655
51.40158365023922
51.676004803047874
51.891492257625075
52.04818074932801
52.14632770403768
52.186339279860675
52.16870901391654
52.09404994790737
51.96304465656566
51.776430494122344
51.53499905228096
51.239562471761566
50.890943267983815
50.48995393890942
50.037379955100576
49.53392490069701
48.980216594912264
48.37677442250916
47.72396446318175
47.02196698556247
46.270741106094384
45.469847969650445
44.61849773392206
43.71531423876003
42.75823286621543
41.74412291253179
40.6684127280176
39.52437144034121
38.30184931976479
36.98480005654458
35.54609536972619
33.933906352106575
32.02456900038677
29.273624943802396
24.26757459962839
22.160998695475563
20.555805881666604
19.203518550258423
18.01491642093268
16.945608287136785
15.96974148197135
15.070870399084608
14.237774645058328
13.462519949795752
12.739293489541229
12.063717725103498
11.432468324513696
10.84294235791801
10.293101354109123
9.781304274669836
9.306237627974436
8.866824219406757
8.462184889537617
8.091589689759017
7.7544324659465405
7.450161872103966
7.17833555377503
6.938527314424665
6.730364711763717
6.5534709458292255
6.407496617801148
6.292100841881632
6.20690367729434
6.151541915361388
6.125646939637612
6.128778360406128
6.160525730172253
6.220437793055323
6.308024842611946
6.42282997223788
6.564383804759606
6.73227222315656
6.92608898931808
7.145510253944771
7.39025258926006
7.660106953355255
7.954972745675154
8.274802109420015
8.619711427425358
8.989906129207464
9.385772069353806
9.807912778989468
10.257156520568406
10.734644445214442
11.241968895396568
11.781224852001289
12.355303981227387
12.968226372105242
13.625656427011823
14.335985350004904
15.11230747077795
15.97686861792436
16.97303219361658
18.211820387920515
20.88312985669296
22.931229369073566
24.089043278977375
25.01994585612102
25.826170391570756
26.548772041546805
27.209105631998746
27.819857631154214
28.389226860413892
28.922871625959736
29.42482724087303
29.898075779512247
30.34492950246391
30.767198905945328
31.166356299838064
31.543637725449635
31.900116264199013
32.23672937131801
32.55431549361482
32.853666005053256
33.13548954494384
33.400435733268424
33.64910847705504
33.882029332372625
34.099605647606275
34.30216886892634
34.48992621408528
34.66294093036894
34.821136342762614
