26.966298892252322
27.246530367736085
27.50914815828306
27.754410057679753
27.982995686353632
28.195944997959042
28.394623185820166
28.580702344493798
28.756096716645388
28.922924728458863
29.083463645864406
29.24009526825706
29.395239995050748
29.551323909815917
29.71072419823421
29.875691153278552
30.048329710559265
30.23056319871375
30.42407299797891
30.63030107420507
30.850398021452648
31.08525827101913
31.335469150188036
31.60134290367846
31.882936075297586
32.18002629246722
32.49216574622699
32.818702486951786
33.15879415167354
33.51143754421502
33.87549248903956
34.24971366340074
34.632755956760214
35.02321221601702
35.41963260451085
35.8205347531756
36.224437614013425
36.6298566479742
37.035309948101684
37.43934722257273
37.840523253969025
38.237452990946785
38.62875827974001
39.01313588287325
39.38931919387311
39.7560864285539
40.11226960205643
40.456745451275864
40.7884313515405
41.10628709558472
41.40930620496354
41.69652828026566
41.96700888548485
42.21984270408936
42.45415834519736
42.669109594849715
42.86387828393467
43.03767494303516
43.18975246001839
43.31938112453023
43.42589235882487
43.508595488624486
43.566892143303285
43.60018599277913
43.607903010067986
43.589484704086566
43.54439383659039
43.47208604436485
43.37200112135439
43.243582455069344
43.08624870538171
42.89939357386518
42.68238314376145
42.43454685217731
42.155154122703756
41.843424349490455
41.49848559686163
41.11936841436044
40.70494152112763
40.253916248939575
39.76471185871849
39.23541808487637
38.66360550966228
38.046133304137065
37.25982301173567
36.54258665109909
35.76221107727462
34.905924043343795
33.95243349223044
32.86155301524069
31.53784257049429
29.547640422858613
26.095028290864022
24.61197926741661
23.454608645458297
22.46215337069861
21.575528544314583
20.76497179103051
20.012969473451566
19.30819457688472
18.64279468072938
18.011058712360924
17.40864885947783
16.832163070719297
16.278807097782682
15.466997363394041
14.937192917600118
14.424910433965024
13.92859836503297
13.44684937749427
12.978370967107749
12.521926294455437
12.076370437922614
11.64059141193261
11.21354099245325
10.794200100486158
10.381602049675942
9.97485030425601
9.573078155088599
9.175497408384759
8.781377390856226
8.390079097663698
8.001038627940945
7.6137756201009665
7.227904847428252
6.8431279217925205
6.459281896781997
6.076295985009413
5.694235245368207
5.313281619394306
4.93374086108583
4.556044113860878
4.180719600050463
3.808435100407312
3.439935978795809
3.0760687351429556
2.717774104764042
2.366045236459768
2.0219308408836607
1.686537575633829
1.3610073286029547
1.0464923344879753
0.7441753776534529
0.45524357739249127
0.1808715321481236
0.0
0.0
0.0
0.0
0.0
0.0
0.0
0.0
0.0
0.0
0.0
0.0
0.0
0.0
0.0
0.0
0.0
0.0
0.0
0.0
0.0
0.0
0.12251739921166746
0.4710561994959221
0.8562854210546949
1.2798928912374685
1.743929424228479
2.2509485322610794
2.8042102365472283
3.407928964858197
4.067784311868877
4.7916437495885225
5.591006679832565
6.483782143437167
7.500660903028379
8.703304983813043
10.26280696805949
13.893576148983966
15.917963738882658
17.28923800137564
18.434272007786127
19.45123758691973
20.38207144737148
21.24913466478416
22.065895230161995
22.84111271364315
23.580782747740212
24.289148224012823
24.96930405076067
25.623532594890804
26.253548419842055
26.860652528222936
27.44584860581301
28.00992076294757
28.553478435929684
29.077029416623372
29.580974882624883
30.065668780821817
30.531434394003046
30.97855801066352
31.407329807574158
31.81802696253745
32.21092781084342
32.58633429517263
32.944561987248676
33.28594543141341
33.61084755752708
33.91966319755955
34.21280759522966
34.490730963718114
34.753865540415575
35.002657456591535
35.2375500939962
35.45893235599106
35.667167344873
35.8625515074301
36.045326519043336
36.215625645729645
36.37351225486847
36.51890251899248
36.65159492432873
36.771262531543165
36.877403583238845
36.9693728296732
37.04634384263059
37.107301642749924
37.151060989320015
37.176231279374726
37.18124149074053
37.16430983117919
37.12346273237367
37.05651039063678
36.961030938747484
36.83442653097108
36.6738569083392
36.47622001019931
36.23816739427255
35.95601594720496
35.62569856689383
35.2426538633123
34.801663126024124
34.29663682927245
33.72017967768417
33.062976594529566
32.31266601566053
31.45166892736681
30.452672135344717
29.267328586506697
27.78890052566794
25.61349697832051
21.18824411941141
19.19128837228015
17.614407171395428
16.2266891929462
14.950798383065042
13.749837838682406
12.603129104325642
11.497975119598593
10.426127092969182
9.38202273224631
8.361836767239033
7.3629145910865805
6.383426011966897
5.422127047644563
4.478198913679546
3.551142765315835
2.6407012030118655
1.7467596481105034
0.8693532118001122
0.008581500454370143
0.0
0.0
0.0
0.0
0.0
0.0
0.0
0.0
0.0
0.0
0.0
0.0
0.0
0.0
0.0
0.0
0.0
0.0
0.0
0.0
0.0
0.0
0.0
0.0
0.0
