0.0
0.0
0.0
0.0
0.0
0.0
0.0
0.0
0.0
0.0
0.0
0.0
0.0
0.0
0.0
0.0
0.0
0.0
0.0
0.0
0.0
0.0
0.0
0.0
0.0
0.0
0.0
0.0
0.0
0.0
0.0
0.0
0.0
0.0
0.0
0.0
0.0
0.0
0.0
0.0
0.0
0.0
0.0
0.0
0.0
0.0
0.0
0.0
0.0
0.0
0.0
0.0
0.0
0.0
0.0
0.0
0.0
0.0
0.0
0.0
0.0
0.0
0.0
0.0
0.0
0.0
0.0
0.0
0.0
0.0
0.0
0.0
0.0
0.0
0.0
0.0
0.0
0.0
0.0
0.0
0.0
0.0
0.0
0.0
0.0
0.0
0.0
0.0
0.0
0.0
0.0
0.0
0.0
0.0
0.0
0.0
0.0
0.0
0.0
0.0
0.0
0.0
0.0
0.0
0.0
0.0
0.0
0.0
0.0
0.0
0.0
0.0
0.0
0.0
0.0
0.0
0.0
0.0
0.0
0.0
0.0
0.0
0.0
0.0
0.0
0.0
0.0
0.0
0.0
0.0
0.0
0.0
0.5691526500000048
2.220665699999983
3.837117900000008
5.41490070000001
6.950405550000015
8.440469400000026
9.882107400000024
11.272646550000006
12.609814800000017
13.89151830000002
15.116108700000002
16.282160399999984
17.388648750000023
18.434994600000024
19.420752450000013
20.346055950000025
21.211306050000033
22.01726010000002
22.76512095000002
23.456536949999993
24.093557400000016
24.678899850000025
25.21581645000002
25.70849490000003
26.162192100000013
26.583679650000025
26.9820012
27.3698535
27.765769350000003
28.19883989999999
28.701363900000022
28.95195765000001
29.135904600000032
29.25734790000002
29.32011885
29.327781449999996
29.283543300000012
29.190300150000013
29.050769550000005
28.867357200000008
28.642246049999994
28.377307200000008
28.074233550000038
27.734495250000016
27.359250599999996
26.949524250000003
26.506118100000002
26.029566750000015
25.520315700000033
24.978587700000027
24.404427299999988
23.797745400000004
23.158319250000012
22.485881550000023
21.77998680000001
21.04014494999999
20.265776850000023
19.45621425
18.610922549999998
17.729233500000028
16.81052340000002
15.85421310000001
14.859812550000003
13.826920800000028
12.755226000000018
11.644505399999998
10.494759000000034
9.306075900000021
8.078723399999983
6.813147000000004
5.510014950000035
4.170173699999998
2.7946924499999826
1.3848186000000058
0.0
0.0
0.0
0.0
0.0
0.0
0.0
0.0
0.0
0.0
0.0
0.0
0.0
0.0
0.0
0.0
0.0
0.0
0.0
0.0
0.0
0.0
0.0
0.0
0.0
0.0
0.0
0.0
0.0
0.0
0.0
0.0
0.0
0.0
0.0
0.0
0.0
0.0
0.0
0.0
0.0
0.0
0.0
0.0
0.0
0.0
0.0
0.0
0.0
0.0
0.0
0.0
0.0
0.0
0.0
0.0
0.0
0.0
0.0
0.0
0.0
0.0
0.0
0.0
0.0
0.0
0.0
0.0
0.0
0.0
0.0
0.0
0.0
0.0
0.0
0.0
0.0
0.0
0.0
0.0
0.0
0.0
0.0
0.0
0.0
0.0
0.0
0.0
0.0
0.0
0.0
0.0
0.0
0.0
