71.10576769999997
70.44616039999998
69.7772273
69.10119589999998
68.42032339999996
67.73677789999998
67.0526978
66.3701621
65.69127949999998
65.01798049999998
64.3522253
63.69594439999997
63.05100890000001
62.4192602
61.80251000000003
61.20254030000002
60.62110339999999
60.05989220000001
59.5206887
59.00506699999997
58.51466060000001
58.0510733
57.615819799999976
57.21029599999999
56.835868099999985
56.49384289999998
56.18540840000001
55.911574399999985
55.673320999999994
55.4714798
55.29708140000001
55.067203399999975
54.9386618
54.8946761
54.92422759999997
55.01956460000002
55.1749847
55.38600319999996
55.64875910000001
55.95995569999998
56.3165042
56.715494000000014
57.1540739
57.629422399999996
58.13874770000002
58.67916889999998
59.24783479999996
59.84183479999997
60.45819889999999
61.094016500000016
61.7462879
62.412043099999984
63.088252700000005
63.77203579999998
64.4604521
65.15062070000002
65.83974979999995
66.52513669999998
67.20410839999998
67.87414039999997
68.53285669999998
69.1779407
69.80722430000003
70.41874730000002
71.01066829999999
71.58129439999996
72.12917030000003
72.6529892
73.16136409999997
73.62432769999997
74.06097709999995
74.4708965
74.85393740000002
75.21027799999997
75.54042319999996
75.84535310000003
76.12643390000001
76.385804
76.62640370000003
76.85236129999998
77.06958709999998
77.28657529999997
77.40561290000002
77.46637910000001
77.48898079999998
77.4738635
77.42147269999998
77.33234300000001
77.2070387
77.04606469999997
76.85001499999996
76.61948359999997
76.35500510000001
76.05717350000002
75.72655309999996
75.3637082
74.96920310000002
74.5436318
74.08749919999998
73.60139929999998
73.0605029
72.51960650000001
71.97871010000001
71.35474279999998
70.70208529999998
70.02148009999999
69.31358059999995
68.57915899999999
67.81904690000002
67.0341056
66.22519639999999
65.39335879999999
64.53957289999998
63.664996999999985
62.770819100000004
61.85828660000001
60.9287954
59.9837711
59.02472839999997
58.05327109999998
57.071062399999995
56.07991399999999
55.0816376
54.0781043
53.071274300000006
52.063137499999975
51.05568379999999
50.05093280000002
49.05093379999995
48.057647
47.07306229999997
46.09908049999998
45.13760239999998
44.19038029999996
43.25913679999998
42.34550540000002
41.45100080000002
40.57701890000002
39.7248665
38.895701900000006
38.0905646
37.310315900000006
36.55575770000002
35.82748399999998
35.12596999999999
34.451601800000006
33.804587299999966
33.185015599999986
32.592856999999974
32.02799270000001
31.490155399999974
30.979018400000015
30.494136199999996
30.035003899999996
29.601027499999965
29.19155359999999
28.805899099999973
28.443321499999985
28.103078299999993
27.78433790000003
27.486328099999977
27.208276699999974
26.949441199999992
26.709019699999992
26.486388499999975
26.280805100000013
26.091764599999987
25.918702700000008
25.761144200000007
25.61873270000001
25.49120089999996
25.378340899999973
25.2800339
25.196309600000014
25.12722739999999
25.027910599999995
24.94579009999997
24.890459000000007
24.86185789999996
24.860194699999983
24.88585549999998
24.93943429999998
25.021525099999995
25.13292979999999
25.27439090000002
25.446710299999978
25.650749299999998
25.8873098
26.15716399999998
26.461054399999995
26.799723499999992
27.173735599999986
27.583684699999985
28.03004599999998
28.5131759
29.033341699999998
29.590691899999978
30.185285900000004
30.817004899999997
31.485641000000022
32.1908378
32.93209039999998
33.70877509999998
34.52014939999999
35.36529259999998
36.243165199999986
37.1525792
38.09222779999998
39.06071510000001
40.05643730000002
41.07779060000003
42.122903899999976
43.189965500000014
44.2769261
45.38173640000002
46.50222830000001
47.6361446
48.78125779999999
49.93516219999999
51.0954818
52.25981089999998
53.425714099999986
54.59072630000001
55.75238239999998
56.90830639999998
58.05606289999997
59.193305599999995
60.31771789999996
61.42704260000001
62.51914130000001
63.59187559999998
64.64328529999999
65.67143990000001
66.67455739999997
67.6509449
68.59905800000003
69.51747109999997
70.4048774
71.26014830000001
72.082274
72.87042290000001
73.62254569999999
74.3265248
74.99527970000003
75.6286619
76.2266417
76.78930819999998
77.31701780000002
77.8101863
78.26946709999997
78.6956027
79.0896029
79.45253690000001
79.78574120000002
80.090582
80.36872250000002
80.62185559999996
80.85191179999998
81.06085129999998
81.2507531
81.4237259
81.58187840000001
81.70581650000001
81.75467300000004
81.77650249999999
81.77317609999999
81.74656489999998
81.69859939999999
81.63109129999997
81.54597109999996
81.44505050000001
81.33020059999997
81.20326279999999
81.06595969999996
80.92010300000001
80.76735589999997
80.60938160000002
80.44772449999998
80.28395870000001
80.11953949999997
79.95580339999997
79.7940572
79.63548890000001
79.48125679999997
79.33231129999997
79.18957309999999
79.05378469999998
78.92562919999999
78.80561150000001
78.69408800000001
78.59138539999996
78.49750369999995
78.41247260000002
78.3360545
78.26792270000003
78.20754259999998
78.15429049999999
78.1073645
78.06590330000002
78.02883769999998
