34.0345841
35.52513799999999
37.008207500000005
38.48489149999998
39.95602159999997
41.42237
42.884322799999985
44.34205819999999
45.795397999999985
47.24377789999996
48.68636630000001
50.1218564
51.54870379999998
52.96497799999999
54.36854059999997
55.75686710000001
57.127373599999956
58.477179200000016
59.8033436
61.102867100000005
62.37266090000002
63.609725299999994
64.81112
65.97399380000002
67.0956143
68.1734867
69.20529440000003
70.18901779999999
71.12281549999997
72.00520249999998
72.8349908
73.61027960000003
74.3184167
74.97324229999998
75.57520190000004
76.12515679999998
76.62468110000002
77.07615079999998
77.4830705
77.85051889999997
78.1860992
78.50133499999998
78.8148779
79.12357970000002
79.2578237
79.32553970000001
79.32859880000001
79.26869389999999
79.14754759999998
78.96667460000002
78.72761929999999
78.43177759999999
78.08042659999997
77.6748434
77.21615659999999
76.70546509999996
76.14377870000003
75.53207750000001
74.87122280000003
74.16207589999996
73.40543869999999
72.65818669999997
71.77092890000003
70.83505219999996
69.8514179
68.8207685
67.74396529999999
66.6218696
65.45540209999997
64.24554289999999
62.99339089999999
61.70010440000002
60.36696049999998
58.9952957
57.58659499999999
56.14252159999998
54.66479809999996
53.15526589999999
51.61597430000002
50.04909139999999
48.45690409999998
46.8417884
45.206357899999986
43.55328560000003
41.885333599999996
40.205501599999984
38.51672990000001
36.822166700000004
35.12501960000002
33.42855559999997
31.736101100000003
30.05101220000001
28.376674700000017
26.7165041
25.073856500000016
23.452117700000002
21.854614100000003
20.28458299999998
18.745231999999987
17.23962019999999
15.770717599999994
14.341405100000028
12.954385399999978
11.612242399999992
10.31770850000001
9.071942000000018
7.8780316999999815
6.737521999999971
5.651987000000021
4.622882000000003
3.651394999999957
2.738535799999991
1.8851062999999804
1.091611400000001
0.35846690000001613
0.0
0.0
0.0
0.0
0.0
0.0
0.0
0.0
0.0
0.0
0.0
0.0
0.0
0.0
0.0
0.0
0.0
0.0
0.0
0.0
0.0
0.0
0.0018292999999709992
0.5982646999999912
1.2185491999999873
1.8595642999999766
2.5182509000000066
3.1916093000000076
3.8766992000000164
4.570699099999985
5.270757799999977
5.974202300000031
6.678359600000016
7.380705199999975
8.078803699999979
8.770308799999999
9.452993000000005
10.124747599999962
10.783642100000014
11.4278351
12.055604000000006
12.665404400000007
13.255899799999959
13.825842800000013
14.37413449999999
14.89988390000003
15.40237820000003
15.880993700000007
16.335344300000006
16.765222100000003
17.170478599999992
17.551232599999967
17.907691999999958
18.240302300000018
18.549538700000003
18.836173399999986
19.1009489
19.344904699999983
19.569020900000005
19.77451519999998
19.962545900000023
20.1343901
20.2912952
20.434330399999986
20.564564900000004
20.62669729999997
20.65711009999996
20.666376499999995
20.6558924
20.627202199999967
20.581880000000012
20.521470200000003
20.447546900000003
20.361713899999984
20.265634400000003
20.1608528
20.0490323
19.931747
19.8106007
19.687137800000016
19.562902700000002
19.43943979999998
19.318204399999992
19.200711200000008
19.088356100000013
18.982534999999974
18.884584399999987
18.795870500000028
18.71764070000001
18.6511127
18.550994
18.46819039999997
18.41199800000003
18.383396899999983
18.383248399999978
18.4121762
18.470685200000002
18.55916150000002
18.677931800000028
18.827174299999957
19.006978100000012
19.2174323
19.45847749999999
19.72996519999998
20.0317469
20.363555300000016
20.724974599999978
21.115618700000013
21.534952999999998
21.98232410000002
22.457048899999986
22.958384899999952
23.48538169999997
24.037118599999985
24.61255610000001
25.210565600000024
25.82992939999998
26.469400099999984
27.127581800000023
27.803138000000004
28.494524299999988
29.200285400000016
29.918787799999997
30.648427700000006
31.387541899999988
32.13443749999999
32.887362200000005
33.64456369999999
34.404319399999984
35.16475819999997
35.92415749999998
36.680646200000034
37.432472
38.17782320000001
38.914917799999984
39.641973800000024
40.357298300000004
41.05910930000001
41.7457436
42.41559739999999
43.06706689999996
43.69860769999998
44.3087348
44.89608200000001
45.459372199999976
45.997387700000026
46.50905929999998
46.993496
47.45004440000002
47.878199599999974
48.27781309999999
48.64915220000002
48.99298909999997
49.310808799999975
49.605106099999986
49.879890499999966
50.14139899999999
50.399491999999995
50.670237199999995
50.81653940000001
50.89687790000002
50.92945880000002
50.914074199999995
50.850664699999996
50.73937879999996
50.5804838
50.37442520000001
50.121797000000015
49.82340109999997
49.48018790000001
49.093256300000014
48.663913099999974
48.19364330000003
47.684110100000034
47.13715490000001
46.55476760000002
45.93917569999999
45.29266609999999
44.617763299999964
43.917110599999994
43.19347010000003
42.44975239999998
41.68898690000001
40.91423269999998
40.128608299999975
