44.37255891221381
44.90148374401279
45.387848691628555
45.828435997275086
46.21994833202413
46.55905429214987
46.842422828975245
47.066703083842405
47.228619462928954
47.324931501072776
47.352436342723344
47.308010151026565
47.188565641898265
46.991004290512514
46.71221902789938
46.349002695065565
45.89800812186821
45.35559030803538
44.717694609494615
43.97962663803611
43.13573456044115
42.17897636247034
41.100170823136665
39.886794839897476
38.52095004815034
36.97520846216523
35.2036144027955
33.11715936238958
30.487026438806915
24.742225651083444
20.057457582244155
17.37965795635942
15.187326637196886
13.2537049591832
11.488829069889624
9.846795213736337
8.300960642778858
6.83466411642317
5.436944687349067
4.100401698637232
2.8199449808322106
1.592043613827948
0.41428196795656275
0.0
0.0
0.0
0.0
0.0
0.0
0.0
0.0
0.0
0.0
0.0
0.0
0.0
0.0
0.0
0.0
0.0
0.0
0.0
0.0
0.0
0.0
0.0
0.0
0.0
0.0
0.0
0.0
0.0
0.0
0.0
0.0
0.0
0.0
0.0
0.0
0.0
0.0
0.0
0.0
0.0
0.0
0.0
0.0
0.0
0.0
0.0
0.0
0.0
0.0
0.0
0.0
0.0
0.0
0.0
0.0
0.0
1.3115083105740633
3.178867624398597
7.149776607788709
10.555050394566315
12.46812321687603
14.05849151098169
15.487477521709234
16.81982874341933
18.08948327850493
19.316931959702856
20.515618931298302
21.694800120963997
22.861178117898618
24.019515428106352
25.173321621341938
26.32504328667831
27.476361710345607
28.628280323337833
29.781218410473183
30.935160418819123
32.08965067112822
33.2438813069234
34.39671627754267
35.54678023672916
36.69243606449868
37.83189548695333
38.96319357329243
40.08425308175721
41.192888430356575
42.28683651288185
43.363833678770966
44.42153770543234
45.45765291685318
46.47012274612366
47.45596759583473
48.41369396362076
49.34088715847711
50.235471940859696
51.095465852755765
51.918996575608574
52.70430548164792
53.449898461658876
54.153671481713694
54.81473159316392
55.43154299232024
56.00289109470482
56.52766186747738
57.004838814573105
57.433503592876654
57.81286560663315
58.14219914653653
58.420853315754144
58.648264094823176
58.823981604188674
58.9474479215433
59.01831736327873
59.03627698229401
59.0010322947664
58.912257753307145
58.769637611307616
58.572811943994836
58.32139758810386
58.01491505781559
57.652895889450164
56.61101451735563
56.11289995864044
55.5596686328836
54.950386419724325
54.283829420220435
53.55836222922811
52.77183960974544
51.921451547533565
51.003559935193564
50.013371204606315
48.94456951563161
47.788591048721095
46.533612408867384
45.16249073246345
43.64897136220692
41.94895904179492
39.97642981987707
37.504386062037185
31.905193518830195
28.192709347438154
25.90142219856562
24.03237039410738
22.394377875937764
20.907635025051007
19.529782445047204
18.235329845374046
17.00772612011219
15.835669502313984
14.711230161810136
13.628687819227263
12.583975917023384
11.57338006555143
10.597187923526764
9.65166516287031
8.736756908379807
7.852044109392171
6.997423686519268
6.173087244178261
5.379470714013437
4.617144946297173
3.8868814787950337
3.189533310863524
2.526048157504193
0.8589022445714637
0.0
0.0
0.0
0.0
0.0
0.0
0.0
0.0
0.0
0.0
0.0
0.0
0.0
0.0
0.0
0.0
0.0
0.0
0.0
0.0
0.0
0.0
0.0
0.0
0.5277322811227043
1.395460447561428
2.345956867322526
3.3860950412108766
4.525662493617418
5.77909501461126
7.168789821910593
8.732019360766834
10.538732557171217
12.752135714395857
16.07506345956832
21.981346604787674
24.524894270519432
26.54208546370488
28.300694676506954
29.895528730591693
31.37343112397613
32.76157628650765
34.077200083647156
35.33190112450066
36.53369661944977
37.68826691584963
38.79966203739408
39.870667276764785
40.903183910501674
41.898404384799385
42.857077509152745
43.778985253058835
44.66435331219074
45.512556200755725
46.32289556243039
47.09444303220875
47.82615027701422
48.516855964063396
49.16529991978463
49.77022022080483
50.330336369107314
50.84441345419478
51.31128142577579
51.729914264369825
52.09942768518863
52.419158442866305
52.68874885355112
52.908016060341566
53.07722515714395
53.19699155618278
53.26834618268668
53.29271082905116
53.272069339459854
53.20887627206828
53.106141219468455
52.96746120688904
52.7970980125139
52.59984837996484
52.38136167944947
51.6403053395927
51.382585416905556
51.12442831861169
50.87347963590699
50.637777617008624
50.42553201812865
50.244939237975714
50.10396355900185
50.010046305319584
49.96980189719977
49.98873981262956
50.071005976593696
50.21914523699403
