83.17400629999999
82.0841054
80.98882879999996
79.88776069999999
78.78051500000002
77.66676500000001
76.54627310000004
75.4189799
74.2848854
73.14422719999997
72.0394763
70.82667679999997
69.6090362
68.38744549999996
67.16291449999999
65.93651239999998
64.70948660000003
63.4831439
62.2588802
61.038150799999976
59.82244069999997
58.61332399999997
57.41234510000002
56.22110779999998
55.04124560000001
53.87430290000001
52.72185379999997
51.58553179999998
50.46679219999996
49.367149700000006
48.288089299999996
47.23094750000003
46.19712019999999
45.187854800000025
44.20436900000001
43.2477617
42.31913180000001
41.41945940000001
40.549605800000016
39.71040260000001
38.902592299999995
38.12676889999997
37.38352640000004
36.67331029999998
35.99650669999998
35.35341259999997
34.74426559999996
34.169184499999965
33.628258399999964
33.121457599999985
32.64875239999999
32.20993489999998
31.804886299999975
31.433309599999994
31.094907799999998
30.789354200000005
30.51626269999997
30.2751581
30.065594899999997
29.88706819999997
29.739043400000007
29.620896799999983
29.469159499999975
29.356477699999964
29.296810399999973
29.28356419999999
29.311779199999997
29.37762409999996
29.47801009999996
29.61041269999999
29.77269350000001
29.96298140000001
30.179672599999993
30.42131180000001
30.686651599999987
30.974474300000008
31.283740400000003
31.613469799999994
31.962771499999988
32.33090300000001
32.717032700000004
33.120596299999974
33.54091070000001
33.97747099999997
34.42980199999996
34.8974285
35.3799644
35.87705329999997
36.3883982
36.91370210000002
37.452727399999965
38.00526619999999
38.57116999999998
39.15026059999998
39.74238949999999
40.34752699999999
40.9654949
41.5962932
42.23977340000002
42.89584640000002
43.56445279999999
44.24538469999999
44.93852330000002
45.64366069999998
46.360529599999985
47.088773599999975
47.828066000000014
48.57790190000002
49.337806100000016
50.10712519999996
50.8851464
51.67106779999999
52.46402810000001
53.26298779999999
54.0669371
54.87462860000001
55.68481489999997
56.4961595
57.307207099999985
58.116413300000005
58.9222931
59.723123899999976
60.517301900000014
61.303104499999996
62.07877940000001
62.842603999999994
63.592825999999995
64.32772279999999
65.04560149999998
65.7448286
66.42371119999999
67.08079400000001
67.71453259999997
68.3235905
68.90666089999999
69.46258549999997
69.9903842
70.489166
70.9582775
71.39742169999998
71.80647979999999
72.18592699999998
72.53683250000003
72.8612159
73.17244220000002
73.44877099999998
73.71586309999998
73.9883606
74.23020770000002
74.34173120000001
74.40181430000001
74.40941749999998
74.36367949999998
74.26359049999999
74.10837830000001
73.89721129999997
73.62940639999998
73.3043993
72.9626711
72.50849870000002
71.99284730000002
71.4155387
70.7767511
70.07678149999998
69.31631299999998
68.49620689999999
67.6176809
66.68221999999999
65.6916062
64.64788879999998
63.553503199999966
62.4110333
61.223419399999976
59.993779999999965
58.725471199999994
57.42202730000001
56.08719050000001
54.72476239999997
53.338663399999994
51.932903
50.51140159999998
49.07816869999999
47.637065299999996
46.19189299999998
44.74630489999999
43.30380560000002
41.8676621
40.4409335
39.0264116
37.6266209
36.24378890000001
34.8798758
33.53651510000001
32.214983899999986
30.916321699999997
29.641211600000016
28.390128800000028
27.163192099999975
25.960312400000003
24.781192699999973
23.625328100000033
22.491946400000003
21.380305099999998
20.289394400000027
19.21823419999996
18.165725600000023
17.130799399999972
16.112386400000016
15.109476799999998
14.12109049999999
13.146366200000012
12.1845614
11.235052399999965
10.29736400000001
9.371139800000023
8.456260999999964
7.552638500000018
6.660450499999987
5.779964299999999
4.911565999999964
4.05579020000001
3.2133199999999738
2.3848681999999597
1.5712664000000138
0.7733758999999867
0.0
0.0
0.0
0.0
0.0
0.0
0.0
0.0
0.0
0.0
0.0
0.0
0.0
0.0
0.0
0.0
0.0
0.0
0.0
0.0
0.0
0.0
0.0
0.0
0.0
0.0
0.0
0.0
0.0
0.0
0.0
0.0
0.0
0.0
0.0
0.0
0.0
0.0
0.0
0.0
0.0
0.0
0.0
0.0
0.0
0.0
0.0
0.0
0.0
0.0
0.0
0.0
0.0
0.0
0.0
0.0
0.0
0.0
0.7729303999999735
1.7306068999999837
2.719319900000013
3.7387426999999946
4.788459499999971
5.867757499999967
6.975745699999995
8.111236099999974
9.272684299999963
10.458248899999965
11.665761800000015
12.892668800000013
14.136178100000008
15.39308209999999
16.659965299999975
17.933144899999977
19.2087896
