39.25652600675972
39.329411415748176
39.34071163407825
39.28932610412319
39.174667710849825
38.99663790480825
38.7555219516852
38.45196154175356
38.08682475195587
37.6611032931647
37.175842637337
36.63194084636156
36.0299784072674
35.369923121961214
34.65068938344836
33.86939783175662
33.01995212896185
32.090181266461386
31.05476515762244
29.8530627216718
28.266874943103016
24.965526803881176
23.51589982999042
22.493865232224017
21.678727097154997
21.001271355013042
20.42865141397776
19.942080844132825
19.52956489991927
19.182770840890765
18.895569097648895
18.663188497857075
18.4817644337584
18.348026304259083
18.25913988851856
18.21257054181322
18.20601030290703
18.237317578219308
18.30447134514139
18.40554366205272
18.53869027411944
18.70215220677207
18.894214075712288
19.1132669457489
19.35777391384362
19.626302991731485
19.91753603472655
20.230291833616135
20.56356527266275
20.91657559167243
21.288862565995274
21.680446485943595
22.09213595751625
22.526061650407964
22.98696048520401
23.485331452372453
24.04828134157955
24.791640243476813
26.106406580540742
26.612618731195635
26.94766784198538
27.183609010918598
27.34445549613745
27.44079027435294
27.47724284684376
27.454794676771375
27.3713189341697
27.220933715506153
26.991400604274595
26.655964049159856
26.133568890973915
24.783447085736352
24.044939464435185
23.465386774201708
22.941096358185415
22.445927348393724
21.969294231407
21.506104484098316
21.05376849341678
20.610946605688838
20.177045584263016
19.751864022136882
19.33548830119925
18.92818586222097
18.530320110018526
18.14233263819897
17.764698845850603
17.397903092035435
17.042423697988305
16.698726811651433
16.367264848639874
16.04844183363255
15.742630603059379
15.4501616819516
15.171335220153706
14.906382484465746
14.65550110413258
14.418815106072394
14.196390510057382
13.988227234589537
13.794264741124437
13.61436761798484
13.448346428132147
13.295943612812778
13.156876204599403
13.030784202934464
12.917276782779462
12.815920454171936
12.726231674139038
12.64769893179398
12.579781704009227
12.521907350286183
12.473472490053343
12.433844579621809
12.402383102796941
12.37842707666703
12.361338705404735
12.350464438973718
12.345180066908748
12.344913328183562
12.349131181371476
12.357364486512257
12.369250511299397
12.384488569999826
12.402903240325646
12.424422462490375
12.44908808037435
12.477047076593003
12.508588407172525
12.544093500629515
12.584067299470313
12.629129329184806
12.679996021990346
12.737489620281872
12.802550250272073
12.87621347383428
12.959614748834186
13.054024943635655
13.160811394295225
13.281487078067164
13.417695726157456
13.57125754855148
13.744152939733915
13.938595633720457
14.157055347655218
14.402352383907838
14.677748206946337
14.98718456825435
15.335552186343337
15.729332062744243
16.177599630681847
16.694269454128047
17.303408600645998
18.055943717779368
19.122054101369798
21.42164056956366
22.481378583258564
23.292574409128694
23.99569290630323
24.63381241119422
25.22644392363743
25.783956301950248
26.312300382792365
26.81497146928963
27.293993187727864
27.75043289243963
28.184712689762236
28.59680690977557
28.986367497110624
29.352806061489677
29.695400001422723
30.01328707697722
30.305569639053093
30.571274386164706
30.809428116821337
31.019057427526306
31.19917177896261
31.348822399603268
31.467081667450547
31.55303062666478
31.60580403427952
31.624530326749674
31.608368788597083
31.556487731156782
31.46804237978033
31.342165671360117
31.17794288451038
30.974357612000365
30.73023136692622
30.444148858124553
30.114302990915974
29.738358250218454
29.313113053114336
28.83409773408463
28.29469284682857
27.684659944124498
26.986768065590777
26.168401248162795
25.152457609969673
23.595066886418014
20.82979304531892
19.619678269891402
18.6623893431647
17.8316079321997
17.08171671974398
16.3901841152635
15.744005828846259
15.135013427304589
14.557726312202131
14.00835689116942
13.484186814263392
12.983264098661516
12.504143747768094
12.04579631449951
11.607490858866964
11.188748922925868
10.78927672392979
10.408937099899415
10.047717018798606
9.705721446618051
9.38313735273038
9.080240164825842
8.797377559809034
8.534960074073338
8.293439772661884
8.073312698546701
7.87510220824925
7.699337800554194
7.546573177389878
7.417353425639788
7.312220949221301
7.231690382344696
7.176259007854135
7.146402566922996
7.142549382794218
7.165081867859306
7.2143476755357305
7.2906345946236
7.394200736462831
7.52524855126188
7.6839455061694
7.870421073142509
8.0847565218857
8.327035279432783
8.597320130598066
8.895719609241748
9.222369044565834
9.577488331132539
9.961445200022805
10.37481278336436
10.818509006699902
11.293955695830796
11.80339483005002
12.35036136219681
12.94052772897064
13.583429238858832
14.296408267836956
15.115766373685068
16.14542548299828
18.459523461211298
19.722562569852553
20.542319672907634
21.19792718157509
21.75482044554534
22.241605435560327
22.673985201664156
23.06178225954439
23.41178405758986
23.728964224421524
24.017234483357512
24.279780650174594
24.519331278876326
24.73827594632941
24.93876274603501
25.12278915943357
25.292197521978128
25.44874518042835
25.59408166866363
25.729791925123887
25.857321108184497
25.97803036491145
26.093123051113736
26.203690022851816
26.310669500906833
26.414843731675063
26.51683413985319
26.617074666506184
26.715833026269067
26.81319142581494
26.909086729819137
27.003283448721323
27.095402450004226
27.184949705613846
27.271324097181473
27.35386599145586
27.4318805541852
27.50468195335319
27.57158922809893
27.632017242819813
27.685461409571623
