33.04677090000002
34.107684600000034
35.160222900000036
36.1895061
37.18150095
38.12364435000002
39.005155200000026
39.81819269999998
40.5592374
41.232477000000024
41.85782535000001
42.494266650000014
43.329044550000006
44.52160350000001
45.2327106
45.70142115000002
45.93717975
45.948005400000014
45.74111520000002
45.32328075
44.70105090000003
43.88088539999998
42.86937764999999
41.673165600000004
40.29919905000002
38.75460600000001
37.0466481
35.18312160000002
33.1719564
31.021438799999995
28.740122400000008
26.33700630000001
23.821312349999985
21.202574250000016
18.490771200000037
15.695926950000004
12.828599850000012
9.899392800000001
6.919176000000009
3.89895330000001
0.8498622000000319
0.0
0.0
0.0
0.0
0.0
0.0
0.0
0.0
0.0
0.0
0.0
0.0
0.0
0.0
0.0
0.0
0.0
0.0
0.0
0.0
0.0
0.0
0.0
0.0
0.0
0.0
0.0
0.0
0.0
0.0
0.0
0.0
0.0
0.0
0.0
0.0
0.0
0.0
0.0
0.0
0.0
0.0
0.0
0.0
0.0
0.0
0.0
0.0
0.0
0.0
0.0
0.0
0.0
0.0
0.0
0.0
0.0
0.0
0.0
0.0
0.0
0.0
0.0
0.0
0.0
0.0
0.0
0.0
0.0
0.0
0.0
0.0
0.0
0.0
0.0
0.0
0.0
0.0
0.0
0.0
0.0
0.0
0.0
0.0
0.0
0.0
0.0
0.0
2.352801000000014
5.179632150000007
7.991093549999995
10.78117095
13.544161950000017
16.27449780000002
18.967010700000017
21.616844700000016
24.21945570000003
26.770700550000008
29.26665885
31.703900250000004
34.079261699999996
36.390114749999995
38.634321000000035
40.809831149999994
42.91495229999999
44.94834795000001
46.908948900000006
48.79599780000001
50.6107866
52.287470400000025
53.889577500000016
55.417731599999996
56.87251185000002
58.25480925000001
59.56573755000002
60.80645504999999
61.97825370000004
63.082692750000014
64.1212869
65.09568450000002
66.00766755000001
66.85906260000002
67.65182985
68.38792950000001
69.0695445
69.69881325000003
70.27814145
70.810113
71.29757910000001
71.7437028
72.15227085000002
72.52778280000001
72.87603015000003
73.20458640000001
73.52418810000002
73.85047230000004
74.20811970000001
74.45933715000001
74.5965066
74.67977054999999
74.71135650000002
74.6931801
74.62675605000001
74.51333174999999
74.3537982
74.14891275
73.8990318
73.60451175000003
73.26535260000003
72.8815098
72.45267149999998
71.97852585000001
71.45853825
70.89212954999999
70.27858695
69.617064
68.90680334999999
68.14686945000003
67.3363713
66.47432880000002
65.55994005000002
64.5920022
63.56966880000002
62.49231615000002
61.359097800000015
60.16930094999999
58.92230190000002
57.61765515000002
56.25504885000001
54.834260250000014
53.355244800000015
51.818225250000005
50.16693495000001
48.515644650000006
46.86435435
44.84868960000001
42.76842735000002
40.62566145
38.42310945000001
36.163756199999995
33.85107660000003
31.488812850000016
29.081241749999993
26.632907400000015
24.148843949999996
21.63430830000002
19.09500285
16.536852750000016
13.966094999999981
11.389144800000013
8.812684650000007
6.243441600000014
3.688231800000011
1.1539605000000406
0.0
0.0
0.0
0.0
0.0
0.0
0.0
0.0
0.0
0.0
0.0
0.0
0.0
0.0
0.0
0.0
0.0
0.0
0.0
0.0
0.0
0.0
0.0
0.0
0.0
0.0
0.0
0.0
0.0
0.0
0.0
0.0
0.0
0.0
0.0
0.0
0.0
0.0
0.0
0.0
0.0
0.0
0.0
0.0
0.0
0.0
0.0
0.0
0.0
0.0
0.0
0.0
0.0
0.0
0.0
0.0
0.0
0.8420659500000239
3.3278223000000153
5.834873550000017
8.359878450000025
10.899718500000024
13.451631600000022
16.013033850000028
18.58160865
