5.682438825727672
5.493291321229899
5.329724840916602
5.192228540976121
5.081054301347993
4.996301225065093
4.937856305555633
4.9054469832717364
4.898619416803997
4.916789785207986
4.959224177705202
5.025086856691667
5.113442341252844
5.223280084946716
5.353534770135898
5.50310103897574
5.670838547473847
5.855587071322096
6.056183131463986
6.271468197763511
6.500315812011864
6.741621697873866
6.994328441221324
7.257434987602539
7.529985640178308
7.811099226414455
8.099950765072396
8.395810297043846
8.698026292110713
9.006051418285697
9.319446222457875
9.637888083674847
9.961208171534107
10.28934015917532
10.622436510789644
10.960812181992068
11.305026681233922
11.655943422801142
12.014816438515076
12.383446971169965
12.76447975483245
13.16186993414525
13.581778400578665
14.034633955393268
14.540456986443083
15.148954715318323
16.207081842393617
17.439652048995885
18.00656241467857
18.45524537964007
18.8413127538507
19.187773983625224
19.50723567087604
19.80772359865992
20.094886758349475
20.37298814890581
20.64535624734421
20.914738488635688
21.183420633229563
21.453354393382234
21.726213504248168
22.003471480333413
22.28638956156151
22.57600976932968
22.873257473374316
23.178806914893812
23.493190002978054
23.816780900268
24.14979096237696
24.492307042727962
24.844234720706353
25.205446655378072
25.575653309754877
25.95449525363739
26.341503036091854
26.736125888500723
27.13774200383344
27.545634906950692
27.95903440817453
28.37711561498521
28.799015261718267
29.223814422944
29.650598088701308
30.078403899102742
30.50626429023928
30.93318882643617
31.35818730626824
31.78027894376308
32.19848890517394
32.61185803710101
33.01945308424521
33.42035709574893
33.81369307214832
34.19859359139159
34.574246734821024
34.939877950143874
35.294747531997366
35.638162186385664
35.96948154174578
36.288122382226746
36.59354220363533
36.88528445361265
37.162921702457865
37.42611796267084
37.67458279406356
37.90810928377296
38.12652475069369
38.32975054997667
38.517698339459564
38.69038765811117
38.84788613680016
38.99031015055249
39.11782280124095
39.23062553333296
39.3289481321352
39.41303377653431
39.48314792584831
39.53957586323446
39.58260727631697
39.61253323548321
39.6296529106715
39.63424857058035
39.62660586784756
39.606985613774214
39.575633124813024
39.532768042587946
39.478620665271514
39.41339925541453
39.33730838039461
39.2505648492237
39.15337680307819
39.04597639488198
38.92858848503952
38.80144865272951
38.66482822917761
38.51897724771111
38.364198620973944
38.200786386080885
38.029058159609114
37.84936632656363
37.66206304720206
37.46755380993153
37.26626025048089
37.05862544599644
36.84515452201953
36.626405302586015
36.402974738953226
36.1755450421089
35.94482218487148
35.71160581117362
35.37753134490129
35.14337445445921
34.90954447268804
34.67705131211581
34.44696474059555
34.22037499362306
33.99845126204047
33.78237177504895
33.573341853023614
33.372596686191066
33.18132912784837
33.00070913535354
32.83185682518936
32.675807062895736
32.533488120738504
32.40564770233044
32.29284728488759
32.19537733533653
32.11324614002113
32.04614800038802
31.99342252016036
31.954047195428025
31.926662830084524
31.90957149065361
31.90077354787539
31.898057026619703
31.898992344217586
31.90101476828274
31.90145751634811
31.89753804210317
31.88640406139964
31.86505269472679
31.830346373078655
31.778938285457293
31.707128787915337
31.61074286318367
31.484825548883983
31.32315718156183
31.117277322048103
30.85438759016987
30.511906791544718
30.037301126455876
29.084361223153373
27.869839448540592
27.235115732185037
26.68241101755406
26.165811913351533
25.667979890751823
25.1804578046914
24.698556811648427
24.21953599875243
23.741726047579668
23.264182618818342
22.786362739994114
22.308056386969703
21.829246466898457
21.3501126253952
20.87090835241893
20.39202387990299
19.91388024065847
19.43696083822657
18.961803456538743
18.488956991483573
18.0189959524446
17.552520491222772
17.0901452515038
16.632495145659604
16.180174611927264
15.45398883793408
15.000708800609358
14.554837742075422
14.117109135589164
13.688214122689928
13.26887236548265
12.85978763167212
12.461671078222189
12.075165217491595
11.700965927034513
11.33968507772765
10.991942893525614
10.658331068422063
10.339406515498435
10.035722548298226
9.747808268648878
9.476171986416077
9.221302500298146
8.98366692776695
8.76370833449963
8.561855930630811
8.37850620508251
8.214032661872913
8.068785736275338
7.943090914640491
7.837232211010953
7.751485007878589
7.686065470106642
7.641153081721984
7.616905361824059
7.61342677877299
7.630771850418491
7.668971494763569
7.72800683604371
7.807834347036785
7.90837636495693
8.029539996880581
8.171209302363119
8.333278418791881
8.515642425168851
8.718192399929691
8.940871550786541
9.183631224413526
9.446485409005712
9.729481538069951
10.03274898367647
10.3565004049156
10.701072244136986
11.066963417719633
11.45486489681291
11.865753312861184
12.300976000699748
12.762382328044021
13.252548562203062
13.77514314665384
14.335489747475574
14.941751936304035
15.607272173098426
16.356364516219486
17.243015550570828
18.460779640478307
20.908129981746324
21.970004113984523
22.758525273229463
23.417341179511006
23.993266206737044
24.508527805786954
24.975612352057027
25.402206975720674
25.793324879969987
26.152315336028295
26.481452214073435
26.7822559527703
27.05571010146801
27.302416254930808
27.522691213222092
27.716661520395007
27.884297917737562
28.025499125315132
28.140094425925383
28.227896163971206
28.288702589307995
