0.0
0.0
0.0
0.0
0.0
0.0
0.0
0.0
0.0
0.0
0.0
0.0
0.0
0.0
0.8850017411724116
6.629756531356577
9.86801087551964
12.102295541204722
14.009097834217162
15.745243941618355
17.37859675832927
18.94575973626723
20.46871055554845
21.961320311108928
23.43235978707993
24.88704125365231
26.32814001696044
27.7564660416366
29.171349700508145
30.571015048630315
31.952798544231683
33.31350275264108
34.64928193080093
35.9564246147733
37.23087905828315
38.46871911470046
39.666172549975755
40.81972696042199
41.92617106223871
42.98267381136981
43.98678771481798
44.93651628024254
45.83023361344802
46.66675364165654
47.4453522080373
48.1660921351246
48.82775481514754
49.431921703469826
49.97888240556096
50.46959090472112
50.90526834566758
51.28738221536601
51.61757605864547
51.89769644629085
52.12995452683778
52.31571089072227
52.4579046741795
52.55858701188882
52.62004771356758
52.644629558469894
52.6346427066954
52.59238962315883
52.520123272786336
52.420059625476284
52.29431000439777
52.14489074816365
51.97372392283115
51.782557016227805
51.573020409049704
51.34659120219584
51.10455887494079
50.84794350916941
50.577694189860885
50.29447580603379
49.99875665171372
49.690768664896446
49.37050207902426
49.03767504377494
48.69173905548086
48.33188705535726
47.95700407877932
47.56572258091933
47.15632147169391
46.72678975191245
46.27476451722252
45.79749074343075
45.291725027352086
44.75371396844711
43.838349714225195
43.226100215370494
42.5675188014786
41.85518035695787
41.0797736792624
40.22917230965355
39.286961817820384
38.229137096917285
37.017110105007276
35.577482888259134
33.72105095895084
29.33686683453263
26.382940701337404
24.49071553824748
22.8983798055773
21.459401439679056
20.112560769276833
18.82526400097427
17.577754396888672
16.357096305248064
15.15440123690431
13.963312291963632
12.779174006361178
11.598936160565327
10.41994233109033
9.240636220653322
8.059750274381043
6.877517606998033
5.030590705631398
3.252734437553331
1.5345869965478312
0.2241502493157611
0.0
0.0
0.0
0.0
0.0
0.0
0.0
0.0
0.0
0.0
0.0
0.0
0.0
0.0
0.0
0.0
0.0
0.0
0.0
0.0
0.0
0.0
0.0
0.0
0.0
0.0
0.0
0.0
0.0
0.0
0.0
0.0
0.0
0.0
0.0
0.0
0.0
0.0
0.0
0.0
0.0
0.0
0.0
0.0
0.0
0.0
0.0
0.0
0.0
0.0
0.0
0.0
0.0
0.0
0.653820132628174
4.857268463141969
8.020639411678015
9.80712237946358
11.236830242434927
12.472900110360523
13.581934295756867
14.598730566303
15.543755801582916
16.42982937037462
17.265151016003205
18.054952223537672
18.802405892720195
19.50919655686609
20.17594586222946
20.802447258427193
21.387904721066693
21.931096420197616
22.430382481901244
22.88398236828006
23.2899513952243
23.646237297258832
23.95077750178094
24.20151059848822
24.39640582309117
24.533509514194876
24.610944517280444
24.626973870666234
24.579805575604627
24.467918177351724
24.28969155022518
24.04359302652393
23.728005988429388
23.341232057050455
22.881332576981443
22.346016602468804
21.732363327020146
21.036576780078214
20.253376870474412
19.375208863034608
18.39060011167104
17.281129235582878
16.014323266308132
14.523984720729079
12.63018867355893
8.271254565086709
5.344718103656576
3.525794067651908
2.0442755811734834
0.7561251621752183
0.0
0.0
0.0
0.0
0.0
0.0
0.0
0.0
0.0
0.0
0.0
0.0
0.0
0.0
0.0
0.0
0.0
0.0
0.0
0.0
0.0
0.0
0.0
0.0
0.0
0.0
0.0
0.0
0.0
0.0
0.0
0.0
0.0
0.0
0.0
0.0
0.0
0.0
0.0
0.0
0.0
0.0
0.0
0.26418873596954767
1.155411145337422
2.210914954330058
3.770330983836435
6.303562935556208
7.359060150195308
8.16205818197992
8.830899679703858
9.409913523730639
9.921691403253122
10.379618418064759
10.792480981374302
11.166462943749512
11.506154574236522
11.815142327831389
12.096380009659615
12.352363803683657
12.585305057752475
12.7972350484707
12.990072056354911
13.165613787914559
13.325643937879349
13.47189883812668
13.60607226422094
13.72985844835846
13.84487628233855
13.952700814373149
14.054805464782456
14.152531350362452
14.247049215123631
14.339310313064612
14.4300490936568
14.519674388392954
