0.0
0.0
0.0
0.0
0.0
0.0
0.0
0.0
0.0
0.0
0.0
0.0
0.0
0.0
0.0
0.0
0.0
0.0
0.0
0.0
0.0
0.0
0.0
0.0
0.0
0.0
0.0
0.0
0.0
0.0
0.0
0.0
0.0
0.0
0.0
0.0
0.0
0.0
0.0
0.0
0.0
0.0
0.0
0.0
0.0
0.0
0.0
0.0
0.0
0.0
0.0
0.0
0.0
0.0
0.0
0.0
0.0
0.0
0.0
0.0
0.7063450741994177
3.7024100147798755
5.599714960483862
6.868176528561198
7.9551344246388265
8.954549391856919
9.907703883110456
10.83732468621643
11.757932750622931
12.679539652433153
13.609363959131539
14.552686984621886
15.51334913769901
16.49399668110562
17.4962368732017
18.52076310951429
19.5673084887306
20.634860059198097
21.7216022688186
22.824953541014896
23.941608767505965
25.067622779871517
26.198499936534617
27.32902963971551
28.453727685303893
29.566691902115757
30.661717685327048
31.73239631340676
32.77221545309397
33.77462980225736
34.73338562884559
35.64170130031833
36.49385567754252
37.283882832465615
38.006217551175055
38.65567707684434
39.22742496350389
39.71698657607997
40.1203139705527
40.43369184364461
40.65378835598173
40.77760528992998
40.802444214682396
40.725894534090486
40.54577435362715
40.260063881167724
39.86683190737634
39.364524907485325
38.7500803448406
38.02222205060933
37.17782878327762
36.213342734086595
35.1239687307724
33.903025776151594
32.540853536637066
31.022926420215143
29.326198567213403
27.41125525241197
25.202067576398512
22.51370631642265
18.445308330180303
11.548233589408076
8.596537959348348
6.291229272074793
4.322248352034493
2.577782529973208
1.0035591856252357
0.0
0.0
0.0
0.0
0.0
0.0
0.0
0.0
0.0
0.0
0.0
0.0
0.0
0.0
0.0
0.0
0.0
0.0
0.0
0.0
0.0
0.0
0.0
0.0
0.0
0.0
0.0
0.0
0.0
0.35500918708728363
2.031475746043668
4.031514930388188
6.726992646822979
12.578222473537796
15.275052245278854
17.25745632187101
18.928836312650834
20.40624754968775
21.742388050870687
22.965509113753665
24.09213409411639
25.132273613850842
26.091920597735744
26.974470063304402
27.781517774405714
28.513334389350717
29.16927497776505
29.748006105685494
30.2476598951723
30.666008490902094
31.000515768676976
31.248463077344965
31.406941864383107
31.472905418913584
31.443166108849997
31.31438548443119
31.082970378144985
30.74503025477997
30.296205449627912
29.73146010096641
29.044650106975133
28.227996281904005
27.271043179390645
26.158851007749288
24.868555115753562
23.36173189744117
21.564140012988624
19.29021838170403
15.420403590822627
9.853979972199436
7.3261731057425115
5.280591289179371
3.490428110673804
1.8711688077932196
0.3818256962894975
0.0
0.0
0.0
0.0
0.0
0.0
0.0
0.0
0.0
0.0
0.0
0.0
0.0
0.0
0.0
0.0
0.0
0.0
0.0
0.0
0.0
0.0
0.0
0.0
0.0
0.0
0.0
0.0
0.0
0.0
0.0
1.4356916057518538
4.295300356613434
10.814007982687706
14.019538991356978
16.403433467770665
18.472868268455905
20.367494649501204
22.149908819157556
23.854102934753207
25.500338218565844
27.10114508751203
28.664150272020656
30.193662404574084
31.691499449145674
33.15762480053741
34.59046417746144
35.987253432839516
37.34424422751573
38.656917435945005
39.920106367028396
41.12823622795089
42.275366289408424
43.35538839327916
44.362103751358745
45.28930253748807
46.13123029081265
46.880934631161466
47.53365987930651
48.083580097763836
48.52543359602689
48.85421769703729
49.06518686288
49.15382503781436
49.11576334693117
48.946771564959555
48.64262624823367
48.19902880843414
47.611419099302914
46.874805841102024
45.983405086221325
44.930258869797484
43.70654711734845
42.300591657477696
40.69622131996316
38.86911444711788
36.781878897859826
34.36876301376251
31.49614417895139
27.784130824563672
19.1418934324876
14.336696277843842
11.080205220295214
8.377228334672544
5.999286870073648
3.85204433644088
1.8881218530223465
0.08163552809599196
0.0
0.0
0.0
0.0
0.0
0.0
0.0
0.0
0.0
0.0
