21.661950200000003
23.2027862
24.732187699999997
26.24388800000003
27.731976799999998
29.1909299
30.615549799999997
32.00132209999999
33.3442076
34.64076109999999
35.88822050000001
37.08441770000002
38.22780829999997
39.317501299999975
40.3531403
41.33490350000001
42.26347399999999
43.13998039999998
43.9659374
44.74315670000001
45.473747000000024
46.159935799999964
46.804217899999976
47.40911779999998
47.977159999999984
48.5109581
49.013066300000006
49.48600909999996
49.93219219999998
50.353991599999986
50.7536051
51.13320079999999
51.4947686
51.840149900000014
52.17103759999999
52.48900580000001
52.79542069999998
53.09147029999996
53.37813469999999
53.65621579999997
53.926367
54.18897439999999
54.4443053
54.69244880000001
54.93337520000001
55.166935999999986
55.39286389999999
55.61092129999998
55.82093
56.02274149999999
56.2165043
56.402753000000025
56.582645899999974
56.75841050000001
56.93381870000002
57.11540450000001
57.24976729999998
57.320453300000004
57.36304309999998
57.37501220000002
57.353836099999974
57.29693090000001
57.201683
57.06550849999999
56.88585319999999
56.66019259999999
56.3860319
56.06096540000001
55.68273589999998
55.2491456
54.7581155
54.20783389999998
53.596518800000005
52.922714899999995
52.18514509999999
51.38271050000001
50.51469829999997
49.580573900000005
48.58012939999997
47.51351329999999
46.38114139999999
45.1838156
43.922694199999995
42.599291900000004
41.2154501
39.77342599999996
38.275862899999986
36.725730799999994
35.12635609999999
33.4814513
31.795055600000016
30.0714458
28.3153145
26.531502799999988
24.725237899999986
22.90177670000001
21.06667310000001
19.225599800000015
17.38428889999999
15.548531899999993
13.724120300000013
11.916815900000017
10.13235080000001
8.376278899999985
6.654005600000009
4.970787800000022
3.3316151000000027
1.7412098000000134
0.2040268999999978
0.0
0.0
0.0
0.0
0.0
0.0
0.0
0.0
0.0
0.0
0.0
0.0
0.0
0.0
0.0
0.0
0.0
0.0
0.0
0.0
0.0
0.0
0.0
0.0
0.0
0.0
0.0
0.0
0.0
0.0
0.0
0.0
0.0
0.0
0.0
0.0
0.0
0.0
0.0
0.0
0.0
0.26981239999998535
1.2494669000000063
2.22181519999999
3.1843624999999833
4.134881300000003
5.071262900000006
5.991695600000012
6.8945459000000096
7.778388200000008
8.641975099999993
9.48432649999999
10.304551400000012
11.10199639999998
11.876156600000026
12.626705299999964
13.35343459999998
14.056285100000014
14.735316200000002
15.390676399999986
16.022633000000013
16.631542399999987
17.21782039999999
17.78197189999998
18.3245612
18.8461823
19.347488600000002
19.82916319999998
20.291918899999988
20.736498199999964
21.16364359999998
21.574097600000016
21.96863239999998
22.348020199999986
22.713033199999987
23.064384200000006
23.402875099999992
23.729278099999977
24.044305999999985
24.348731000000004
24.643295599999973
24.928742300000003
25.20587300000001
25.475370800000004
25.73803760000002
25.994586199999993
26.245818499999967
26.49250669999998
26.735393300000002
26.975280200000007
27.21293960000002
27.449084299999974
27.684545899999968
27.92003720000001
28.156300700000006
28.3940492
28.633995499999983
28.876793000000024
29.12306540000003
29.37346609999999
29.6285297
29.888790799999974
30.154724599999973
30.426746900000005
30.70524380000002
30.990542000000005
31.282908799999994
31.582552099999972
31.88962039999998
32.20420280000002
32.52635870000001
32.85602869999998
33.19315339999999
33.53764369999998
33.889262
34.247770700000004
34.612932199999975
34.9843901
35.3617583
35.7445913
36.13241389999999
36.524691499999996
36.920919199999986
37.32044360000002
37.722641
38.12688770000001
38.53247089999998
38.93867779999997
39.344795600000026
39.750022400000006
40.15364539999998
40.55489240000001
40.952961499999994
41.34708049999999
41.736477199999975
42.120438799999995
42.49813370000002
42.86890849999999
43.232020699999985
43.586757499999976
43.93252490000003
44.26861009999997
44.59444879999999
44.90950640000001
45.21327799999999
45.50525869999998
45.785092099999964
46.05242179999998
46.30701020000001
46.5487088
46.7774285
46.99334749999999
47.19661429999998
47.38779320000001
47.5675376
47.736887000000024
47.897415499999994
48.0511427
48.20103860000001
48.312205700000014
48.36510140000001
48.39497959999999
48.401394800000006
48.38390149999998
48.342143299999975
48.27567469999998
48.184228399999995
48.067447999999985
47.9250959
47.756934500000014
47.56278559999997
47.34258979999997
47.096228299999986
46.82376050000002
46.5253052
46.2010109
45.851204300000006
45.47624179999997
45.0766283
44.65292809999998
44.20591339999999
43.73638609999999
43.245355999999994
42.733862599999966
42.203153300000004
41.65459430000002
41.0896706
40.50998600000002
39.91723339999998
39.31328389999998
38.70003829999999
