29.463881895103114
29.54402817802818
29.698240513859172
29.924085297918673
30.21710366706103
30.571393269807942
30.98008489475744
31.43592103531754
31.93160018804672
32.46006825645718
33.014676303473145
33.589273889292464
34.178230932513266
34.77644323641383
35.37932906547176
35.98275673589479
36.5830633108609
37.17695344000641
37.7615130430626
38.334163736319574
38.89261341228371
39.43485207572939
39.959107422988566
40.463829690477496
40.947669754785316
41.409453147817764
41.84817562550299
42.26297624688776
42.65313847041164
43.0180279853355
43.35713172180207
43.67002930290966
43.95637849801227
44.21589137217832
44.448365735635015
44.65362503298309
44.831544547195534
44.981991896317005
45.10487091275958
45.200115953582056
45.06311283817616
45.09674882374651
45.102814287071034
45.08128103063899
45.03208346681857
44.95513308455517
44.85032013279485
44.71751164410862
44.55649141894331
44.36701581860504
44.14875294643498
43.90129201193361
43.624117988271074
43.3165999316092
42.97797093765985
42.60729347575401
42.20342092837609
41.764930574463946
41.29003402023109
40.77646019634488
40.22123638639944
39.62038195924124
38.96834983957133
38.25709612183121
37.47415776850535
36.59857316038144
35.58996066702886
34.34838324405118
32.29202620842977
29.388532023835488
28.096930165351115
27.070629415136136
26.18615743178064
25.395734634686374
24.67501460060493
24.009737999359587
23.390841622446295
22.812262589810185
22.269812746904236
21.760521787081935
21.282269182685436
20.833526858580026
20.413212290486467
20.020572257498053
19.655080112803095
19.316395465843772
19.004321663240347
18.718747244159978
18.45965499453702
18.22709317156629
18.02113996074178
17.841919210488662
17.689584674862594
17.564307262947334
17.466253674555084
17.395621597512797
17.352584324931918
17.337333098308005
17.350041420890594
17.390875816373935
17.459986895845162
17.557524392403764
17.683635547822945
17.838473755553814
18.022222612564537
18.23509484593526
18.477364541330285
18.749387300247427
19.05166087700622
19.38481773523408
19.749783884093862
20.147790005897054
20.439161978639863
20.920267301796002
21.442659837009188
22.01172733090446
22.63586712087978
23.329022016483428
24.116874024583787
25.056529856268536
26.349461175363178
29.00122852304808
30.16732474205185
31.03512470050101
31.76424911583989
32.405835983950325
32.98410948776881
33.512728031560016
34.00021603571293
34.45230854905566
34.87301022767393
35.26523209419061
35.63112471848013
35.97234639068854
36.29013692904306
36.585479975678666
36.745928524078316
36.99436252714565
37.22226633680227
37.42998732061563
37.617759656528165
37.7857563502185
37.93406016908438
38.06268588614105
38.17158857626056
38.260667357756475
38.32977563922017
38.378732142510586
38.40729632536151
38.41520605311918
38.402144793902664
38.36774115125183
38.31158151282316
38.233172511114724
38.1319468812482
38.00725640379533
37.8583226346053
37.68425594279475
37.48400663084856
37.25630753272501
36.99963412223025
36.71211863972884
36.391394663754674
36.034455085599404
35.63728329359884
35.19434967408886
34.6975924545848
34.1343874631161
33.48281382021793
32.69746333368691
31.642182029229847
29.192239450419137
27.94771861951119
27.04807947434655
26.284625179388087
25.600779749979306
24.97125639230861
24.38224430589983
23.825348569873324
23.295090782720447
22.787711005489488
22.30054371695564
21.83165578975939
21.37960090571974
20.943304662252572
20.521924084360357
20.114819557831517
19.721501769631303
19.34157178779291
18.9747236063764
18.62068630899822
18.279234701395563
17.950168768916935
17.633292554056844
17.328420498850175
17.035368897880975
16.7539556724847
16.483982029116746
16.2252403886259
15.97750122380504
15.740503848156557
15.513982871044819
15.297648964145258
15.09113228665947
14.586005209451024
14.39350091776334
14.21028860909194
14.03607881775914
13.870591940186957
13.713557478092556
13.564729988702819
13.423850806964685
13.290695027945903
13.16503578655656
13.04667345752318
12.935437472878952
12.831163317589976
12.733735824353545
12.64304752767701
12.558993764206988
12.48166034794559
12.410932800974207
12.346875725138577
12.289557493122093
12.23907922182429
12.195564598030977
12.159184571616857
12.130124594235205
12.108612882192507
12.094881279041974
12.089207506817012
12.091855066376972
12.103136215690176
12.123369966987473
12.152888135779854
12.192039147005756
12.2411678928517
12.300613015006466
12.37073157295564
12.45183699114488
12.544272734930857
12.648358732489971
12.764445029390505
12.892854711921728
13.033955697630462
13.188109141522197
13.355686285744557
13.53709247322828
13.732749588846
13.943127023862134
14.168725301413561
14.410115481287058
14.667983291474544
14.943112950600522
15.23649564688114
15.549361918144928
15.88328449517747
16.240323477672945
16.623255000950703
17.035954140714534
17.483961336307406
17.97574103595858
18.525287127846195
19.15901511344731
19.940870705084006
21.229157019331105
23.054227381791847
23.862103546893067
24.506573799078296
25.065406866218883
25.568587563213725
26.031476666908194
26.46313612803206
26.869366688679715
27.254131833175762
27.620227887933307
27.969640775954463
28.30384332407594
28.62392230794887
28.930671442549603
29.22465937214023
29.50629176239693
29.775841118325165
30.033443191371916
30.279145502311707
30.512921068685404
30.734657979884737
30.9441956634684
31.141343471600408
31.32585441337521
31.49750212125673
31.656024041619567
31.80118763518019
31.93277282409984
32.05056028770718
32.15440006462636
32.24413961618207
32.31970044170697
32.38105674854829
32.42822645640346
