0.0
0.0
0.7730580000000249
2.3851888500000102
4.005026849999998
5.627448750000019
7.247153100000002
8.858526599999994
10.455955950000028
12.033649650000005
13.585682549999998
15.106174050000014
16.589288100000008
18.02918864999999
19.420217850000004
20.756896050000012
22.034055450000032
23.24679555000002
24.39066135000002
25.461777000000005
26.456890350000016
27.37377390000001
28.21140300000002
28.970579550000004
29.65517940000003
30.27402345000001
30.84555540000001
31.409291100000004
32.05940925000003
33.056349150000024
33.65893245
34.084206750000014
34.34130480000002
34.43775555000002
34.38024150000003
34.17473235000004
33.82688595000001
33.34209285
32.725654500000026
31.982961450000012
31.11940425000001
30.140418000000018
29.05157145000001
27.85865610000001
26.56750799999999
25.184141400000037
23.714615100000017
22.165210650000006
20.542254150000034
18.852160799999996
17.10139035000001
15.29644709999998
13.443746249999991
11.549703000000012
9.620777100000009
7.6631610000000165
5.682958050000008
3.686182500000027
1.6785367500000117
0.0
0.0
0.0
0.0
0.0
0.0
0.0
0.0
0.0
0.0
0.0
0.0
0.0
0.0
0.0
0.0
0.0
0.0
0.0
0.0
0.0
0.0
0.0
0.0
0.0
0.0
0.0
0.0
0.0
0.0
0.0
0.0
0.0
0.0
0.0
0.0
0.0
0.0
0.0
0.0
0.0
0.0
0.0
0.0
0.0
0.0
0.0
0.0
0.0
0.0
0.0
0.0
0.0
0.0
0.0
0.0
0.0
0.0
0.0
0.0
0.0
0.0
0.0
0.0
0.0
0.0
0.0
0.0
0.0
0.0
0.0
0.0
0.0
0.0
0.0
0.0
0.0
0.0
0.0
0.0
0.0
0.0
0.0
0.8196127500000204
3.397944000000016
5.986655399999986
8.580222750000008
11.173077299999994
13.759605749999997
16.334239349999994
18.89158755000001
21.426259800000015
23.93295465
26.406548850000018
28.842097349999996
31.234788750000007
33.579945300000006
35.87329020000001
38.11076940000002
40.288373400000005
42.40240455000001
44.449343400000025
46.425982350000005
48.32920290000002
50.15633205
51.86072595000002
53.46661980000002
54.989917950000006
56.429194800000005
57.783336599999984
59.051541450000016
60.233319300000026
61.328491950000014
62.33741580000001
63.26084820000003
64.1003484
64.85827755
65.53864515000001
66.14759910000002
66.6953859
67.19951370000001
67.69272675
68.24318655000002
68.96262450000002
69.33822555
69.57238035
69.67649370000004
69.65960924999999
69.52925595000002
69.29158170000001
68.95193250000001
68.51503064999999
67.98501930000003
67.36581885000004
66.66090420000002
65.87375025000001
65.00778735
64.0657776
63.051329550000005
61.967517150000006
60.81759255000001
59.604718800000015
58.332237150000026
57.00357795
55.62208245
54.191359199999994
52.714972200000005
51.19653000000001
49.69824667500002
48.19996335000002
46.35817725000001
44.48783460000002
42.5945487
40.684021950000016
38.761956749999996
36.83414460000001
34.90624335000001
32.984044500000024
31.073116800000008
29.17902900000001
27.3072162
25.462890750000007
23.65113135
21.876838500000016
20.14468995000002
18.458962500000005
16.823799300000026
15.242987100000011
13.71991170000003
12.257647050000003
10.858955250000033
9.526063799999987
8.260888350000004
7.064899050000017
5.939076000000014
4.883953800000008
3.899576999999987
2.98545555000001
2.140475700000013
1.362989100000008
0.6505900500000239
2.6400000008379722e-05
0.0
0.0
0.0
0.0
0.0
0.0
0.0
0.0
0.0
0.0
0.10133310000000335
0.8417986500000001
1.666463700000011
2.5717642500000353
3.55409175000001
4.6100603999999965
5.736284399999998
6.929199749999994
8.185287000000002
9.500803950000007
10.871830200000002
12.294445350000005
13.764372600000023
15.277335150000024
16.82887799999999
18.414278850000002
20.028859950000005
21.66772080000002
23.32591635
24.998367900000012
26.680041300000006
28.3658133
30.050605200000007
31.729516500000038
33.3976467
35.050228950000005
36.6827637
38.29097415000001
39.87093990000001
41.418963299999994
42.93183675
44.40670905
45.84117450000004
47.233406549999984
48.582024149999995
49.886225400000015
51.131754300000026
52.30248375000001
53.429821499999974
54.515193149999995
55.560648
56.56868085
57.542276550000025
58.48491
59.40050160000003
60.29323905000001
61.16771100000004
62.02886250000002
62.88181680000001
