21.539712907202446
21.473344050263638
21.405537151139246
21.336590443138707
21.267006645614046
21.197458741063944
21.128756249003942
21.061813437393358
20.997601675762464
20.937156798492126
20.8815000303356
20.831653495045185
20.78860242191838
20.753279438933173
20.726541213121237
20.709163894398113
20.7018354930029
20.705159010192975
20.71965099247485
20.745718233868708
20.783674554792707
20.83373634509519
20.895993242052246
20.970455917356116
21.057026883053723
21.15553122631544
21.265698327019788
21.26439344179299
21.399634804634196
21.545378591942725
21.700988840979054
21.865749301060987
22.038856180404146
22.21943443893647
22.406518606235686
22.59904599833276
22.79588360619323
22.99576826720488
23.19733097325986
23.399079448638396
23.599367139511084
23.796346012564587
23.987967828368724
24.171946660521034
24.345737128160046
24.506505939058417
24.65115955523255
24.776332376775063
24.87859376938913
24.954601243630094
25.00138231039332
25.01670430411708
24.999252571405815
24.948848115782422
24.866352789709044
24.7535473858393
24.612798764911606
24.44681562268869
24.25836850396316
24.050124144770177
23.82454251155571
23.583832393404375
23.329959828702965
23.064641829529297
22.789362933328462
22.505427868117668
22.213984392919947
21.916035859954267
21.612492209739088
21.30419748585837
20.991892367972607
20.676283080053675
20.35802546253222
20.03773485526969
19.71599325866924
19.393367432551933
19.070409884718778
18.747667125444494
18.425676821074457
18.104967879211564
17.786071927438922
17.469497221500028
17.155743851909016
16.845296174540305
16.53862121266549
16.236173343110195
15.938404227799325
15.645731088470207
15.358572753485895
15.077293920475991
14.802245423898821
14.533718921161677
14.272005308152425
14.01735196829416
13.769996527239496
13.530156494780698
13.298058028136154
13.073911292352777
12.857951989021876
12.65040395196026
12.451502181496288
12.261487385079112
12.08058824864324
11.909048060448491
11.747075764615344
11.594901940358389
11.452722156394211
11.320731039158096
11.199106205581304
11.088032707478765
10.987684975443695
10.89820827462171
10.819781212455164
10.752536438194854
10.696621181632903
10.652161250880686
10.619285784026282
10.59809760015121
10.588720605620274
10.591270944870393
10.605854111777852
10.63260174346126
10.671629623561135
10.72305114190635
10.78696053764797
10.863449990385718
10.952586094591261
11.054411139796066
11.168966150122264
11.296249791467435
11.436289336636571
11.589096634406026
11.754690495511245
11.933083586819894
12.124281361069611
12.328282320298667
12.545056007442254
12.774603958708
13.016921671254861
13.272030562641545
13.540009248908309
13.820975802887911
14.115151814445117
14.422883584007554
14.744683719245627
15.08132866978166
15.433948094178234
15.804245438515762
16.1947757072117
16.609454214804277
17.05464068107637
17.541424099260286
18.091906323424553
18.763870275549607
20.19932220412931
21.23473268400944
21.826073527547315
22.292270642427876
22.687441726957314
23.03416184824795
23.344558651409766
23.626126361181857
23.883897676852484
24.12148823317432
24.341583860216105
24.546300006139788
24.7373325841114
24.916061983549366
25.083647668645472
25.24105711795323
25.389116652294007
25.52853856058314
25.65993287741399
25.783851276670866
25.900758780918288
26.011102004246084
26.115259858342938
26.213601387971625
26.306474831897255
26.394215159643352
26.47714111802603
26.555602490808752
26.62990683740809
26.700385739648908
26.767324475596492
26.831005913495375
26.89167693406753
26.949551033417507
27.00484655430531
27.057734211467427
27.108370377334705
27.15688679005888
27.203389709858303
27.247971960664604
27.290688480808903
27.331565958378782
27.370633726354626
27.407891848982455
27.443337186891597
27.476984377934386
27.508806491667983
27.538779384795227
27.56687262230319
27.593020332920116
27.61716170258799
27.639231453339473
27.65916879067705
27.67691464365878
27.692404481772964
27.705581401052495
27.716383518885642
27.724746862498005
27.730601897818065
27.733886427504274
27.734538580833707
27.732493535865903
27.727731303204216
27.72024210847748
27.710058847895958
27.697238962335643
27.681887904785665
27.664151017645686
27.64417949756338
27.62215365584758
27.601155326043095
27.572701819746843
27.545672922243295
27.517401597098146
27.488125316862654
27.458102392785896
27.42760632736341
27.396946272903598
27.36642833484963
27.33638209579587
27.307164576116264
27.279147025105637
27.252713960377083
27.228228751102197
27.20609530253981
27.186670859424147
27.170338060576686
27.15741748446666
27.148236489916336
27.143063118204054
27.142141422204492
27.145667736618126
27.153801366798625
27.16666276995564
27.18430085163337
27.206734199899657
27.233929669686283
27.26580281539512
27.302226603498355
27.34304451878391
27.38802802753592
27.43691488902354
27.48936716111396
27.54500513705699
27.603417215104965
27.66416407399004
27.726770137044724
27.790750871857565
27.855604913446356
27.920811265274644
27.985868336749064
28.050254738311114
28.113460807433118
28.174956747154585
28.23425713737397
28.29085431949491
28.34427266340407
28.394068879064207
28.439824092811815
28.481134784497353
28.51767626860831
28.54916830770795
28.575373203641174
28.59613774972698
28.61134518796169
28.620951978982507
28.624952318235593
28.623427501735595
28.616483104952387
28.60433291491776
28.587250505812904
28.565579700272696
28.539769370293836
28.510366572669206
28.47802227586903
28.443484435321565
28.407572271750066
28.371220044971384
28.335403996573547
28.30116011889578
28.269537615736755
28.241628833293106
28.21846040136903
28.201029469368063
28.190201536576925
28.18671603420551
