51.25081280000001
50.683097299999986
50.109857599999984
49.53281629999999
48.95369599999999
48.37427869999996
47.79631670000003
47.2215623
46.651767799999995
46.088655800000005
45.53391920000001
44.98916179999996
44.4560765
43.936118599999986
43.4308622
42.94170319999997
42.469978099999985
42.01705309999998
41.58411620000002
41.17232569999999
40.7827805
40.416430999999996
40.074287000000034
39.75712069999998
39.465734000000005
39.20086940000001
38.96312090000001
38.75305280000001
38.57114030000001
38.41788829999999
38.28863389999999
38.10811730000001
37.99617799999997
37.94452969999999
37.94735120000001
38.00036569999999
38.10027650000001
38.24455909999997
38.43110480000001
38.65816129999999
38.92415450000001
39.227718200000005
39.56754559999999
39.942419
40.35112069999999
40.792522100000006
41.26540550000002
41.7686126
42.300896
42.8610974
43.447910000000014
44.0600864
44.696319799999955
45.3553034
46.035641299999966
46.73599700000001
47.45497459999998
48.1911782
48.943211899999994
49.70967980000001
50.48921569999999
51.28039399999999
52.08187820000001
52.892272399999996
53.710269799999985
54.53453389999998
55.363757899999996
56.1966944
57.032066299999975
57.86871530000002
58.70545340000001
59.54115200000001
60.37471219999999
61.205035100000025
62.031199999999984
62.85213770000002
63.66695719999998
64.47470809999996
65.27458849999998
66.06567770000001
66.84717380000002
67.61827490000002
68.37820879999998
69.12614390000002
69.86139709999999
70.58310710000003
71.2905908
71.98307600000001
72.65979050000001
73.32512989999996
73.95521539999999
74.5674809
75.16112450000003
75.7354928
76.28984330000002
76.82352259999999
77.3358476
77.82619460000002
78.29396959999997
78.73863800000002
79.15975430000002
79.55699179999996
79.93008319999998
80.27905819999998
80.60409499999999
80.90575790000001
81.18496759999996
81.4432982
81.68321480000002
81.9084002
82.12440829999997
82.33982239999997
82.49253979999999
82.56331490000001
82.59447019999998
82.58556019999997
82.53622849999998
82.44617809999997
82.3152605
82.14335689999999
81.93043759999998
81.67659169999999
81.38196769999999
81.0468032
80.6714546
80.25639709999999
79.8021653
79.30935319999999
78.77867359999999
78.21098779999997
77.60718680000002
76.96819130000004
76.2951596
75.5891609
74.85141290000001
74.08322239999997
73.28598529999998
72.50861749999997
71.61868670000003
70.70247140000001
69.76178329999999
68.79834500000001
67.81408699999996
66.81093979999999
65.79086359999997
64.75587799999998
63.70803230000002
62.649435200000006
61.582195399999996
60.50845129999998
59.43034129999998
58.35006320000002
57.26972569999999
56.19158599999998
55.117752799999984
54.050364500000015
52.99161889999996
51.94356529999996
50.90834209999999
49.88799860000001
48.88452469999998
47.89991029999998
46.93608590000001
45.99495229999997
45.07826179999997
44.1878558
43.32533810000002
42.492401600000015
41.69053130000003
40.92124189999997
40.18592929999997
39.485870599999984
38.82231319999997
38.19635599999999
37.609097899999966
37.0614893
36.55430239999998
36.088368799999984
35.66425279999999
35.282548399999975
34.94361200000001
34.64779999999998
34.39529059999998
34.18614319999999
33.94477129999998
33.75394880000002
33.6709076
33.67729309999999
33.76152229999997
33.91581379999999
34.13458399999996
34.41349669999998
34.74919579999997
35.13874099999999
35.57963749999998
36.069509299999986
36.606218
37.18762520000002
37.81168159999999
38.47639729999999
39.1796933
39.91960939999998
40.6940963
41.50110469999996
42.338644699999996
43.20469670000001
44.09721140000001
45.01419889999998
45.95360990000002
46.91351390000002
47.89192099999998
48.88690070000001
49.89646309999999
50.91879650000001
51.95200009999998
52.99423249999999
54.043771099999994
55.09880420000001
56.157698299999986
57.21876049999998
58.28038700000002
59.34100369999999
60.39912560000002
61.453238
62.50197469999999
63.543939800000004
64.5777671
65.60220919999998
66.6160187
67.6179482
68.60686910000001
69.58162309999999
70.54111129999998
71.48426449999998
72.41004319999996
73.32129859999996
74.19198379999996
75.04235419999998
75.87151880000002
76.6786163
77.46275569999996
78.22313510000002
78.9589229
79.66934690000001
80.35375369999996
81.01140079999999
81.64166449999999
82.2440399
82.81796269999997
83.36304679999998
83.87896550000002
84.36548120000002
84.82247509999996
85.24997690000001
85.6481945
86.01751400000002
86.35852939999997
86.6721911
86.9597762
87.22300729999999
87.4642604
87.6867134
87.89467280000004
88.09410829999997
88.25909179999998
88.32772849999998
88.35873529999999
88.3527656
88.3105025
88.23280729999999
88.12054129999997
87.97465490000002
87.79615789999995
87.58617889999998
87.34581679999995
87.07631900000001
86.77893289999999
86.45499499999998
86.10581209999998
85.73278009999997
85.3372949
84.9208118
84.484697
84.03037610000001
83.559245
83.0726699
82.5719576
82.05841489999996
81.53322980000002
80.99759029999996
80.45256559999997
79.89919519999998
79.33842949999996
78.77107040000001
78.19797919999998
77.6197796
77.03715469999997
76.45060940000002
75.86064860000002
75.2676881
