0.0
0.0
0.0
0.0
0.0
0.0
0.0
0.0
0.0
0.0
0.0
0.0
0.0
0.0
0.0
0.0
0.0
0.0
0.0
0.0
0.0
0.0
0.0
0.0
0.0
0.0
0.0
0.0
0.0
0.0
0.0
0.0
0.0
0.0
0.0
0.0
0.0
0.0
0.0
0.0
0.0
0.0
0.0
0.0
0.0
0.871406482696492
7.760880529256096
10.866134745487772
13.322726443078505
15.531068936247426
17.626997039109973
19.67864834827191
21.726375443117966
23.795825833951508
25.90344870898236
28.059126635849086
30.267395486393596
32.528715418590146
34.83980936824771
37.194262415707364
39.582936947853455
41.99462933271154
44.41526839340654
46.83094164906518
49.2269987568204
51.58849123859514
53.90046361777492
56.14831295355269
58.31883659754476
60.39646142738566
62.37130116769259
64.23135260783755
65.96649941227413
67.56776453561561
69.02729668305423
70.33838086083088
71.4954212996258
72.49388064716354
73.33023580766127
74.00194766902514
74.50736406358455
74.8456210426454
75.01657303287048
75.02065338855216
74.85872599067442
74.53196932350684
73.0953215807742
72.3492054267418
71.44709921864907
70.39195445022165
69.18572722797404
67.82887238972056
66.31973362208407
64.6539056933746
62.823015432097876
60.81328812042321
58.60301948847615
56.15806502712761
53.4226815105701
50.29793242602981
46.57680450053176
41.6115968262189
30.86933608611764
25.87858457056295
22.228262111054974
19.126670991372166
16.33961872454778
13.759590312226713
11.327529355108062
9.007793813071562
6.777809042381626
4.622967098071114
2.5340292928166606
0.5054398133672725
0.0
0.0
0.0
0.0
0.0
0.0
0.0
0.0
0.0
0.0
0.0
0.0
0.0
0.0
0.0
0.0
0.0
0.0
0.0
0.0
0.0
0.0
0.0
0.0
0.0
0.0
0.0
0.0
0.0
0.0
0.0
0.0
0.0
0.0
0.0
0.0
0.0
0.0
0.0
0.0
0.0
0.0
0.0
0.0
0.0
2.5885979944510655
9.305591197506793
12.191286427053054
14.498428293691337
16.538365158704384
18.427897934886566
20.226635409996042
21.969512223746708
23.678349828709955
25.366820189022178
27.043399857211845
28.712616145293573
30.37615114314051
32.033451578432775
33.682253833683156
35.31902821951795
36.93906795265521
38.53725079059465
40.10776948862226
41.6445917867948
43.14158414276973
44.59243455360729
45.99117798108695
47.33216583744104
48.61006283620375
49.819856827265184
50.95694571895378
52.0171214605978
52.99659385335089
53.89199984312394
54.70037846882451
55.419182431781145
56.046216079818805
56.579664232542925
57.018310301360756
57.3601876723113
57.60515254684153
57.75228656340791
57.801107501584866
57.751294195720334
57.602660594518426
57.355064907089016
57.0083834633594
56.5624623235947
56.017181191941575
55.37217788713035
54.626722090989624
53.779522185506714
52.82881516550263
51.77198319768338
50.605286478898456
49.32341447716084
47.91882778318077
46.38071572912729
44.693167261383174
42.83187817850507
40.75728479402182
38.398149417075
35.59961283095934
31.829102260556674
23.767034744141718
20.11808457219918
17.405375548297883
15.103470612688204
13.049758411866684
11.16844914410678
9.417354270987543
7.770493015689247
6.210802635984633
4.726620380596913
3.3097517156446647
1.9544074453311895
0.6564512657039847
0.0
0.0
0.0
0.0
0.0
0.0
0.0
0.0
0.0
0.0
0.0
0.0
0.0
0.0
0.0
0.0
0.0
0.0
0.0
0.0
0.0
0.0
0.0
0.0
0.0
0.0
0.0
0.0
0.0
0.0
0.0
0.0
0.0
0.0
0.0
0.0
0.0
0.0
0.0
0.0
0.0
0.0
0.0
0.0
0.0
0.0
0.0
0.0
0.0
0.0
0.0
0.0
0.0
0.0
0.0
0.0
0.0
0.0
0.2257301830899348
0.9003248080629078
1.559221838321382
2.1941314659496016
2.7941331713457274
3.3446763657662033
3.8263873898431635
4.214378171017265
4.479522327046324
4.594507076568357
