37.4158278289867
37.616070299755144
37.794185564009766
37.95146176978855
38.089314104786574
38.20919837625241
38.312600164729865
38.400969789517426
38.475709215416174
38.53810794107078
38.58933415031961
38.63040580715133
38.662164998000044
38.685280024359756
38.70023695372626
38.707355822710724
38.70679007471174
38.69854930046373
38.6825221276547
38.658490333439126
38.6261543663274
38.58514975188122
38.535105215799675
38.47560797367162
38.40630296680641
38.32683648407529
38.236952723108345
38.13645473968893
38.02523531256828
37.90327900572514
37.77068547113896
37.627650970389645
37.47450905877636
37.31169428109276
37.13978409198788
36.95946600837496
36.77156001044847
36.57700005576515
36.37687679951502
36.17238662675108
35.964888023150046
35.755868881063336
35.546946347220334
35.33986594537973
35.13648851875197
34.93876685908048
34.74874314072558
34.568494351742075
34.400152590243295
34.24582041218438
34.10757819140494
33.98742852316283
33.88727669386489
33.808858795965605
33.75374326966733
33.72323335301966
33.71837114064275
33.73987593813894
33.78811060132778
33.863102853605064
33.96451507520157
34.09167966353226
34.2436387813501
34.41918030688686
34.6168829385123
34.83513628818083
35.07221422323127
35.32628928289938
35.595475046127305
35.877877550245124
36.17158936194839
36.47472617401634
36.785446910424575
37.10192754628599
37.422408184060444
37.74517734992459
38.068571974875915
38.3909844242567
38.71084889979916
39.02668630037671
39.33704314687175
39.64052582694888
39.93579814138632
40.07332339519617
40.34276361378404
40.60025698918524
40.844673127952376
41.07492558047612
41.28998369540848
41.48884206732382
41.670571030648226
41.834265882155435
41.979098689004815
42.1042411857965
42.208964879890665
42.29253072475108
42.354252245903545
42.393492240094396
42.409635543397734
42.40212943758899
42.370454315492914
42.314117840545045
42.232664750730784
42.12565838828359
41.992687083490765
41.833330582108104
41.64716842496455
41.43375110228124
41.19258966452471
40.923092462647794
40.62456276360302
40.2961453326821
39.9367348997402
39.54487350586556
39.11864881782159
38.6554441607398
38.15159475431587
37.601798406901565
36.998034347285284
36.32734026568493
35.566569650452905
34.66678613677518
33.4777746455262
30.780984659079056
29.446013716633438
28.492393868359155
27.694475444479224
26.98933789971206
26.348232226880548
25.75507504831554
25.199752655411547
24.675396591699297
24.177037727076435
23.700960382716623
23.24425505679676
22.80456626877156
22.379979891456514
21.968845538922647
21.569773238166345
21.181542009952565
20.803080778137318
20.43345196013615
20.071820636018344
19.717442004617784
19.369683531923076
19.027976855968593
18.691809880976024
18.360767000782786
18.034474467050842
17.712638105225516
17.39500558619204
17.08141624458021
16.771729210174605
16.465879351612728
16.163833632762007
15.865630240224057
15.571342282382927
15.281097327443481
14.995082961940387
14.713531336149963
14.43672425533304
14.165018266812012
13.898791292512115
13.63847970188628
13.384563898923885
13.137489661071308
12.513414470717528
12.275647177353221
12.046895552617155
11.827814551354637
11.619075961073266
11.421376933009475
11.23540817259474
11.06189516598067
10.90153597320721
10.755049015572117
10.623132090853135
10.506455300784223
10.405702028355503
10.321519786897062
10.25452860755427
10.205308567608085
10.174431914080902
10.162398541907363
10.169704549202834
10.196785644279519
10.244049322649989
10.31184483060055
10.400487702064853
10.510246053875656
10.641361892907149
10.794016603474706
10.968403446177255
11.164643275359376
11.382882452384209
11.623229083347676
11.885809977961767
12.170778888683008
12.478320834285054
12.808705166109334
13.162312248964364
13.539673940576376
13.941514693763985
14.368885598036522
14.82323331725621
15.306629326599174
15.822026351222876
16.373782548072107
16.96856970571527
17.617234856510688
18.339067220050985
19.17424549062649
20.240113135633667
22.638765103370666
23.873454465123665
24.70641602217438
25.382830701031107
25.964703854788088
26.479389501836746
26.94176903044422
27.360933276326886
27.74287266587333
28.091698008213193
28.410386830826898
28.70112117820641
28.96554607119726
29.204912366918016
29.420181503616792
29.61210086239862
29.78125022852324
29.928082359381992
30.05292666895925
30.156056603727443
30.23764022225335
30.297802491751142
30.336606069371527
30.35407316815216
30.35016937403373
30.324834223549384
30.277993965013554
30.209540060819233
30.11935240489523
30.00728553107153
29.873164754206638
29.716764333917567
29.537812557197327
29.335942894859333
29.110665117947953
28.861344741857874
28.58709645015291
28.28669336990626
27.95840143240539
27.59966410878102
27.206626710108022
26.77315100494452
26.288815933703578
25.733716529256153
25.06076929468245
24.06534444338746
22.290984132013755
21.53453067445097
20.955531106793575
20.469940836043193
20.047935823003776
19.67505807828862
19.343255197189407
19.047666214872773
18.78528325873498
18.554213199554447
18.353285462088166
18.18182472762174
18.039449886031147
17.92602504291467
17.84154947645316
17.78611395420632
17.75990741109656
17.763121885606477
17.796006955745856
17.85877412501198
17.951634470931516
18.07474653601334
18.22825513344284
18.41227663160876
18.626936543683442
18.872409293348476
19.14900666204757
19.457368219759328
19.798752607474597
20.175718991457245
20.59353677948784
21.06394662453488
21.618598126277075
22.41895489938789
23.688281251675626
24.18111634189269
24.520190288755174
24.763642144117853
24.9314809458408
25.03241078116325
25.07018830113273
