54.742741383695744
56.047285228425864
57.186582427232395
58.15499714298285
58.94886186067181
59.566266174914325
60.006902560150436
60.27183567999051
60.3633127655804
60.28450309473309
60.03930745781271
59.63208161979894
59.06746549977854
58.35013979248141
57.484600314165974
56.474920180110075
55.32463650726939
54.0369394457454
52.61330661114427
51.053439839883296
49.35466717646908
47.510895307118844
45.51096969460339
43.335639473612
40.95150965060488
38.29714063533596
35.242589654847556
31.40416755206011
22.76555646841787
18.236728522777174
15.200044576576005
12.729177432647223
10.595345465008176
8.698951227503882
6.986513318357245
5.425867858258627
3.9963141439097773
2.68400010139119
1.4794187932642717
0.3759931770017227
0.0
0.0
0.0
0.0
0.0
0.0
0.0
0.0
0.0
0.0
0.0
0.0
0.0
0.0
0.0
0.0
0.0
0.0
0.0
0.0
0.0
0.0
0.8339802269949268
2.1004569660936316
3.518664272091994
5.117724146788719
6.949224283955582
9.118809301940997
11.91959532665149
18.464504647836936
22.28411135894271
24.829512565804855
26.952901321194638
28.83378921794237
30.54729547039043
32.13288839662849
33.613809960702156
35.00463108846461
36.314759864356134
37.55031370459149
38.715131823144844
39.811448508835355
40.84038079466146
41.80213944431943
42.69632658894626
43.5220319957067
44.2779692019586
44.962768858250506
45.57400387931354
46.11027765551857
46.569250647142226
46.94868224733201
47.24621133179199
47.459385929445816
47.58567440907506
47.62242209040755
47.56680937832405
47.41580842600814
47.166107419505614
46.814036644848635
46.35537592056593
45.7852247761814
45.097687518307495
44.28547368190542
43.33935380040796
42.24717496020956
40.99234593435651
39.55103881262961
37.88657964249498
35.93684092646832
33.57745068184386
30.45434660311422
23.00784616696278
18.9384485854093
16.066940875254645
13.612481585011244
11.384473621118714
9.300977918141644
7.318596460225912
5.411728383036884
3.564259225955997
1.765798113141626
0.009617500124833214
0.0
0.0
0.0
0.0
0.0
0.0
0.0
0.0
0.0
0.0
0.0
0.0
0.0
0.0
0.0
0.0
0.0
0.0
0.0
0.0
0.0
0.0
0.0
0.0
0.0
0.0
0.0
0.0
0.0
0.0
0.0
0.0
0.0
0.0
0.0
0.0
0.0
0.0
0.0
0.0
0.0
0.0
0.0
0.0
0.0
0.0
0.9352275133937575
7.894996444425685
11.050733317396414
13.50219519125848
15.679361214286434
17.72283232476554
19.70162373528105
21.655904074023997
23.610906265605458
25.582846335610206
27.581439096637588
29.611902584662502
31.675622301283113
33.77089258518117
35.89341851130901
38.03677433227617
40.19296661108217
42.35232618827361
44.50386022945386
46.636682039219
48.73970561712639
50.801794598057946
52.81201745167033
54.75979062868612
56.63509064605107
58.42852107447044
60.1314088742712
61.73583894765213
63.23469228807265
64.62166630619883
65.89121145100628
67.03858196196049
68.05976546003278
68.95142556165656
69.7109630235739
70.33634822368883
70.82617773479761
71.17954031455315
71.39600295849363
71.47552161667946
71.41834112223468
71.22488893562068
70.89581939315006
70.43160539175827
68.93992952302116
68.13843257169933
67.20823094217154
66.1500610323344
64.96337795634363
63.6463393967318
62.19494159846785
60.602426242596216
58.858268802169654
56.946805779230274
54.84324148792865
52.510454556744065
49.88595736704153
46.85337190559386
43.14064335571419
37.413772856257246
28.342851899077857
24.451064557394055
21.367509464702408
18.684390680456897
16.248852847303116
13.984205113921444
11.846199973061898
9.8073051645969
7.849621527519391
5.961332384797052
4.134730217999537
2.363291083398342
0.6491875041855155
0.0
0.0
0.0
0.0
0.0
0.0
0.0
0.0
0.0
0.0
0.0
0.0
0.0
0.0
0.0
0.0
0.0
0.0
0.0
0.0
0.0
0.0
0.0
0.0
0.0
0.0
0.0
0.0
0.0
0.0
0.0
0.0
0.0
0.0
0.0
0.0
0.0
0.0
0.0
0.0
0.0
0.0
0.6674924743980865
4.186019518061594
11.44513048479104
14.650083439351171
16.99065697759493
18.931841612121083
20.61485944104536
22.103468209756592
23.430904131372348
24.615172347907702
25.665587754296975
26.586036915442303
27.376840108633424
28.03586665505175
28.559333052295003
28.94223857763189
