7.758192200000013
6.693952099999985
5.624811500000005
4.556175800000018
3.493450399999964
2.441832799999977
1.4064610999999942
0.3922951999999896
0.0
0.0
0.0
0.0
0.0
0.0
0.0
0.0
0.0
0.0
0.0
0.0
0.0
0.0
0.0
0.0
0.0
0.0
0.0
0.0
0.0
0.0
0.0
0.0
0.0
0.0
0.0
0.0
0.0
0.0
0.0
0.0
0.6621494000000101
1.985135899999992
3.366364100000015
4.80274519999999
6.291041900000023
7.827868400000013
9.409749799999997
11.03309239999997
12.694124299999965
14.389043899999995
16.11390109999999
17.864686399999986
19.63733089999999
21.427646899999957
23.23144670000002
25.044512899999987
26.86259839999999
28.68142640000001
30.496779499999988
32.30444030000002
34.10025079999999
35.880053
37.63983740000001
39.375594500000005
41.083492999999976
42.759761
44.40071569999999
46.00285249999999
47.56278559999997
49.077248
50.54318059999998
51.95761339999999
53.317814000000006
54.62119850000001
55.86539089999997
57.04816370000002
58.16755669999999
59.22181759999998
60.209520799999986
61.12950799999997
61.980917900000016
62.763453499999976
63.47735240000002
64.1236244
64.7044673
65.22389060000002
65.68878470000001
66.11120779999997
66.51325669999996
66.93921409999997
67.35842960000001
67.55447929999998
67.64993509999998
67.64619289999997
67.54455949999996
67.346312
67.05266809999999
66.6649643
66.18441829999999
65.61245569999998
64.9504724
64.1999831
63.362650999999985
62.44019869999997
61.4344973
60.347536699999985
59.181485
57.93862909999997
56.621434099999966
55.232483899999984
53.77459999999998
52.250722700000004
50.664000200000004
49.0176995
47.3152955
45.560470999999986
43.7570276
41.90891539999996
40.020262700000025
38.09540570000002
36.138680599999994
34.15469089999997
32.1480401
30.12348019999997
28.08585230000001
26.04002719999998
23.99096479999998
21.94362500000002
19.90293799999997
17.873893399999993
15.861451100000009
13.870481900000001
11.90579719999998
9.972119299999967
8.074111100000009
6.216257300000005
4.402953500000004
2.6383577000000167
0.9265387999999842
0.0
0.0
0.0
0.0
0.0
0.0
0.0
0.0
0.0
0.0
0.0
0.0
0.0
0.0
0.0
0.0
0.0
0.0
0.0
0.0
0.0
0.0
0.0
0.0
0.0
0.0
0.0
0.0
0.0
0.0
0.0
0.0
0.0
0.0
0.0
0.0
0.0
0.8186684000000162
2.733902599999999
4.715545999999999
6.75938120000003
8.860982899999994
11.015925800000009
13.219517300000017
15.467094499999975
17.753816299999993
20.074782199999987
22.42509169999997
24.79975519999996
27.193783099999973
29.602126399999978
32.019854900000006
34.4420087
36.86368730000002
39.28001989999998
41.686343600000015
44.07793610000002
46.4503127
48.799048099999986
51.11989519999999
53.40869600000003
55.66153010000001
57.87459590000003
60.04421059999997
62.16695870000003
64.23954349999998
66.25884649999999
68.2220165
70.1262914
71.969117
73.7414942
75.4221578
77.03501630000002
78.57843619999998
80.05090280000002
81.45107960000001
82.77783800000002
84.03025730000002
85.20756529999997
86.309168
87.33479810000001
88.28424770000002
89.1577841
89.9558528
90.67943389999998
91.33010150000001
91.91029099999997
92.42386339999999
92.87681809999997
93.27910460000003
93.64794889999997
94.01575369999999
94.37268830000001
94.5220199
94.57337120000001
94.5291776
94.3915478
94.16223409999996
93.84289969999999
93.43497019999998
92.93978209999999
92.35852339999997
91.69229299999996
90.9422195
90.10934240000002
89.19470119999998
88.19930569999998
87.12422510000003
85.9706177
84.7395824
83.43239630000001
82.05036620000003
80.59485829999997
79.06741699999996
77.4696758
75.80335729999997
74.07036229999999
72.23041760000001
70.39047289999999
68.33974729999997
66.22519639999999
64.04987930000001
61.81715209999999
59.53057879999998
57.1939907
54.811427
52.387194200000025
49.925895800000006
47.43228379999999
44.91140719999998
42.3684338
39.80885809999998
37.23820429999999
34.66217479999999
32.08662049999996
29.517392299999965
26.96034109999999
24.4213178
21.906054499999993
19.420134800000017
16.968934400000002
14.557532000000002
12.1906796
9.872683700000017
7.60743499999998
5.398230200000005
3.247801699999989
1.1582581999999682
0.0
0.0
0.0
0.0
0.0
0.0
0.0
0.0
0.0
0.0
0.0
0.0
0.0
