49.86147649999999
50.29129489999997
50.72072719999999
51.15099109999998
51.58324490000001
52.01861720000003
52.458296000000004
52.9032911
53.35464199999997
53.81329909999997
54.28006429999999
54.755769199999975
55.2410672
55.736581999999984
56.242759100000015
56.760043999999986
57.28876339999999
57.829095500000015
58.381248199999995
58.94525119999998
59.52113420000003
60.10874870000003
60.70797590000001
61.318578200000005
61.940288299999985
62.5726904
63.21542809999998
63.868026200000024
64.5298907
65.20045729999995
65.87907260000003
66.56502379999998
67.257509
67.95572629999995
68.6587253
69.365615
70.07532619999998
70.78681939999998
71.49890659999998
72.21045920000002
72.9202298
73.62554540000001
74.31369440000002
74.99590340000002
75.67080619999999
76.33688810000001
76.99275319999998
77.63682739999997
78.26768510000002
78.88372250000002
79.4834843
80.0654558
80.62815200000003
81.17011760000003
81.69001610000002
82.18648130000001
82.65838459999996
83.1046271
83.52434749999998
83.91698149999998
84.28223209999997
84.62039629999998
84.9323948
85.22030660000001
85.48766599999999
85.74065060000001
85.9896554
86.2495898
86.36268740000001
86.42529499999998
86.43634339999997
86.39485249999997
86.30007979999998
86.1513422
85.94813479999999
85.69016059999998
85.37727109999999
85.00955540000001
84.58725110000002
84.11083340000002
83.58101509999999
82.99871689999998
82.36509710000003
81.6815813
80.94983269999996
80.17172240000001
79.34947789999997
78.48544549999998
77.58235760000002
76.6430951
75.67086559999997
74.66899549999998
73.64110820000002
72.65892919999999
71.53647710000003
70.3994126
69.2525471
68.10081080000002
66.9492527
65.8029515
64.6669859
63.546404899999985
62.44622779999999
61.37132539999999
60.32641999999999
59.315996299999995
58.34442019999995
57.41567150000001
56.5334924
55.70129840000001
54.92208920000001
54.1985675
53.53296079999997
52.927140200000004
52.382531299999975
51.900203299999994
51.48072050000001
51.12435020000001
50.83094389999998
50.4730292
50.28333530000001
50.25039799999998
50.339200999999974
50.52939979999999
50.80756999999999
51.16370270000001
51.58986800000001
52.07902699999999
52.62476449999996
53.22105139999998
53.8618883
54.54145399999999
55.25389759999998
55.99336819999999
56.75404459999998
57.53013530000001
58.31587850000002
59.10554210000001
59.8935128
60.674325800000005
61.44266479999998
62.1934511
62.9217545
63.62311999999998
64.29335990000001
64.92873199999998
65.52611779999997
66.08305220000003
66.59799079999996
67.07063659999999
67.5023855
67.8973361
68.26398260000002
68.61863030000004
68.99311759999999
69.35091349999999
69.51854030000001
69.6041357
69.6074027
69.52863830000001
69.36852559999997
69.12813379999997
68.80903699999999
68.4131063
67.9426583
67.4003363
66.78914000000003
66.11245519999999
65.3739647
64.5776483
63.727782799999986
62.8289123
61.88581849999997
60.90355039999996
59.88727579999997
58.84242979999997
57.774536600000005
56.68923919999996
55.5922103
54.489300799999974
53.38618339999997
52.28861990000001
51.2022533
50.13260779999999
49.08505909999999
48.0648344
47.07689359999996
46.1258699
45.216218299999994
44.351948300000004
43.53677240000002
42.773987299999995
42.06644419999999
41.41660819999999
40.82649890000003
40.29760129999996
39.83104399999998
39.4275398
39.087237200000025
38.78596039999999
38.44859809999999
38.31390859999999
38.32540250000001
38.453558
38.6806739
38.99472169999999
39.38658349999999
39.84883429999997
40.37485100000001
40.958604500000014
41.59421420000002
42.27606680000001
42.99851929999998
43.75604749999999
44.543067799999974
45.35405599999998
46.18351760000002
47.02598779999997
47.8760315
48.7283324
49.57766330000001
50.4189158
51.24713000000002
52.05752420000001
52.84555429999998
53.60688410000001
54.33744469999997
55.03355330000002
55.69188350000002
56.309643500000014
56.88460579999998
57.415433899999975
57.9018902
58.34557849999999
58.75059740000003
59.12579750000001
59.48831569999999
59.87284159999998
60.2467943
60.42371720000001
60.51474770000001
60.51890569999996
60.435686300000015
60.2648816
60.00669949999996
59.661734
59.23096520000001
58.715818699999964
58.11810619999996
57.440114600000015
56.684487200000014
55.854401899999985
54.95345240000001
53.985648199999986
52.95553340000003
51.868008499999995
50.72841950000002
49.542498499999994
48.316393399999995
47.05657880000001
45.769766899999986
44.46305600000003
43.143663200000006
41.81895410000002
40.49647249999999
39.183702799999956
37.888188799999966
36.61729610000001
35.37827150000001
34.17812419999998
33.023477299999996
31.92068659999997
30.875513899999998
29.89330520000001
28.978723399999964
28.135748299999978
27.367706299999973
26.677003099999997
26.0652128
25.532959100000006
25.079826200000014
24.62339659999999
24.263046499999987
24.186984799999987
24.30673519999997
24.582351200000005
24.99179540000001
25.520633599999975
26.157847099999984
26.89405069999997
27.720542299999998
28.62876829999997
29.61008600000001
30.655763600000014
31.75677229999998
32.90387540000002
34.08768770000001
35.29864580000002
36.52718629999998
37.7637161
