0.0
0.0
0.0
0.0
0.0
0.0
0.0
0.0
0.0
0.0
0.0
0.0
0.0
0.0
0.0
0.0
0.0
0.48677089999997036
3.0741457999999895
5.67405410000002
8.279041099999974
10.881414499999984
13.473511699999982
16.047610699999968
18.596345900000003
21.112559600000015
23.589599
26.021227100000008
28.40189
30.726568399999994
32.99095580000001
35.19145850000001
37.32507680000001
39.38964259999999
41.3835224
43.30582519999998
45.15616490000001
46.93483849999999
48.64255879999999
50.28057319999998
51.850515199999975
53.35440439999997
54.794587100000015
56.17361750000001
57.4943468
58.75980439999999
59.97304940000001
61.137378500000025
62.25605869999998
63.332446099999984
64.36983739999998
65.37152929999998
66.3407888
67.28079379999997
68.19460339999999
69.08521729999998
69.95545699999997
70.80799549999999
71.6452979
72.46968079999998
73.28824249999998
74.07701509999998
74.85830330000002
75.63341389999998
76.40341609999997
77.16905240000001
77.93079799999997
78.68880139999999
79.44294380000001
80.1928391
80.93771509999999
81.67662139999999
82.40831060000002
83.13126799999998
83.84374130000002
84.54382969999999
85.22936510000001
85.89811999999998
86.5476887
87.17563579999997
87.77943680000001
88.35665629999997
88.90494799999999
89.42205470000003
89.9061053
90.3556742
90.7699892
91.14946609999998
91.4963027
91.81575589999998
92.11872559999999
92.427071
92.71718060000002
92.844356
92.897222
92.87337289999996
92.7705515
92.5867679
92.3201807
91.96921579999999
91.53238819999997
91.00850989999998
90.39648200000002
89.69550260000001
88.90485890000001
88.02413510000002
87.05303420000001
85.99155619999998
84.8398496
83.59841929999999
82.2678593
80.84914969999998
79.34350819999997
77.75239009999999
76.07760709999997
74.32123820000001
72.4426241
70.56401
68.44045999999999
66.23850199999998
63.962383100000004
61.61661770000003
59.20616569999999
56.7364325
54.21315020000002
51.642377599999996
49.03061900000001
46.384586599999984
43.711408399999996
41.0183906
38.31310669999999
35.603308400000024
32.896866199999984
30.201769400000003
27.526037000000006
24.877658299999997
22.2645632
19.69450339999999
17.175111799999982
14.713635199999997
12.317112499999993
9.99213709999999
7.744916299999978
5.581152499999991
3.5059838000000156
1.5240433999999623
0.0
0.0
0.0
0.0
0.0
0.0
0.0
0.0
0.0
0.0
0.0
0.0
0.0
0.0
0.0
0.0
0.0
0.0
0.0
0.0
0.0
0.0
0.0
0.0
0.0
0.0
0.0
0.0
0.0
0.0
0.0
0.0
0.0
0.0
0.0
0.0
0.0
0.0
0.0
0.0
0.0
0.0
0.0
0.0
0.0
0.0
0.0
0.0
0.0
0.0
0.0
0.0
0.0
0.0
0.0
0.0
0.0
0.0
0.0
0.0
0.0
0.0
0.0
0.0
0.0
0.0
0.0
0.0
0.0
0.0
0.0
0.07664359999999817
0.3273412999999721
0.6232423999999847
0.9647627000000023
1.3517834000000277
1.7836213999999695
2.259177799999988
2.7767893999999775
3.3343771999999943
3.9293572999999746
4.558729999999984
5.219139199999969
5.906723900000011
6.617326099999974
7.346490800000003
8.0893769
8.840994799999981
9.596146999999988
10.349457800000001
11.095551500000003
11.828992999999997
12.544465999999986
13.236832399999985
13.90113229999998
14.532880999999984
15.128009600000011
15.683310499999978
16.196526500000008
16.667033900000025
17.096466200000005
17.490466399999967
17.861508500000028
18.2359958
18.672080899999983
18.909027499999983
19.037153300000007
19.07240719999997
19.014017000000006
18.861893600000005
18.61674979999998
18.279951799999985
17.853548899999993
17.340362599999974
16.74383810000001
16.068133400000026
15.318000500000005
14.498993299999988
13.617081500000014
12.67897730000001
11.691868099999986
10.663386799999998
9.601641500000001
8.515066999999975
7.412365399999979
6.302387299999994
5.194072399999989
4.096271299999986
3.017775199999992
1.967048599999991
0.9521698999999725
0.0
0.0
0.0
0.0
0.0
0.0
0.0
0.0
0.0
0.0
0.0
0.0
0.0
0.0
0.0
0.0
0.0
0.0
0.0
0.0
0.0
0.0
0.0
