82.98618349999998
82.16699809999999
81.32663659999999
80.4598718
79.56144679999998
78.62616409999998
77.64909349999998
76.62560180000003
75.55164979999998
74.42361409999997
73.23864349999998
71.95533619999998
70.67202889999997
69.2287574
67.71877969999997
66.14313530000003
64.50375469999997
62.80331090000001
61.04527879999999
59.23381639999999
57.373764800000004
55.47044030000001
53.52966409999998
51.55761380000003
49.56085309999999
47.54603479999997
45.52001959999998
43.48969790000002
41.461930399999986
39.44348869999999
37.440995899999955
35.460837500000004
33.50913169999997
31.591759100000026
29.714214200000015
27.8815757
26.09856589999999
24.369580399999997
22.69853959999999
21.088918400000022
19.543894699999964
18.066141499999986
16.658034799999996
15.321445700000002
14.05803739999998
12.868997899999972
11.755218200000003
10.717292299999972
9.75551719999997
8.869892899999995
8.060122399999956
7.325730499999998
6.66597470000001
6.079904599999987
5.566361899999982
5.123980399999984
4.75115629999999
4.446226400000023
4.097221699999993
3.8864407999999853
3.8414156000000013
3.9233282000000025
4.110883699999982
4.3907765000000225
4.753918399999981
5.193537799999988
5.704110499999979
6.280884500000006
6.919672100000008
7.6164340999999665
8.367368899999985
9.168763999999982
10.016906900000002
10.908085100000008
11.838675199999988
12.80493499999998
13.803122300000018
14.829554299999991
15.880488799999972
16.952153899999995
18.04083710000001
19.142855600000008
20.254526599999977
21.37222670000001
22.492421599999986
23.611606699999978
24.726366500000005
25.833463700000003
26.929661000000003
28.011929000000016
29.0773571
30.123123800000027
31.146615499999992
32.14539680000001
33.117091699999996
34.05965090000002
34.97102509999998
35.84949169999996
36.69341719999999
37.50143539999998
38.27229890000004
39.00502760000001
39.698849300000006
40.3531403
40.96763330000001
41.54220949999997
42.07704709999999
42.572651000000036
43.0298231
43.44975139999996
43.834069399999976
44.18500459999998
44.50540819999996
44.79908179999999
45.07107439999997
45.32824669999997
45.5800433
45.81315860000001
45.913366399999994
45.96777679999996
45.97799359999999
45.945590900000006
45.872231899999974
45.7596689
45.60959479999997
45.42382130000001
45.20416010000001
44.95248230000002
44.67062929999999
44.360472200000004
44.023941500000014
43.6628786
43.27921400000002
42.8747891
42.45150469999999
42.011172499999965
41.55569330000003
41.086760000000005
40.606213999999966
40.115718500000014
39.61699609999998
39.1116209
38.60125609999999
38.087416399999974
37.5715571
37.05516319999997
36.53963060000001
36.02623640000001
35.51625769999999
35.01091219999998
34.51135819999998
34.0186352
33.5338421
33.057869899999986
32.59163929999997
32.13601159999999
31.691729299999974
31.25956459999997
30.84017090000001
30.434171899999992
30.042131899999983
29.664585500000012
29.30197819999996
28.954755499999994
28.623273799999996
28.307830099999986
28.008691699999996
27.726125899999996
27.460251500000016
27.2112764
26.979200600000027
26.76414289999997
26.566103299999998
26.384992699999994
26.22081110000001
26.073380299999975
25.94258149999999
25.828236499999992
25.730077999999985
25.647868399999968
25.581281000000025
25.52499950000001
25.449323900000003
25.39681430000001
25.365480799999983
25.35363050000002
25.359629899999984
25.382083099999978
25.41962389999999
25.471034600000017
25.5350678
25.6105949
25.696487299999998
25.791675799999993
25.89509119999998
26.005723699999983
26.122563499999966
26.244660199999977
26.371093100000014
26.500911799999987
26.633314400000017
26.76738020000003
26.902396400000004
27.037501700000004
27.172042699999995
27.305247199999986
27.436550899999965
27.565330099999986
27.691020499999997
27.81317659999998
27.931352899999972
28.045252399999995
28.15460779999997
28.25930029999999
28.35927050000002
28.45463720000003
28.545667700000013
28.632837199999994
28.681901599999996
28.70872069999998
28.722679700000025
28.72330340000001
28.7102354
28.68314900000001
28.641717500000027
28.585822100000012
28.51531429999996
28.430134700000014
28.33028329999998
28.215878900000007
28.087040299999966
27.944034799999987
27.78710000000002
27.616622000000017
27.432986900000017
27.2366699
27.028205600000007
26.808128600000003
26.577092300000025
26.335690700000004
26.0846366
25.82461309999998
25.556392400000014
25.280716999999964
24.998359100000027
24.710120599999996
24.416803400000003
24.11923910000001
23.81819990000001
23.51451739999997
23.208963799999978
22.902400399999994
22.595540000000003
22.289184500000008
21.984076399999985
21.68086909999997
21.380334799999964
21.08306749999998
20.789779999999993
20.501036599999974
20.2174907
19.939647199999975
19.668129800000017
19.403413699999984
19.14606320000001
18.89655349999999
18.655359799999992
18.42298700000001
18.199850899999966
17.986426700000006
17.783100500000003
17.5902881
17.408405299999963
17.237808500000007
17.078883799999996
16.931957899999997
16.797357499999986
16.675409300000023
16.56641029999999
16.470598099999968
16.38824
16.319514200000004
16.264569199999993
16.187349200000003
16.126345400000012
16.086933499999997
16.068074000000006
16.068786799999977
16.087972999999987
16.124622800000015
16.1776373
16.245828499999995
16.32809749999998
16.423137499999974
16.529730800000003
16.64651120000001
16.7721422
16.905227899999996
17.044372399999975
17.18815010000003
