0.0
0.0
0.0
0.0
0.0
0.0
0.0
0.0
0.0
0.0
0.0
0.0
0.0
0.0
0.0
0.0
0.0
0.0
0.0
0.0
0.0
0.0
0.1121843039736814
1.3082616868610069
3.996808065212746
5.791970648271889
6.906100919735119
7.821451453052067
8.630140437882831
9.371199009561465
10.065836665561658
10.727232228301583
11.364311839813924
11.983505404026307
12.589603519322273
13.186302599020683
13.776492819190231
14.362469699405857
14.946045586417728
15.528570395082784
16.111142168398406
16.694514646319345
17.27916768611245
17.86536709167807
18.45311337212167
19.042203591555484
19.632201547076328
20.222499652740733
20.81228072447396
21.40055778174901
21.986156067964757
22.567767685544958
23.143847886383774
23.712810086982152
24.272933182717487
24.822367104791958
25.359205727537358
25.881513003291133
26.38726815775557
26.874490887105544
27.341199707188032
27.785340987715287
28.205064562804118
28.59848183974684
28.963830315643982
29.299429926018917
29.60372771652297
29.875331677310243
30.11297307367738
30.315533787395417
30.482086398212086
30.61184246142945
30.704223709899242
30.758806668700913
30.7753744364654
30.75388715483013
30.69451118736019
30.597590926955036
30.463679567531194
30.293489366866257
30.08788375170173
29.84791641116218
29.574740876831058
29.26966956908948
28.9341143346147
28.56962665877577
28.17782209063769
27.760437298905522
27.319283771506527
26.856228143760617
26.373212338354598
25.872196925417985
25.355174880984734
24.824121197899416
24.280979152933213
23.72767810568017
23.166075578966307
22.597956438691025
22.025014213758247
21.44880556305628
20.87068116350616
20.291754840758554
19.712854027033668
19.134325547964508
18.555945297014564
17.976450851529442
17.3928902136268
16.799007266281347
16.181006339957026
15.501305681169805
14.533236061132044
13.260706565474049
12.800439090320513
12.510616609494619
12.328071633704337
12.227842977665471
12.197585555342116
12.231146427114338
12.32663571630825
12.486383597813857
12.71897282736002
13.046637073569777
13.542348696074237
14.768073883485547
15.407513988003616
15.899863119726735
16.336604656434794
16.74213872662212
17.12696181844185
17.49666440252679
17.854544512858322
18.202726509118207
18.542629913466218
18.875225255529646
19.201193581126432
19.520993507452005
19.83490809624687
20.143090010569665
20.445560280321875
20.742222641263698
21.032865084025506
21.317189766279146
21.594817649431157
21.86532060904423
22.12820326504899
22.38291378313673
22.6288901226883
22.86551290470685
23.092144934156224
23.308093997812975
23.512649060772432
23.705052785579543
23.884507825345704
24.05018054894383
24.201201575093513
24.33665856751547
24.455602582968737
24.557069412874977
24.640040686726728
24.70347153985257
24.746260747203866
24.767251814615435
24.765194565887484
24.738804586813384
24.68666358604554
24.60727080299995
24.49895706832469
24.359937751912355
24.188170677889488
23.981387488866684
23.736958952201036
23.45176496120466
23.122014538151717
22.742922851530345
22.308159099013853
21.808956534663693
21.232289614457414
20.557040378764032
19.74380639784248
18.69816982058218
16.91136423733831
14.17536241732823
12.915774327978582
11.8762113245785
10.944418421683668
10.077807161505614
9.254808552488523
8.462847037341012
7.693892560365914
6.9425027507482575
6.204864197717282
5.478239966098215
4.760619864837567
4.05057026569067
3.347045831291073
2.64936960036502
1.9570931767852833
1.270005272628988
0.5880668315841024
0.0
0.0
0.0
0.0
0.0
0.0
0.0
0.0
0.0
0.0
0.0
0.0
0.0
0.0
0.0
0.0
0.0
0.0
0.0
0.0
0.0
0.0
0.0
0.0
0.0
0.0
0.0
0.0
0.0
0.0
0.0
0.0
0.0
0.0
0.0
0.0
0.0
0.0
0.0
0.0
0.0
0.0
0.0
0.0
0.0
0.0
0.0
0.0
0.0
0.0
0.0
0.0
0.0
0.0
0.0
0.0
0.0
0.0
0.0
0.0
0.0
0.0
0.0
0.0
0.43853911431214104
1.9370394587840893
5.2005396962749195
6.738506651844064
7.8609004108038745
8.811058838702495
9.661498971740942
10.446220894855811
11.184515413530168
11.888572603474856
12.566609618542318
13.224446027591254
13.866253683484388
14.49512967082876
15.1132810003574
15.722317661341194
16.32338617451652
16.917230886860743
17.504277614766764
18.084720069737564
18.658516867254317
19.225451240736223
19.78515045894092
20.337129878890394
20.880735518752484
21.4152319539192
21.939797088593135
22.453404329811907
22.955030111819827
23.443546662024858
23.917735256612957
24.376338396908128
24.818055048196996
25.241544864268654
25.645441444654747
26.028369718571625
26.389047151003332
