6.913260876858553
6.957445737571016
7.132613865416326
7.456432039772665
7.972749484946062
8.82643064402607
10.991773769779474
12.124509976022896
13.040414432952268
13.877828796590174
14.673213669921017
15.441115576032312
16.18821961629645
16.917713170080045
17.631033346469685
18.328689655867034
19.010708656281064
19.676869282569346
20.326842914037105
20.960260883658876
21.576798653774436
22.176187352588386
22.75810033031005
23.322462715598068
23.869140074097015
24.39810679380631
24.9093883434691
25.40305439277403
25.87922713628237
26.338069647831816
26.779770877701566
27.204524395461874
27.612545151866925
28.00402100187299
28.379123659876257
28.737982768293204
29.080673977963816
29.407262133352027
29.717741401249175
30.01207050663283
30.290176982339517
30.55192690264047
30.797164420333818
31.02568517948568
31.237258516004605
31.431631690469036
31.608519380886836
31.76764048401109
31.90870861321786
32.03145316916344
32.135630517238
32.2210440023571
32.2875177762754
32.33498012097385
32.36339412832373
32.37284932543088
32.36352347313355
32.33572550413439
32.28988594198389
32.2266078340521
32.146644937551294
32.0509508850747
31.94065780083607
31.8171124338775
31.681867863270572
31.536670149944793
31.383482523336003
31.224476081088856
31.061983735795366
30.898534746898786
30.73680629836581
30.579598480454106
30.429806297499447
30.290393468980437
30.16433681056605
30.054568819347825
29.963957552325873
29.895221417941162
29.850839323184452
29.833045790018033
29.8437136608094
29.884310259673768
29.955873326239637
30.058965940428198
30.193675979516087
30.359632079841663
30.55601428748438
30.781623247033114
31.034892073479806
31.314001455312738
31.6168621955014
31.941228037570855
32.28471874402349
32.644858955957766
33.01911563865243
33.4049623616056
33.79986257205257
34.20134228740894
34.606965372916136
35.014369176048476
35.4212869023156
35.82552860870484
36.22499986850616
36.61771802451825
37.00178635957433
37.375428571928495
37.73696258782351
38.084835820185305
38.41758477985957
38.73384360292364
39.032362486513875
39.311980859243384
39.57165510436338
39.810425027635986
40.0274477601568
40.2219797854975
40.39338822298146
40.541142235225536
40.664805915967165
40.76404059370219
40.83861115226453
40.88836974690522
40.91326911201384
40.91335719970842
40.888752128967845
40.83966487075384
40.766364687836806
40.66919573155348
40.54854574468579
40.40486759924859
40.23862200074488
40.05037244866524
39.84067195442787
39.61013110622207
39.359347817701526
39.08892955678376
38.79947123579369
38.49151391267878
38.03716340319453
37.69524133413913
37.33636837562493
36.96071284881553
36.56822744252296
36.15859824587647
35.73120601871852
35.28496798109942
34.818191329087476
34.32827033822162
33.81122337737852
33.26083420752214
32.66697835033513
32.0116165320472
31.257386751606656
30.295591438141923
28.11033591374374
26.969149192048317
26.189434527712574
25.54845811955736
24.988439163794702
24.483167606040706
24.01793353579218
23.58344249641805
23.173382279343233
22.783200018001466
22.40955187124622
22.049888640699223
21.70227625240952
21.365239970345133
21.03771425641183
20.718931877469256
20.40841033688967
20.105881843276993
19.811266859460574
19.524648964913652
19.24626129891484
18.97646517062477
18.715730317036765
18.464657949223803
18.223922711140546
17.784944624591684
17.561550212583885
17.351419002946063
17.155611185112917
16.975230071334074
16.811444665658605
16.665468881976164
16.538550832829138
16.43197379222576
16.347030881141762
16.28504916436392
16.24737907579124
16.23541065466263
16.250570396419157
16.294335594264904
16.368252239894048
16.47397725909919
16.61324307897394
16.787947749032586
17.000164642144984
17.25222083420519
17.546787315531468
17.887075792290865
18.277005528291788
18.721631643075064
19.22775700926741
19.805061678810475
20.4683803207931
21.242789526599882
22.177986671211137
23.408977266935022
26.32850584501656
28.04007245538538
29.192379548236435
30.160223566741216
31.024857074495277
31.819957127894053
32.56288803597695
33.263697288937536
33.92859769791076
34.561582936122655
35.165257361360865
35.74132724370052
36.29088381708932
36.81456272049188
37.312689759230565
37.785380409996755
38.232555513956925
38.65404649744726
39.049594410970535
39.41890764868978
39.7616570796505
40.077532603517696
40.3662121668797
40.62739537324743
40.86083507117131
41.066300051572746
41.24361690171158
41.3926316930831
41.51326258088437
41.44297382961933
41.502620668918496
41.534112607392125
41.537519223399734
41.512918956258474
41.46038137345162
41.37996889400856
41.27169443163896
41.135543863655265
40.97139475389316
40.779047689137926
40.55816431260491
40.30823383873136
40.028553589772876
39.71813529975144
39.37567922463126
38.99946651426131
38.58720298925522
38.135843765204434
37.6412665791701
37.09779393586976
36.49731078199853
35.82760611807476
35.06877114062773
34.18409011525572
33.088273825812614
31.400365570025432
28.439572710250633
27.134675016837733
26.091415168426476
25.175282376984015
24.337052196576188
23.552130995259358
22.80621424380591
22.090234942783145
21.398133585140698
20.72571852702255
20.070053936449654
19.429083793133124
18.80138647471126
18.186040178480987
17.582478689278723
16.99046487302356
16.409974084176167
15.841194799649628
15.284453070239632
14.740235002963074
14.209110937357993
13.691741513962688
13.188872607225633
12.701275968272473
12.22979581416477
11.77523588995018
11.338514988441295
10.684110495842413
10.037574163689051
9.647117525027786
9.279027854819866
8.934167366647088
8.613346231964305
8.317306791642805
