20.46089721258658
20.37928328582745
20.270389417049937
20.134946381833096
19.817964860884278
19.629115271838796
19.418099340303332
19.187174279152384
18.93869382104519
18.675022014128594
18.398455162942106
18.11115427958937
17.81509545476227
17.512059627277864
17.20359134839751
16.891010208518658
16.575400145709
16.25764410866159
15.93839186657575
15.618100984567702
15.297064870939522
14.97539126652754
14.65304141846809
14.329861314772733
14.00555776874109
13.67977134508237
13.35204143611986
13.021869737415408
12.688712635517875
12.352028212409998
12.011260273231398
11.665836105257181
11.315424201681726
10.959400065082606
10.597439561456474
10.229208429405444
9.854495808991478
9.47302432608715
9.085175888155707
8.690595602510129
8.28957209442172
7.882349918445716
7.4692614716725165
7.05072460283415
6.627251436298239
6.199432133160392
5.767936788778006
5.333510177322937
4.896940270910652
4.459107089090808
4.020901463316445
3.5832977695142993
3.1472937211533556
2.7139338445513523
2.2843271442263906
1.859588662015692
1.4408744121066297
1.0293469285280186
0.6262001372751184
0.23261870153557085
0.0
0.0
0.0
0.0
0.0
0.0
0.0
0.0
0.0
0.0
0.0
0.0
0.0
0.0
0.0
0.0
0.0
0.0
0.0
0.0
0.0
0.0
0.0
0.0
0.0
0.0
0.0
0.0
0.0
0.0
0.0
0.0
0.0
0.0
0.29404879432972847
0.8760014499786439
1.5074888596146456
2.1941519840038746
2.9440393407386503
3.76912546405204
4.688578650277591
5.73628774526821
6.983673100262836
8.653619812577812
12.36622845737963
14.132355149043436
15.418579435516126
16.507158602022354
17.478679451240797
18.369914127808585
19.201341489858525
19.985754903116828
20.731750592643888
21.445457917826154
22.13142297957334
22.792999022384155
23.43294408104357
24.053346173309087
24.65589902302401
25.241995541299925
25.812759661993187
26.369116326281887
26.91183857250373
27.441534956201217
27.958721492300665
28.463807031942334
28.957094563672165
29.438844100092815
29.90924629121882
30.36842470250268
30.816467045248455
31.253419909626654
31.67927641235798
32.0940016457468
32.497525148682705
32.88972335315008
33.2704542401312
33.63955169049019
33.99680902976569
34.34201386921513
34.67492652310459
34.99530874987545
35.302927267103286
35.59752437098356
35.878856190511996
36.14667809334657
36.40072588540775
36.640737420657835
36.86644512827025
37.07757973671265
37.273899733873336
37.455161893718845
37.6211557426251
37.77169849345253
37.90661360761838
38.02578517251274
38.12909750087646
38.216496761857314
38.287922750103974
38.343359304636365
38.38280741717958
38.406309909736216
38.41391350253826
38.405726506472874
38.381877197119785
38.34252736456561
38.287874935096156
38.21817963191803
38.13373498718784
38.034892133487205
37.92203574661506
37.79559185017635
37.656027202432405
37.50383185765674
37.33953883907228
37.16369310674342
36.97688917880417
36.77970229045806
36.572754154642645
36.356670583706794
36.13207353713424
35.89959757456561
35.65988024533676
35.41356483657659
35.16125477075162
34.90357026938756
34.64107306104796
34.374304750915236
34.10374154989443
33.8298214146506
33.552910066070055
33.27328958164795
32.99116228689334
32.70663062709426
32.41969148367842
32.130228578746326
31.83797837031217
31.542500162078323
31.2431980325107
30.939212109088334
30.629437551113224
30.31238356620304
29.986115764594594
29.6479982128958
29.29439381680673
28.920015857465742
28.51662295893485
28.06995962953639
27.550544379061858
26.86752389309829
25.357353426044874
24.63472653658607
24.113082703273186
23.67540195021325
23.28723077947352
22.93248027010788
22.602020722235647
22.290085840254356
21.99282470117043
21.707510065412325
21.432214283496407
21.165560866220776
20.906569821551535
20.654585599664408
20.409167927495254
20.170079572939486
19.937235536691745
19.71070583687969
19.4906603139546
19.27736981898157
19.071225119829748
18.872693640348647
18.682338045425045
18.500773997556827
18.32871506396989
18.166932306047144
18.016269543322647
17.877613644457817
17.751921254056008
17.640184735356645
17.543454769742336
17.462814130090152
17.399388744827792
17.354358210781932
17.32890285574019
17.324274715424018
17.34173264554257
17.382585868849507
17.448196304411667
17.539966014403564
17.65939258038104
17.808062638880987
17.987715319407997
18.20030128739738
18.448068278931103
18.733750131370172
19.060789086627505
19.433772355013545
19.85914825557019
20.346713167794345
20.912754612221388
21.588584733717873
22.453027663880267
24.269388331624768
25.90752137501634
26.7968472704371
27.520908978410084
28.154512707320887
28.726601018335064
29.251549436691846
29.737434435281397
30.189116651539056
30.60963713191053
31.000978787225222
31.364453593165223
31.700944810272354
32.01112465427257
32.295519491284864
32.55462998044076
32.78897129740623
32.9991324835725
33.18582187408603
33.34990532896327
33.492372460870655
33.61443920347696
33.717482262095004
33.80308304528989
33.873006783232796
33.929207408112184
33.97378688382965
34.009003797684656
34.037242151789506
34.06092709116072
34.08253690200824
34.1044943582488
34.129104693276375
34.15847121024775
34.194417789667945
34.23838434647504
34.29141051108983
