47.81496908498018
48.423361254228936
48.99984514295996
49.54333262239736
50.05283644049286
50.527654165465144
50.96651946150762
51.36936366815519
51.735570801560314
52.064815761425876
52.35696825813868
52.612013248992056
52.83009419702772
53.01147353962831
53.156566716155496
53.265866664177
53.339995705185174
53.379619364303586
53.38550902843484
53.35847640301004
53.29942664994118
53.20915537264149
53.08861320859206
52.93869106116743
52.76026291211579
52.55414166538664
52.32104940936159
52.06168386880137
51.77658262000989
51.46618196383969
51.13075321663329
50.77042976911853
50.38510755596885
49.97453056733295
49.53819831435383
48.633587583192664
48.1385479114779
47.616313764936635
47.065313777928424
46.4835453224683
45.86858570608043
45.21744728521152
44.52643015814611
43.79100343579975
43.005417053228
42.16224374377675
41.25158867044061
40.259600812680425
39.16552366199646
37.93509288022196
36.50212554921919
34.692756548294426
30.535544191568984
27.718676713281504
25.96928785253457
24.52947839620816
23.25629406836852
22.09019485859676
20.999533815706325
19.96528957487991
18.975065484597998
18.02041084978676
17.095379542395513
16.19575187385571
15.318488927659196
14.461491446163333
13.62333219636412
12.803117157513821
12.000407420463496
11.215085937269613
10.44735110816277
9.697640387672294
8.966577043920337
8.255002465128124
7.563871081913208
6.894281718346775
5.485408165247422
4.114822316358129
3.475663492353076
2.8674149746870934
2.2918140389653567
1.75059021362586
1.2454676074088638
0.7781372855772839
0.3502288017477281
0.0
0.0
0.0
0.0
0.0
0.0
0.0
0.0
0.0
0.0
0.0
0.0
0.0
0.0
0.0
0.0
0.0
0.3415523393973024
0.747503180421818
1.1849912717125313
1.6508929521283098
2.141775091465149
2.653915621798295
3.183259011347712
3.725365544419053
4.275453007727792
4.828298429279185
5.378234725282332
5.919096981906855
6.444192638081269
6.94629991159535
7.417630179422839
7.849882746165384
8.23442610051514
8.562462671184747
8.825406765932348
9.015353681546687
9.125606137710616
9.151240010378462
9.089517599774874
8.940123783585985
8.705130068174443
8.388664853728429
7.996435109585873
7.535206092738211
7.012252738340099
6.435018543541045
5.810788976344485
5.146509445291201
4.448692388081072
3.7234323935937175
2.976365002797502
2.2127307051720915
1.4374285616248688
0.6550097692658778
0.0
0.0
0.0
0.0
0.0
0.0
0.0
0.0
0.0
0.0
0.0
0.0
0.0
0.0
0.0
0.0
0.0
0.0
0.0
0.0
0.0
0.0
0.0
0.0
0.0
0.0
0.0
0.0
0.0
0.0
0.0
0.0
0.0
0.0
0.0
0.0
0.0
0.0
0.0
0.0
0.0
0.0
0.0
0.0
0.0
0.0
0.0
0.0
0.0
0.0
0.5022216680468182
1.1895428322982264
1.8814401938058962
2.580155223090435
3.2907601831183775
4.0245019467123315
4.809087525391163
5.7441239391278724
7.530727027725456
8.250779144715288
8.684021771233434
8.969289157032259
9.150399278462803
9.248660739246665
9.27665698409124
9.24256751464126
9.152069243980863
9.009121273766365
8.81606694229118
8.573412996449292
8.278387851034584
7.920594586233003
7.461690961999279
6.444411321934686
5.905208556906142
5.591189977014924
5.387099776910625
5.272973921712172
5.247530842050889
5.320325910288337
5.5154127244487485
5.897041434688016
7.093507456692965
7.967600893466711
8.645266742594332
9.289368805926438
9.928941773442068
10.574361713074051
11.230117184260374
11.8982262586974
12.579513925207582
13.274117996173945
13.981738460586426
14.70180969357636
15.43355139964591
16.176021472823496
16.92809287283089
17.68855159738274
18.45600776536655
19.229005522751166
20.00592310277973
20.78504914310081
21.564513702970523
22.34233303480527
23.116393459604474
23.88446467528579
24.64418308879708
25.393058553509817
26.128517612872457
26.8478704031971
27.54836388520171
28.22716755637431
28.88139658058778
29.50814208326028
30.104458297657818
30.667423058760274
31.194119310112413
31.681710853223947
32.12742831908167
32.528588613528896
32.88263598676913
33.18715753207748
33.439864483614784
33.63863375379215
33.7815017335693
33.86666144212831
33.89246491754841
33.857445048172664
33.76028821270741
33.59985174283701
33.3751356507064
33.085311602878264
32.7296367815909
32.30749028922486
31.81828343096955
31.26143941833758
30.636318567163713
29.942094878713668
29.177649565353427
28.34128715526025
27.43042714984727
26.441031888847974
25.366484981530505
24.195609795826275
22.90824852601721
21.46396976731442
19.763872163988868
17.39513836042186
12.896654215715447
11.020991076036472
9.649966901276338
8.546223450466488
7.629648988301758
6.862634099688563
6.224846357253616
5.704553724187155
5.294852419507554
4.9917703563369376
4.793314391586874
4.6989094752224485
