17.348708300000006
16.864241899999985
16.370598199999968
15.87448940000001
15.382449499999991
14.900715499999997
14.435257099999976
13.991539100000018
13.574610499999997
13.188955999999981
12.838555400000017
12.526764799999981
12.25643539999998
12.029794700000002
11.772652100000009
11.569444699999998
11.488215199999962
11.506391600000033
11.60950999999997
11.787502099999996
12.032735000000008
12.339060799999997
12.701341399999977
13.114973300000008
13.575887600000021
14.080312399999961
14.624832200000004
15.206269099999995
15.821712500000013
16.468489399999978
17.144253499999984
17.846836699999972
18.574397599999955
19.32524329999999
20.09803729999998
20.89162129999999
21.705044900000008
22.537624999999984
23.388737899999974
24.258027199999997
25.145255300000017
26.050214299999965
26.972844799999994
27.913117100000008
28.871031200000008
29.84652769999998
30.83960659999996
31.85008970000002
32.87782849999998
33.9224963
34.983706999999995
36.06083689999998
37.153232599999996
38.26000309999997
39.38004949999999
40.51221350000001
41.655099200000016
42.8071028
43.96650169999997
45.131424800000005
46.29985249999997
47.469557300000005
48.638282000000025
49.8036803
50.963227699999976
52.11442939999996
53.254731199999995
54.381519499999996
55.49229949999998
56.58445760000001
57.655558399999975
58.703196199999965
59.72508409999997
60.719024300000015
61.682997199999996
62.6151317
63.51373489999995
64.37729209999998
65.20449649999998
65.9942789
66.7458374
67.45848889999998
68.13187699999999
68.76591260000002
69.3606848
69.9165797
70.4341913
70.9144106
71.35824740000001
71.7670976
72.14238679999997
72.4859267
72.7995587
73.08545090000003
73.35114710000003
73.58173790000001
73.7914199
73.98247999999998
74.15717540000001
74.3176148
74.40246769999996
74.44131529999997
74.4534923
74.44119649999998
74.40647720000001
74.35141339999997
74.27802469999997
74.1882119
74.08390549999997
73.9669469
73.83905869999997
73.7019932
73.55738389999999
73.40680489999997
73.25177090000001
73.10716159999998
72.94226719999999
72.7769867
72.61265659999998
72.45049460000001
72.29171839999997
72.13739720000002
71.98860019999998
71.84627780000001
71.71143980000001
71.58488810000003
71.46745429999997
71.35991060000002
71.26299949999998
71.17734469999998
71.1035996
71.0423285
70.95803990000002
70.88343350000001
70.83154759999995
70.802204
70.7952245
70.81037149999999
70.84740740000001
70.906154
70.98631429999999
71.0876507
71.20992559999998
71.35287169999998
71.51619199999999
71.69964889999999
71.902886
72.1256063
72.36745340000004
72.62804119999998
72.9069539
73.21304210000001
73.52043710000002
73.84434529999999
74.18414299999998
74.53920650000002
74.90888239999998
75.29242819999996
75.68901229999999
76.09789220000003
76.5181175
76.94876749999999
77.3889215
77.83748060000002
78.29346470000003
78.7556858
79.22304500000001
79.69432459999999
80.16833660000002
80.6437742
81.11941969999997
81.5939366
82.06601810000001
82.53435739999998
82.99764769999999
83.45458219999999
83.9038838
84.3442754
84.77453929999999
85.19348749999997
85.60002109999999
85.99301150000001
86.371538
86.73462049999998
87.08151649999998
87.41145379999999
87.72392749999999
88.01849209999999
88.29490999999999
88.55312179999999
88.79339480000003
89.01623389999999
89.2225598
89.4137387
89.59176049999999
89.7594467
89.9207177
90.01560920000001
90.05935729999999
90.07334599999997
90.05769409999999
90.01257979999998
89.93821099999997
89.83506289999998
89.703581
89.54435930000001
89.3581403
89.14563679999999
88.90779920000001
88.64551849999998
88.35989360000002
88.0519937
87.7230068
87.37420999999999
87.00691009999997
86.6224436
86.2222361
85.8077429
85.3804787
84.9418691
84.49351790000001
84.03693979999998
83.57364950000002
83.10522110000002
82.63319899999999
82.1590385
81.68428400000002
81.21039080000001
80.7388142
80.2708907
79.80801619999998
79.35146780000001
78.90246319999997
78.4622498
78.03192649999998
77.6125625
77.20510819999998
76.81048430000003
76.42955210000001
76.0630838
75.71173279999998
75.37615249999999
75.05684779999997
74.75423450000002
74.46875809999999
74.20062650000001
73.95013670000002
73.7173481
73.50234980000003
73.30511210000002
73.14274220000001
72.9803723
72.8180024
72.68539189999998
72.57021529999999
72.4721162
72.39058969999999
72.32519029999999
72.2704532
72.19780699999998
72.14805949999999
72.1188347
72.1081724
72.11420149999996
72.13528849999999
72.169889
72.21654769999999
72.27392809999998
72.3407234
72.4157159
72.49771759999997
72.58559989999996
72.67826390000002
72.77469979999996
72.87386810000001
72.97490750000001
73.07689729999996
73.18583690000001
73.28450030000002
73.38185689999997
73.47731270000001
73.57048160000001
73.6610072
73.748741
73.83362360000001
73.91580349999997
73.9618088
73.9873211
74.00044849999999
74.0004782
73.98684590000002
73.9591061
73.91699150000001
73.86035359999997
73.78928149999999
73.7039534
73.60484449999998
73.4925191
73.36780879999995
73.2316343
