11.893801435005027
11.862931180400887
11.803043485337824
11.713700229253638
11.595452744715256
11.449795639578447
11.279038991303011
11.086212636802603
10.874875807875338
10.649006639441735
10.412890191748545
10.170962062596775
9.927752091234472
9.687780850408421
9.455476138276106
9.235168533283897
9.031031266993303
8.847087310176217
8.68719861007911
8.555110341285058
8.454453441433333
8.388718346105795
8.361376354169618
8.375822665986487
8.435510648888354
8.543952285007979
8.70484318601513
8.922147786828363
9.200265175792985
9.544307180605909
9.960342739031315
10.45603094313546
11.041413249112981
11.73053805755923
12.544554659709885
13.51859875189027
14.721164384197259
16.33351682876689
20.252125046061465
22.670327538217247
24.302401946381934
25.7015692867354
26.97903848448246
28.17977918078231
29.326722542706428
30.433036199392326
31.506868499187263
32.55344211882361
33.57613650115798
34.57714444878301
35.55782364919597
36.518909903407035
37.460710969358445
38.383184610009785
39.286025187085954
40.16871071390254
41.03065754704707
41.87065690032399
42.688134177071
43.48190857938284
44.25088892792965
44.99394717755183
45.70990885256482
46.39761266635188
47.055876711815955
47.68352100236555
48.279425879009096
48.842470110041056
49.37161555124503
49.86586247307995
50.324319100540805
50.74610863746166
51.13052315148386
51.476780290394046
51.78431524070085
52.052578815314874
52.28109644828534
52.4694383483766
52.617242859201625
52.72417688384751
52.78995636019543
52.81435775692651
52.797156050858476
52.73820480618898
52.63723784668997
51.988038885420096
51.785144646232084
51.540894145384684
51.255174973506584
50.92771189714435
50.558124381934135
50.14589623884622
49.6903137367124
49.190423219197854
48.64500048419823
48.05243893727773
47.41066264812466
46.71698934571949
45.96791464259034
45.15886906682577
44.28370754533863
43.33398285868237
42.29756617222506
41.1560436244117
39.87893546727385
38.408437016206044
36.60300299686782
33.66691875697475
29.32413373457218
27.41408897310217
25.89344200047361
24.57472939086862
23.3856795075967
22.289284953692714
21.26367558924186
20.294782307690237
19.37307305857167
18.491771464590354
17.646019809658682
16.8322315281482
16.047776357495387
15.290700040978985
14.559620374019174
13.8535198341593
13.17176961188866
12.513941643075576
11.879835388929319
11.269433584784725
10.68280767727543
10.120173055269492
9.58182544881199
9.06809728614462
8.579413942354904
8.116225230913582
7.6786539128833
7.2682710060056674
6.884484393592833
5.8150904155670196
4.765059630519024
4.459528809524038
4.18702605136429
3.948013708682862
3.7428359997324696
3.571838573857115
3.43523695686378
3.333225999641191
3.265922368691479
3.233366916466262
3.2355755908499617
3.2724667533225396
3.3439429723831413
3.449826151194795
3.5898913432079675
3.7638976415539265
3.9715448355450738
4.212535890748509
4.486532531498632
4.793205981648866
5.132214883528511
5.503253847614813
5.906069433876046
6.340440079090097
6.806269793006484
7.303556271110404
7.832480413084145
8.393436354237888
8.987101599808726
9.61454749045031
10.277377181908085
10.97794280047444
11.719678621170761
12.507673650382651
13.349536680553513
14.257295472795406
15.2510218800767
16.368389176574805
17.69587815040774
19.576951829792456
23.086883995477137
24.555595094633276
25.66492274004409
26.596571438755873
27.41302376225803
28.144851250172586
28.809683578442826
29.418808170219236
29.97989485391804
30.49842026638465
30.978396197856988
31.422849804600574
31.834054477980686
32.21375326027561
32.5632076677957
32.97552731782624
33.17478967649629
33.43789837947432
33.67277723044374
33.879350022913464
34.05730327160821
34.20611288236711
34.325060779506714
34.41315895245359
34.469229837059025
34.491830362053754
34.479275186041704
34.42964190423076
34.340674864521766
34.2098301897423
34.03414979841269
33.81023134986455
33.53405460812988
33.20082612530986
32.80470049827078
32.33834235013664
31.79224258780885
31.15353719360494
30.40363746310446
29.513263324897537
28.42937198279264
27.029226037692375
24.731273206458887
20.743211710631204
18.9247889197597
17.420035946535354
16.059182524300716
14.780157967108565
13.55232355434206
12.358223421637858
11.187089601539437
10.031962178679683
8.888306489484906
7.753160486888869
6.624701847549927
5.501944438179586
4.384538419884954
3.272646233788265
2.166884093200839
1.0682066514020836
0.0
0.0
0.0
0.0
0.0
0.0
0.0
0.0
0.0
0.0
0.0
0.0
0.0
0.0
0.0
0.0
0.0
0.0
0.0
0.0
0.0
0.0
0.0
0.0
0.0
0.0
0.0
0.0
0.0
0.0
0.0
0.0
0.0
0.0
0.0
0.0
0.0
0.0
0.0
0.0
0.0
0.0
0.0
0.0
0.0
0.0
0.0
0.0
0.47821919862324536
2.0584902406604577
3.977276050907781
8.147652176282017
10.527499555671417
11.976981323062446
13.089387342687486
13.990299467853763
14.73156493383901
15.3395386146575
15.828892518691571
16.208191034200738
16.482418080660302
16.654422883962486
