5.424052473681204
5.381659602725604
5.336375701262487
5.288912640979825
5.240299963667453
5.191843954073284
5.1450977724454265
5.101815904882312
5.063851509987817
5.033165879017674
5.01176838600868
5.001697727929893
5.004981879208301
5.023664415294855
5.059777054622466
5.115383156232324
5.192563870558701
5.29351046940583
5.420524683137828
5.576149164159045
5.763295849461796
5.985452003751678
6.247061133519926
6.554122590824352
6.915378801020458
7.3448703392480095
7.868503564388092
8.547929763684888
9.71887301605657
11.445075746650337
12.243121199499575
12.90318915675118
13.495042236256646
14.044919080866487
14.56588818201505
15.06543632781601
15.548220501181294
16.017321471842912
16.474829929362244
16.922265109159298
17.360700065272614
17.790962625685303
18.21366422227895
18.62933647668006
19.038282288563902
19.440910791799794
19.837440575857737
20.228102086104936
20.613072360175266
20.992518751186154
21.36661771514111
21.735543345792017
22.099503112147286
22.45867245706238
22.81321502121677
23.163466732453262
23.50962580462266
23.851970129233905
24.19078405405918
24.526383235258837
24.859102937386023
25.18930356742316
25.51737707379381
25.843723087221772
26.16876478835776
26.492922946947285
26.816619608654396
27.140283202157974
27.464318479317335
27.789135794983395
28.115144850159478
28.44273039310448
28.77225638463794
29.104095486645587
29.438561394712185
29.77593542259856
30.11646627087084
30.46032077763714
30.80759393766274
31.15832431662746
31.512450199192227
31.869842566347263
32.23028668755047
32.59351779789196
32.95918324670837
33.32686959980544
33.69609794886978
34.06633415875298
34.436986277022456
34.80742875508674
35.176991997368205
35.54499054095516
35.91071163763122
36.27342199826258
36.632383203534225
36.986871701200194
37.33614297924206
37.679486941911335
38.01621582138574
38.3456558373657
38.66719335533101
38.98022969823345
39.284209050598484
39.57862975551146
39.86300011485018
40.1368820770266
40.39983550196335
40.65144224791542
40.89127485715857
41.118913657568164
41.333919710404516
41.53586890421525
41.724312881225636
41.8987653935818
42.058785465782314
42.2038982338701
42.33361452622043
42.44744929344824
42.544884543467035
42.62539170034861
42.688430609636455
42.73345273042698
42.75986728288519
42.767103304462935
42.75453994006337
42.72156896822844
42.667560305885075
42.59186100482871
42.49382254725043
42.37276666722986
42.22802443077911
42.05889901282213
41.86468931025569
41.64465484299445
41.39803219997488
41.12400469083399
40.821663373464794
40.339206840299504
39.97791252941538
39.5853993543099
39.1601399963179
38.700247401064196
38.20336409683595
37.66648345673402
37.08562273899834
36.455319619819115
35.76779657994425
35.011262045406866
34.166430428464935
33.19759512862604
32.02258298476715
30.305034734159783
27.078376156829073
25.67664808858208
24.587487266946106
23.650134305522187
22.807705986903137
22.031986969948594
21.30652961723491
20.620746442387127
19.96737709879829
19.341199511570164
18.738321359085905
18.15574070478844
17.59114494352539
17.042676379331827
16.508851072790787
15.988449589229992
15.480471105215488
14.984089885413422
14.498505349889314
13.6815878268967
13.20053544881272
12.729047078902475
12.26673732601717
11.813310477718778
11.368490338132094
10.932038780780765
10.503759210622503
10.083459572583822
9.670984711514329
9.266180662904658
8.868909127501881
8.479034717004616
8.096446668919668
7.721018299790606
7.352614875635311
6.991106228594104
6.636353860929339
6.288217327308237
5.9465488498254855
5.611190901878618
5.2819872243034
4.958780122188348
4.641394491169767
4.329653852839126
4.023397025869213
3.722426567673433
3.426561366409458
3.135591602633174
2.849322127370424
2.567545448270587
2.290058765657286
2.016647756688992
1.7471321819362788
1.4813155627217476
1.2190402848211375
0.9601564109004608
0.7045372766001288
0.4520839830906266
0.20273310975875347
0.0
0.0
0.0
0.0
0.0
0.0
0.0
0.0
0.0
0.0
0.0
0.0
0.0
0.0
0.0
0.0
0.0
0.0
0.0
0.0
0.0
0.0
0.0
0.0
0.0
0.0
0.0
0.0
0.0
0.0
0.0
0.0
0.0
0.0
0.0
0.0
0.0
0.0
0.0
0.0
0.0
0.0
0.0
0.0
0.0
0.0
0.0
0.0
0.0
0.0
0.13433997010430176
0.7568583076537994
1.4464267515059555
2.217760190797585
3.0949062083187617
4.122685714700756
5.408203018292441
7.5174544679288955
10.668836201613695
12.06956964500714
13.202424232509735
14.199558665331297
15.110627252392534
15.9605223355017
16.763609737095976
17.528901112702616
18.26237326027775
18.968095734174007
19.648908576038647
20.30673970931135
20.94292782221519
21.558322733698223
22.153407534776505
22.728386579730042
23.283223449206197
23.81768450569842
24.331394465388808
24.823826653876967
25.294373067106346
25.74232266890644
26.166910204323532
26.567318848929617
26.942714712303534
27.292242714259537
27.61504252260641
27.910276666043764
28.177148795992476
28.414882084032538
28.622789182526958
