76.69741640000001
76.2595196
75.819722
75.37879579999998
74.93754289999997
74.4968246
74.0573537
73.6199321
73.18533199999999
72.77879840000001
72.33564469999999
71.89765879999997
71.46540499999999
71.03944759999997
70.62017269999997
70.20796639999998
69.8030069
69.40550209999998
69.015452
68.6327972
68.25735949999998
67.88890129999999
67.5269771
67.1711414
66.82077049999998
66.47521099999999
66.13372040000004
65.79537800000001
65.45929279999999
65.12445499999998
64.78976570000002
64.4540963
64.11628849999998
63.775065200000014
63.42923839999998
63.07753099999997
62.71860649999997
62.35121750000001
61.974116600000016
61.58602669999999
61.18573010000001
60.77209820000002
60.34397269999998
59.90034379999998
59.440201699999996
58.962625699999975
58.466873299999996
57.952172299999965
57.417898999999956
56.863607899999984
56.2888535
55.6933982
55.0770935
54.43987999999999
53.78190620000002
53.10338000000002
52.40465779999999
51.68621479999999
50.9486747
50.1927503
49.41933259999998
48.62934230000002
47.82393769999997
47.00424740000003
46.17157819999999
45.327355699999984
44.47303519999999
43.61022049999999
42.74051539999997
41.865701900000005
40.98759170000001
40.108026199999976
39.22899529999999
38.35242950000002
37.480407800000016
36.61494980000003
35.758193900000016
34.91221910000001
34.0791341
33.26107729999999
32.460097999999995
31.67827520000001
30.91768790000001
30.18029629999998
29.46806059999997
28.782851900000004
28.126481899999995
27.500702899999983
26.90711869999998
26.34727370000001
25.82259349999997
25.3344146
24.88395470000001
24.472253300000002
24.100290499999986
23.768868200000007
23.4786992
23.230258699999982
23.023962500000003
22.784877500000004
22.595837000000017
22.513835299999986
22.52120089999996
22.606826
22.763077699999965
22.98449120000001
23.26681939999998
23.606676499999978
24.001151900000004
24.447572599999976
24.94353290000001
25.486686500000005
26.07468710000001
26.70524779999997
27.376052000000005
28.0847534
28.82894630000003
29.60619529999996
30.414035300000023
31.249882400000022
32.1111824
32.995321700000005
33.8996273
34.82145589999998
35.75807509999998
36.70681190000003
37.664963600000014
38.62979780000002
39.598641499999985
40.568851399999964
41.5377842
42.502855999999994
43.46154229999999
44.41131859999998
45.34980890000002
46.274607500000016
47.183486899999984
48.074219599999985
48.944726599999974
49.792988300000026
50.617103899999975
51.4152617
52.18585790000001
52.927318399999976
53.6382473
54.31739719999999
54.963698900000004
55.57623169999999
56.15425309999999
56.697258200000014
57.20503909999997
57.6775661
58.115254999999976
58.51890770000001
58.88986070000001
59.23016330000001
59.54290430000001
59.83259809999999
60.1058678
60.372752000000006
60.648961999999976
60.8156681
60.90084769999998
60.93675500000004
60.924013699999996
60.86333659999998
60.7555256
60.60147170000001
60.40215499999997
60.158585299999984
59.871861499999966
59.54320129999997
59.173762999999965
58.764912799999976
58.317957500000006
57.834292999999974
57.31540430000001
56.76283579999998
56.178102200000005
55.56289639999998
54.91885189999999
54.247691300000014
53.55119659999997
52.83120919999999
52.08960019999997
51.328210999999975
50.54903150000002
49.75402189999998
48.94520179999999
48.124561099999966
47.29417880000001
46.45613389999998
45.6124757
44.76528319999998
43.91663540000001
43.068670700000006
42.223379
41.382839299999986
40.549071200000014
39.72403490000003
38.90969059999997
38.10793910000003
37.320621799999984
36.54952069999998
35.796358400000024
35.06279809999999
34.35038419999999
33.66066109999999
32.99499499999999
32.35472239999998
31.741031300000003
31.155079999999984
30.597878299999955
30.070346899999993
29.57331739999999
29.10744320000001
28.673407399999995
28.27162579999997
27.902484499999968
27.5663102
27.26325139999999
26.993367500000005
26.75662879999999
26.5529462
26.382111800000008
26.24379889999996
26.09105180000001
25.95309529999999
25.877627599999965
25.85576839999999
25.880924300000004
25.948105699999967
26.05312489999996
26.192536700000023
26.36337109999997
26.5629254
26.78876420000002
27.038600599999974
27.310296199999986
27.60183140000001
27.911275700000015
28.236787700000015
28.5766151
28.929005599999964
29.29235539999999
29.665120100000014
30.045785000000002
30.43295419999999
30.82532089999998
31.221548600000016
31.62050869999999
32.02110230000002
32.422260199999975
32.82309139999999
33.22273460000002
33.62041759999997
34.015427599999995
34.40717059999996
34.79514169999999
35.17886569999998
35.55798619999999
35.932235899999974
36.30131779999996
36.66517250000001
37.023651500000014
37.376784499999964
37.7246309
38.06733919999998
38.40508759999997
38.73814340000001
39.06680359999999
39.391483999999984
39.712541000000016
40.03047949999997
40.345744999999965
40.6588721
40.97036569999999
41.28081979999998
41.590739299999974
41.900688499999966
42.21123169999999
42.5228144
42.8359415
43.15102880000002
43.468462399999986
43.788598700000016
44.111615900000025
44.43778129999998
44.76715429999998
45.09979430000001
45.43567159999997
45.77463769999998
46.1165738
46.46118289999998
46.80822739999998
47.157350900000004
47.50819699999999
47.860379600000016
48.213423499999976
48.566972299999975
