11.635724738836393
11.482451747163136
11.36024468873703
11.26988002043541
11.212127022035036
11.187708408420656
11.197319968691035
11.24163596851616
11.321304715692909
11.436967205435216
11.589271136459582
11.778918993140318
12.006682004610445
12.27345841235751
12.580309868149689
12.928570038892833
13.319905240969865
13.756491574094952
14.241203374132379
14.777968983310174
15.372315451956966
16.032306369919315
16.77033861676403
17.607027716432274
18.58096034224391
19.782517329718036
21.6140062812168
24.77504320166343
26.137467017233547
27.213363841562987
28.146323617420727
28.98789903750402
29.763405286015114
30.487355327341547
31.16883854665658
31.81391984680905
32.426777508884136
33.010387015036
33.566892449744294
34.0978585182458
34.60442743236246
35.087414201427855
35.547411800188186
35.98480767148534
36.39984217887969
36.79262825322633
37.16317354383437
37.511397418735484
37.83714528428734
38.140221987891834
38.42037116755377
38.67731966589809
38.91074972530443
39.12032087072379
39.30568156867621
39.46643703017665
39.602196617974755
39.71253799344681
39.797035824390704
39.855245628011986
39.88670667619737
39.89092713751246
39.86739026640157
39.81555658867952
39.73480894391679
39.62447276065288
39.48380377075244
39.31194309550653
39.107926593511195
38.870624580345414
38.59874145032423
38.29071719823816
37.944681962424994
37.55834278957444
37.12882566401259
36.65248464855157
36.124504224802514
35.43886580860876
34.79120738803311
34.0634306042705
33.233006090916504
32.25760359406925
31.035328916019573
29.02530391302481
25.941013931688524
24.557299340381007
23.436547382448097
22.448216004820424
21.542515711958256
20.694135204936746
19.88817912820427
19.115067912998025
18.368305651881432
17.64327725852223
16.936667515783157
16.245980423622527
15.284485100436662
14.599079289995966
13.925378383170074
13.262756146182046
12.610815953962438
11.969349543677748
11.338329112180984
10.717839118264989
10.1081093449558
9.509435527616988
8.922249629078108
8.347034898176387
7.784368576381819
7.23488856667198
6.699291247813478
6.178325034093603
5.67279022670119
5.183525244495188
4.711393102614798
4.257280410978785
3.8220749955342193
3.4066995538779863
3.0120399878637953
2.6390136203049317
2.2885276361154365
1.961486678201095
1.6588122326259918
1.3814026183033092
1.130150196278146
0.9059438473142586
0.709658631007726
0.5421385961536498
0.40423949945931553
0.29680230537361696
0.2206526495495632
0.176630747862107
0.16557322800748125
0.18831090131641304
0.24568914074911619
0.3385825640119265
0.4678745673440221
0.6344982093461863
0.8394242709365289
1.0837216943554449
1.3685482831480136
1.6951865337934577
2.0651081031259286
2.4800115359501045
2.941935902422649
3.4533479299181615
4.017324389195412
4.637793304066768
5.319930828610077
6.070774761821748
6.900298555963639
7.823428942357611
8.864293188100632
10.066506624194094
11.526527046165256
13.592944898362987
17.783781867159124
19.632971051410905
21.051452050759153
22.27255399472961
23.371937812168376
24.385439298239536
25.333265936388035
26.228003823087015
27.078029263850624
27.889175727273077
28.665631861889423
29.41047688062956
30.126002845358727
30.813959943290914
31.47566211786811
32.11214094928313
32.724185479441495
33.31241803301802
33.877305388626084
34.419230715922424
34.9384787162158
35.43526457061837
35.90973660675028
36.36199561458681
36.7920840813506
37.20000005726648
37.58567651335007
37.949022955607404
38.28989196790274
38.6080901488111
38.90341749068342
39.175588349647896
39.42430415852683
39.64921287645552
39.849925939714986
40.02599059093765
40.176928001188315
40.30219912588617
40.4012327225008
40.4733975328966
40.51802018240018
40.5344066125163
40.52177131903463
40.479326961847256
40.40623293751514
40.30161229100736
40.1645638118571
39.994130978998555
39.78934607436407
39.549182129628946
39.272581186459824
38.95838618831992
38.6053752888332
38.21215949534157
37.77718404030196
37.29862211422266
36.774273910269265
36.201421672919324
35.57656540477826
34.895021953737185
34.15024515559812
33.332565786581156
32.42663384444243
31.405655330584818
30.21491987899992
28.702160504267
25.199216166202007
23.106233947446537
21.75118294486676
20.647002641093213
19.688413655010933
18.830855610889113
18.050679011427967
17.33379140864573
16.67114577912954
16.05662238947653
15.485961646809862
14.956127316868288
14.464901548231538
14.010639619740362
13.592113337586438
13.208386762037417
12.858729569197772
12.542556673143109
12.259388726170446
12.00880787465683
11.790430196542882
11.603893092860297
11.448820438144358
11.324821407528265
11.23146976939169
11.16832980861693
11.13490890852971
11.130685051760647
11.155105377383041
11.20758431016508
11.287509364322764
11.39425145850227
11.527165931130584
11.685613092277888
11.868943617079108
12.076535613331695
12.307778396270466
12.562137977744506
12.839134155735069
13.138402934139336
13.45972628870284
13.803047486556157
14.168568106062095
14.556768728888926
14.96855470261933
15.405338360632703
15.86932497721009
16.36382676071693
16.893890904548204
17.46744898409271
18.09778577048419
18.80966405646685
19.659950837301643
20.877708528491212
23.122848260603668
24.074648054545847
24.800323495054926
25.413974634074066
25.955612639494007
26.444858934465856
26.892920247592155
27.306799680107325
27.69103109098468
28.048613660475148
28.38146683031318
28.690768455081376
28.977107094255988
29.240631212611596
29.481140737166886
29.69813522347141
29.89088637341072
30.05846073891337
30.199776028139123
30.31363046907878
30.398723949698365
30.453698921812016
30.477134704198022
30.467595319256585
