35.80308841055056
36.148374975004735
36.505525412063335
36.87390759945895
37.25210938806944
37.63800372135084
38.02886178112384
38.4214709237121
38.81229305595434
39.19755457440129
39.57341673437038
39.93604747961032
40.28177116198792
40.60711303162531
40.90891530042973
41.18435624968843
41.43101951546065
41.64691674388806
41.830473783700235
41.980563620558954
42.09647418694956
42.17790797779815
42.2249272081531
42.23794348644653
42.21766036280005
42.16505574241272
42.08132909555297
41.96784693216958
41.82611924925479
41.65773928763311
41.4643677143
41.247649407130886
41.009211122389196
40.75061888810724
40.473300300301766
40.17859706422133
39.86768183263809
39.54155172608745
39.20099680812382
38.846594195693925
38.4786997737319
38.0974136580603
37.70259679336313
37.29384206430775
36.870446170045646
36.43142521196615
35.97544787389981
35.50080973873963
35.0053752730633
34.48645783556428
33.94067974958876
33.363697590813224
32.74977488760229
32.09101968851976
31.375894213218285
30.586102573712424
29.688701441722905
28.610106016462577
27.068543731637384
24.04449631766889
22.720911764422027
21.701917459464973
20.827262365724742
20.04184263679963
19.318734086941888
18.64249340229294
18.003377050527938
17.394865775036834
16.81243540457379
16.2528560601032
15.713795022902088
15.193554564610201
14.690890435528681
14.204897025118242
13.734939193129353
13.280580578632149
12.841534529372778
12.41762953247121
12.008810228723759
11.61507366564616
11.236494598714357
10.873194995966045
10.525343641848782
10.193136982285601
9.876830380557776
9.576679941182375
9.29299793511134
9.026102285307052
8.77634222085207
8.544092335282514
8.329747029083682
8.133719650489734
7.95644450487772
7.798380104118512
7.659983799139532
7.541748109888947
7.444169584248609
7.367742685740632
7.313000952795094
7.28045914890751
7.270674928820979
7.284207385858158
7.321641019581716
7.383583869643403
7.470676437692219
7.5835972985960005
7.723059956501984
7.889846633589325
8.084805071344576
8.30885104176339
8.56303709367109
8.848548408958536
9.166775564973268
9.51935387345024
9.908249818371726
10.335863892797965
10.80523450039324
11.320317135617545
11.886422770129824
12.511084468176678
13.20553724528369
13.98795039665363
14.891303412547357
15.98906086942308
17.55363857410355
20.66217887475578
22.02098111614797
23.062673280003448
23.955443164629898
24.754755955675474
25.486866470211627
26.166381573164756
26.80221255630168
27.40011273408667
27.963886633044023
28.496130530516222
28.99858329358289
29.472378822665387
29.91826499352966
30.336635843004093
30.72766722517989
31.09132375374112
31.427434459492297
31.735691799930628
32.01568597171191
32.26692097203492
32.488838660611734
32.680790395477
32.842076269498264
32.97196091843541
33.069627730228135
33.13421085584758
33.16478442310301
33.16031343311782
33.11968577569599
33.041662842592935
32.924848039572474
32.767693454371646
32.56841638284531
32.32495097167104
32.034852603016354
31.695142539491048
31.302147646549635
30.85117954779325
30.336098314868114
29.748495126819584
29.076298506880676
28.300867730302617
27.39027646728934
26.279743812115775
24.78123901288776
21.194785794429578
19.276658916031263
17.89493727966723
16.707719833596745
15.627249757430338
14.61481596701777
13.649407384249434
12.718195714678501
11.812790302233191
10.927425445409668
10.058015397391578
9.201614572388433
8.35611804089456
7.520006268476757
6.6922472746223916
5.872181568595024
5.059471013708787
4.25402859762707
3.4560148418471637
2.6657794102703636
1.8838772875205336
1.1110357417664272
0.3481278164058426
0.0
0.0
0.0
0.0
0.0
0.0
0.0
0.0
0.0
0.0
0.0
0.0
0.0
0.0
0.0
0.0
0.0
0.0
0.0
0.0
0.0
0.0
0.0
0.0
0.0
0.0
0.0
0.0
0.0
0.0
0.0
0.0
0.0
0.0
0.0
0.0
0.0
0.0
0.0
0.0
0.8806755521960759
3.1268647171166095
8.057030851930874
12.130556259762708
14.487406394009595
16.45624385839177
18.224621275500162
19.866966442634062
21.421727147546825
22.91164685645893
24.35104515093309
25.749745989460127
27.11428912559466
28.449187309452938
29.75749055274837
31.041128076490867
32.30120723160974
33.538176591724195
34.751952890542874
35.94203586554979
37.10755975350155
38.24738456580279
39.360110644235554
40.44414811888518
41.49775970998657
42.51908442223232
43.50615230328307
44.456930975815375
45.36934796124171
46.241313492201705
47.07071268793542
47.85549419288526
48.59364057784062
49.28322329410216
49.92242571224798
50.50956655684313
51.043134882414414
51.52181012511556
51.94448399377645
52.31031409638097
52.618752411479946
52.86955653040939
53.06286745152092
53.19923901408746
53.279552060026475
53.305273023200265
53.27832710957504
53.20120917865588
53.07698050249505
52.90932888897374
52.702615811475916
52.461890240301344
52.192925904195626
51.628153263323384
51.31458256171345
50.99499247734286
50.67794270159895
50.372534679153176
50.08827733145104
49.834896652769
49.622145798025024
49.45936440330986
49.355198873308474
49.31715837386737
49.35127467258864
49.46169663634727
