36.6713392766299
37.02888404433483
37.41973986885686
37.84341192412779
38.2985623709933
38.78307268926386
39.29415580516101
39.828462184129975
40.38219831024159
40.95124604824485
41.531281505852014
42.11787777030025
42.70660065660724
43.29309094981846
43.87310327099598
44.4426062225597
44.997786957228726
45.535090727189434
46.05125700837954
46.543301772952226
47.0085625444863
47.444664764379795
47.84952714317088
48.221368121514004
48.55867367880079
48.86019226040963
49.1249486697087
49.35211231778288
49.54115754380645
49.69170532823346
49.803559651454336
49.876657466259566
49.911091781877914
49.907046474101755
49.864796753841205
49.784704510136145
49.66715343919597
49.51258740594358
49.074784154308055
48.84089166870687
48.57198391459495
48.26844906107616
47.93068914168819
47.559002550641836
47.15359240647146
46.71456412837477
46.241861237537016
45.73524164604085
45.194261702702335
44.61817133273049
44.00587967796006
43.35581053785717
42.665763888009096
41.93262045080186
41.15199981371108
40.31754637995625
39.419737110682334
38.44350508635912
37.36279744736561
36.125658256540156
34.59418512696811
31.200474162276212
28.851734338335906
27.446454864075005
26.31767217989389
25.34424834806148
24.475738366707198
23.685308369796836
22.956724604583634
22.27933772870119
21.645808531337572
21.050885001892958
20.490694724310874
19.962345859105188
19.463635575807828
18.99289105771273
18.548810602392297
18.130388835367057
17.736867193600638
17.3676601674823
17.022337732148983
16.700567206672794
16.402168932036183
16.12700073069431
15.875010809944733
15.64620462251795
15.440619815064643
15.258334660153619
15.099455033837188
14.964088424735074
14.852372171197112
14.764431262121837
14.700386479423473
14.6603336127442
14.644378091464894
14.652583092947811
14.685004751298806
14.663649382425296
14.643069149531819
14.623281284622726
14.759124252708894
14.919758434843336
15.10507479499723
15.314964039004158
15.54930212983805
15.80800929010848
16.091014940975686
16.39832894594467
16.730011988241095
17.0862384387084
17.467313833182345
17.873755797200584
18.306360507327714
18.76632228521037
19.255416701332155
19.776302094106196
20.33299031122182
20.93172639618357
21.58274912428885
22.304332784066812
23.134498339508113
24.18257066956789
26.538143326128612
27.789337003715335
28.61296259955262
29.273924635847663
29.83617518003746
30.327577244400622
30.76432379329929
31.152139955306275
31.500420036903687
31.81216052170196
32.09027586926375
32.336930461633735
32.55371163001128
32.74179068087601
32.90202108027744
33.035047140070674
33.14127501460402
33.22095888749905
33.274175627656575
33.30087189107602
33.30084561397555
33.27375073263817
33.21912302581274
33.136336086430994
33.024620643773446
32.883012524480975
32.71030354046253
32.50497014133316
32.265061827660446
31.98800724982706
31.670342274284494
31.30717123676433
30.89126996558278
30.411225597372194
29.847064456194985
29.157486118695605
28.219539286844558
26.00807475635725
24.867901073337034
24.03753984080925
23.326796498124395
22.68477547058621
22.088871785486326
21.526854277426168
20.991311744219757
20.477444893080314
19.982027040576494
19.50279693137884
19.038152092776137
18.586962151578355
18.148421180120142
17.72200761745803
17.30736209055347
16.90429323004006
16.512736683361577
16.13272282022676
15.764361077033074
15.407863813476531
15.063496348650265
14.73160732130048
14.41259009282992
14.106886901965057
13.814977140877343
13.53737687909536
13.27463187492554
13.027302065285685
12.795982978590262
12.581252650671704
12.383719320961227
12.203995223097696
12.042683743330288
11.900399368052287
11.777765600331936
11.675411061587832
11.593951997905272
11.534052961769802
11.496358089074372
11.481539596021074
11.49030236091735
11.523353064561755
11.581440827340058
11.665346025319284
11.775889947885503
11.913955492719953
12.080473696296039
12.276483378098767
12.503129698380551
12.761712205807912
13.05374185623255
13.38097361858886
13.74558094495128
14.150248129914253
14.598456716433825
15.094837520781443
15.645813489024937
16.26074266514881
16.95422316829206
17.751437001094267
18.703339341001428
19.95460234326202
22.873682843286037
24.439087252929813
25.52419016196943
26.43515569356876
27.24961428567365
27.990398097778954
28.683961442279198
29.337469374502973
29.95753032877683
30.54857578112245
31.113697512397113
31.65508900609867
32.17430263472315
32.672470698208855
33.15040358070568
33.60868654391088
34.04773109995524
34.46781570433995
34.86914925409639
35.2518363909042
35.61594014869864
35.961459712562366
36.28835476194898
36.596549465583266
36.885941725308705
37.15640919714624
37.40779254210128
37.63993078774873
37.85264499213483
38.045730351606274
38.218978403479554
38.37216890630219
38.50505986835816
38.61740634976399
38.708943310927324
38.779399977722676
38.82845702863365
38.85578495146199
38.861021721604615
38.84376930616733
38.803612698853215
38.7400975635113
38.65274895756526
38.54103246458731
38.40437227209805
38.242132469840094
38.05361016716952
37.838013890175745
37.59447195624995
37.322008217721915
37.01949798900905
36.68568565063436
36.319100575936204
35.917956412288625
35.48010830598883
35.00281208589575
34.48245778343091
33.9140452478647
33.29024444292005
32.59951430720083
31.821752883964447
30.91608670097262
29.770008441535946
27.13585275860989
25.52361919027349
24.502386540741618
23.68238445838304
22.983092412697108
22.371389096294816
21.83042440562766
21.35073042465489
20.926775857348336
20.555297234050155
20.23449386159047
19.963474910693563
19.741988824501128
19.57019670977481
19.448540902884282
