29.450289805903452
29.614975185348506
29.895515156673795
30.28665017639526
30.779554936455288
31.362911920145514
32.02388090018593
32.74900130524407
33.524911890647765
34.33877963874148
35.178578094033455
36.033254780966054
36.89272806699706
37.747963867252786
38.59085417590019
39.41418526872104
40.21157266383712
40.977377787799
41.70683700893601
42.39524703947022
43.03936320879445
43.635935997017356
44.18242395842538
44.67671856794551
45.11721395573397
45.502687472764435
45.83231449226578
46.105596449887685
46.322361258579654
46.4827435690326
46.58707558940684
46.63594391618452
46.630053016647736
46.570266585596194
46.45753696830067
46.29286396277026
46.077293112986226
45.8118690068606
45.4975989552866
45.13541223325703
44.726132493251285
44.27043664618187
43.76879708588322
43.22138181889451
42.628054423845484
41.98819609770814
41.30063969139125
40.56346804658186
39.773757514465025
38.927152781537515
38.01723423272573
37.0343203972173
35.96326467836001
34.778626854513824
33.43224001148298
31.81001975511834
29.40504792133484
25.05697233851241
23.19373892438651
21.742207036003848
20.493174249139688
19.370443663020207
18.33559831459751
17.36585531198171
16.446363356210135
15.566674492764754
14.719120886060317
13.897843120495654
13.098217588352934
12.316495227735857
11.549627298675334
10.795063582835677
10.05067875922837
9.314683162721927
8.58556219715724
7.86204723523994
7.143096471527804
6.427854148444814
5.715627701571479
5.005906532055989
4.298303899777066
3.5925567750834966
2.8885495300419373
2.186276297786775
1.4858154669009072
0.7873677794441085
0.09123813617798192
0.0
0.0
0.0
0.0
0.0
0.0
0.0
0.0
0.0
0.0
0.0
0.0
0.0
0.0
0.0
0.0
0.0
0.0
0.0
0.0
0.0
0.0
0.0
0.0
0.0
0.0
0.0
0.0
0.0
0.0
0.0
0.0
0.0
0.0
0.0
0.0
0.0
0.0
0.0
0.0
0.0
0.0
0.0
0.0
0.0
0.0
0.0
0.0
0.0
0.0
0.0
0.0
1.9628713421430668
4.8561488587218244
10.992924167833056
13.797088448075602
15.967375562116878
17.87461470822456
19.63536632904027
21.304920240906128
22.914673412756425
24.484371176765233
26.027089245658015
27.551690195125573
29.06415454343763
30.5683698591503
32.066543703335356
33.55960713857485
35.047387194615396
36.52879502868548
38.001977451516474
39.464420592376726
40.9130349953942
42.344307864691075
43.754298080472374
45.13880310702093
46.49339013175113
47.81337565480547
49.09400961844647
50.33067373290463
51.518752038087015
52.653681204048084
53.73104971992241
54.746540137765436
55.69605503434973
56.57600803584596
57.381693136444625
58.11067177837046
58.75938756017421
59.32486932936212
59.80439143719667
60.19543391421216
60.49570342467142
60.70307482312088
60.815604568638186
60.8314809755624
60.74899347861999
60.566369318787395
60.28195505583069
59.8939414807984
59.40055268786047
58.79964970496357
58.08864128376392
57.26431416825306
56.322635290840836
55.25846105540515
53.51993450231794
52.191244211074604
50.71860616251312
49.08514690153769
47.265858249293686
45.22166851927266
42.88599285589435
40.12640679095071
36.57689387427874
28.371543246980572
23.819200104323528
20.755854533020212
18.208384667894137
15.947360758709126
13.873426978354505
11.93321942786347
10.094532311658913
8.336585822424999
6.645435219222907
5.011514486826398
3.4282287126991617
1.8910757373673766
0.3971283347635585
0.0
0.0
0.0
0.0
0.0
0.0
0.0
0.0
0.0
0.0
0.0
0.0
0.0
0.0
0.0
0.0
0.0
0.0
0.0
0.0
0.0
0.0
0.0
0.0
0.0
0.0
0.0
0.0
0.0
0.0
0.0
0.0
0.0
0.0
0.0
0.0
0.0
0.0
0.0
0.0
0.0
0.0
0.0
0.0
0.0
0.0
2.6781720711600747
9.73510591672029
12.976798785748436
15.430346860975025
17.56119833114917
19.512311884516446
21.351070928711394
23.115404101889872
24.828614107862037
26.50556403029615
28.155704510673722
29.784775440925962
31.395796360045317
32.989798574389525
34.56629511213225
36.12371214120873
37.659700485838286
39.171382010200304
40.65567238750913
42.10943325277558
43.529678915779165
44.91371015224322
46.25913918297979
47.56419503731665
48.82776235509465
50.04974109702349
51.22900477705218
52.367408182949326
53.465732109830505
54.52560844657637
55.549015993205465
56.53820410133987
57.49550603421311
58.42326696147021
59.32365772338984
60.198571690286904
61.049473106925085
61.87733368184282
