51.998223446282196
52.63957156959164
53.2232904321104
53.74831756652344
54.21285583275444
54.61569904493856
54.95590978519091
55.23287445905581
55.44617694697114
55.59566419989408
55.68136882680937
55.703452502218965
55.6621747662104
55.55788672493245
55.390977777658094
55.161723248821964
54.87047828830999
54.51744817995531
54.10271717492846
53.62615584351858
53.08746405421408
52.48597703488375
51.820716585919776
51.09024993522126
50.292596754965835
49.42513092134118
48.484277077860725
47.46535733734122
46.362080755996665
44.80491213694033
43.52031128768713
42.1173037650369
40.56893918935644
38.829333841965486
36.80678527320236
34.24687643067974
28.33281242167309
24.9088649621821
22.66684817801066
20.82626626250324
19.21155030847786
17.747170528635614
16.392431640628374
15.122650686892182
13.92165639232407
12.778392202414318
11.685020420078018
10.635874190474995
9.626838479943215
8.65492209429122
7.717898144618093
6.0618523812060205
4.464783106897382
3.5526551183614083
2.6757050187115032
1.8341286288036134
1.0283068630603487
0.2587397201567023
0.0
0.0
0.0
0.0
0.0
0.0
0.0
0.0
0.0
0.0
0.0
0.0
0.0
0.0
0.0
0.0
0.0
0.0
0.0
0.0
0.0
0.0
0.0
0.0
0.0
0.0
0.0
0.0
0.0
0.0
0.0
0.0
0.0
0.0
0.0
0.0
0.0
0.557218700037829
1.2390749947213522
1.947133562643751
2.6819253996954537
3.4444968644403007
4.236611307983749
5.061190310036083
5.922770050838026
6.828604834916481
7.790700676398636
8.830380883853021
9.990702376252457
11.385371562677765
14.281012877539101
16.412727545956926
17.57542706901036
18.4692647973123
19.205892849332745
19.830843453347853
20.36809324936302
20.832094569636347
21.232275939387073
21.575187536162204
21.865530977729854
22.106832687741107
22.301769282067568
22.452455879618086
22.56056536533109
22.627449121362694
22.654172347126845
22.641587787073416
22.590392288601898
22.501058518676018
22.373917050499845
22.209094802798596
22.006509850662187
21.76577539065377
21.486172842353305
21.166505064490604
20.80490801443455
20.39847438746677
19.94275358982621
19.43058286474867
18.84992400146222
18.178519419718306
17.367546560829624
16.255845273994325
13.784137481433369
12.62226035526999
11.764710743043047
11.041101450258987
10.40052382488664
9.819581053794579
9.285345965691414
8.789917701838123
8.3280823893554
7.89623955552381
7.491805206136048
7.112818426272412
6.7577965919743095
6.4255743999715875
6.1151968498838
5.825902848022608
5.557022348155056
5.307999002679004
5.07833558065905
4.867553860112005
4.6752215541969795
4.500905515451926
4.344145252729832
4.204477599846988
4.081381538718923
3.974311592600575
3.882667723362589
3.8058214745514056
3.743095421501196
3.693822733380166
3.657274928864556
3.6327244314812916
3.6194071690424403
3.616544466394055
3.6233417587734262
3.639018007095185
3.6627891107965818
3.693877051788279
3.7314693810819723
3.7747551816169667
3.822891100823092
3.8750092966227223
3.9301747527980457
3.987439688411116
4.045778754667201
4.104138331655506
4.161460322903883
4.216673009627803
4.268673797301096
4.316390151579947
4.358731373382653
4.394661869986778
4.423145311598537
4.443206508159515
4.453965359839023
4.454587324314148
4.444381309536556
4.422738308494024
4.389153480739245
4.343246932272351
4.284746358761903
4.213489210735154
4.129427288931245
4.032617678185171
3.923181126472059
3.801349470016387
3.667377468747911
3.521623084292874
3.3644973653963985
3.1964468655756297
3.018018358434599
2.829755123771691
2.6322907308195886
2.4262792339684416
2.2124312927674668
1.9915180216976203
1.7643483723229794
1.5317762800132093
1.2947131695480438
1.0540616890510068
0.8107606836486991
0.565772824201747
0.3200416067408901
0.07455831228604325
0.0
0.0
0.0
0.0
0.0
0.0
0.0
0.0
0.0
0.0
0.0
0.0
0.0
0.0
0.0
0.0
0.0
0.0
0.0
0.0
0.0
0.0
0.0
0.0
0.0
0.0
0.0
0.0
0.0
0.0
0.0
0.0
0.0
0.0
0.0
0.0
0.0
0.0
0.0
0.0
0.0
0.0
0.0
0.19493168106655276
0.6233091242459102
1.0874273151045601
1.5926861386719087
2.1469557685793985
2.762537695046954
3.4605761056200732
4.283708464328923
5.352347824652623
7.821481350862065
9.154782321911282
10.068396528810757
10.828243418819387
11.498906665104135
12.108239674730829
12.670954240542695
13.19566420903919
13.687628539239537
14.150089901616543
14.584986162537575
14.993330262293693
15.37549302882066
15.731319516836598
16.060286676290005
16.361570535589905
16.634116958816115
16.876722016579723
17.08802994558643
17.266710377755228
17.41135938015625
17.520698268168136
