0.0
0.0
0.0
0.0
0.0
0.0
0.0
0.9110269913478374
2.109054282349404
3.5788061488797496
5.456260112875019
8.27327913571828
13.872139207275364
16.37389711538237
18.365820653398533
20.122693991260913
21.734170372807462
23.24206238011662
24.66939134950539
26.030025277166338
27.332767144425244
28.58335108039142
29.785533312695698
30.94169238170754
32.05322174190673
33.12081867488064
34.14464446345317
35.12446934120561
36.05976242263944
36.949802230877346
37.793717511402356
38.59054910900842
39.33928243308944
40.03888467557409
40.68835574304005
41.28670617275254
41.83296774950274
42.32626136964271
42.76573261413676
43.1505965389101
43.48011529716156
43.753588575519416
43.97038971343412
44.12991651503136
44.23160001800156
44.274909145341496
44.25931747209132
44.184293367213286
44.04926904908769
43.85366265620836
43.596965304224376
43.27793963338907
42.8961828215688
42.450478676275
41.93952648589672
41.36170464163659
40.71497805365262
39.996842665490114
39.2036385220628
38.33121517000559
37.373557432805256
36.32250768072494
35.16659467849367
33.88881078510993
32.46227989840262
30.84011254136581
28.925052646702177
26.42603387738314
20.601006360946688
17.579926552789868
15.456304600553079
13.672757591416293
12.08436682061477
10.626947800418643
9.2656752133408
7.979404948648621
6.754397264397375
5.581312658522377
4.4536271234806595
3.3667255326944576
2.317363056900904
1.3032515574214334
0.32288009884618074
0.0
0.0
0.0
0.0
0.0
0.0
0.0
0.0
0.0
0.0
0.0
0.0
0.0
0.0
0.0
0.0
0.0
0.0
0.0
0.0
0.0
0.0
0.0
0.0
0.0
0.0
0.0
0.0
0.0
0.0
0.0
0.0
0.0
0.0
0.0
0.0
0.0
0.0
0.0
1.72809070291426
3.902684609204373
6.897872581950631
13.465629506389135
16.532580256560465
18.862575688261003
20.888660236081684
22.73916753699262
24.47309891766554
26.12296890390217
27.708443186990785
29.24196632659477
30.731470079163095
32.181823587309864
33.595740365457424
34.97425025897854
36.31713629417629
37.62313897115698
38.8901981346344
40.1155839245107
41.29604868821677
42.42791206416598
43.507222263108424
44.52975774991439
45.49118073189917
46.387066053566
47.21294290710475
47.964421955483004
48.6371309039839
49.22684188781986
49.72942297154297
50.140925944594215
50.45753105154589
50.675571392992026
50.791512332598955
50.80192930930973
50.703415573712455
50.49259138421925
50.165947493408034
49.71976308342951
49.149972628879716
48.45195154994313
47.62023434418292
46.648118912381186
45.52712035495107
44.24606373348965
42.78963699935463
41.13584562167774
39.251242287808026
37.08014023812376
34.517419398030064
31.304603634691677
25.778241668346677
18.30905927391021
14.879021398893222
12.083534114692057
9.613662345569134
7.351700267220897
5.2390449396849785
3.242468525888337
1.3417713553594297
0.0
0.0
0.0
0.0
0.0
0.0
0.0
0.0
0.0
0.0
0.0
0.0
0.0
0.0
0.0
0.0
0.0
0.0
0.0
0.0
0.0
0.0
0.0
0.0
0.0
0.0
0.0
0.0
0.0
0.0
0.0
0.0
0.0
0.0
0.0
0.0
0.0
0.0
0.0
0.0
0.0
0.0
0.0
0.0
0.0
0.0
0.0
0.0
0.6505907720219204
2.6439371744590883
7.033258265919373
9.62832303253498
11.246015404697921
12.538264503798622
13.643018447808345
14.61937858916665
15.499397292323591
16.302833224613686
17.04289594330231
17.728967186713422
18.368002784674857
18.965380667147887
19.525417939668444
20.051655993564058
20.547133527605766
21.014535819144896
21.456311685961545
21.874767094676507
22.272120967808544
22.650663141687332
23.012436633082245
23.359753650200176
23.694820154569296
24.019891610220284
24.33726666090706
24.649284275635484
24.958280255106345
25.266609286240246
25.5766290169637
25.890629555726292
26.21084986310267
26.539411286372186
26.87832639720591
27.22946334157639
27.59450409342122
27.97493923397095
28.37204327314232
28.78684765826413
29.220154412156845
29.672491659071532
30.144137279150762
30.635068239932124
31.145013770425223
31.673457109224003
32.219610641673114
32.78245543163398
33.36073678097069
33.95297180851895
34.55743324215527
35.172224172901366
35.7952273376798
36.42414499802429
37.05655309241017
37.689893845791836
38.32150604980074
38.9487037724012
39.568729450174594
40.178878878345806
40.77645052957633
41.35881769399488
41.92347004516607
42.46799475856694
42.99016210526714
43.487911717028524
43.95940896975362
44.403058411707775
44.81750544479339
