0.0
0.0
0.0
0.0
0.0
0.0
0.0
0.0
0.0
0.0
0.0
0.0
0.0
0.0
0.0
0.0
0.0
0.0
0.0
0.0
0.6642377767135338
1.4578869783860706
2.3868398216216917
3.5660408468091225
6.246240377881341
8.079338317752095
9.216894536165169
10.158142731476469
10.99481250675177
11.76490254548393
12.488523167730923
13.177781858191086
13.84056744986301
14.482313568265234
15.106876776974326
15.717040704117231
16.314880101991253
16.901875131284662
17.479124661760572
18.047371690161203
18.607099587175576
19.15851686793691
19.70166923720925
20.236395501656403
20.762376662946927
21.27916426506353
21.786234197350524
22.28292285863495
22.768521902899465
23.242209968570638
23.703156012749346
24.150441160705398
24.58311722825986
25.000184979148518
25.40062127257631
25.783351670968692
26.14733718090765
26.491491284790957
26.814754469769834
27.11610048058096
27.394488195266284
27.648939528509448
27.878505954132407
28.08228552463222
28.259415268746167
28.40910458127407
28.530636667730807
28.62333899021477
28.686623653811434
28.719973080101376
28.722957101542967
28.695232923456395
28.636544646570837
28.546694384910666
28.425583411138422
28.273149799790822
28.0893989506967
27.87438195338199
27.628170835851737
27.350897397909826
27.042662053153528
26.703600032058773
26.333816732271195
25.933384764866602
25.502307550187936
25.04049912185003
24.547680449709322
24.023374543844177
23.466774408810934
22.87659612379936
22.250895383010956
21.586758796220423
20.879675395027224
20.122544539036763
19.303621947557026
18.40179022421089
17.373454761619644
16.098012213191172
13.215984320452302
11.431990049007995
10.328788204091316
9.454214864084502
8.71536368827778
8.073034186718967
7.506345292577009
7.002687415069534
6.553918082656428
6.154447553637573
5.800324720768706
5.488706889179051
5.217505541950991
4.985209896686301
4.790685908125102
4.633143966324572
4.512031018434163
4.426989672731933
4.37783609263005
4.364553956609498
4.3872743271540475
4.446277134789466
4.541988610918992
4.675035314639133
4.846269811376592
5.05682882265028
5.308213480472364
5.602419034768425
5.942108615657799
6.330952308830831
6.7740544109701375
7.278880658676659
7.856861782824436
8.526980448571317
9.324888133901172
10.335469682212011
11.985290971474527
14.576959581518373
15.727927153958696
16.660849211499574
17.484955611508983
18.240709101549307
18.948127366481327
19.618663354737592
20.25943784219274
20.8751686574531
21.469071960551556
22.043384630193867
22.59971198562868
23.13916311601306
23.662473272154855
24.17013833494363
24.662400006498657
25.139370329933747
25.601016247916995
26.047215727111954
26.47779826365533
26.892510248777263
27.291040498446208
27.673063726647783
28.038200416507678
28.38605304763763
28.716208389164827
29.02822871883926
29.321671498275055
29.596106155522097
29.851106451520415
30.086231492294463
30.301044216407725
30.495394570624676
30.667984527157742
30.81918519237052
30.948243624513438
31.0546647205948
31.137948477837007
31.19760077018183
31.233112158056084
31.24398440214781
31.22975400397663
31.18996078823782
31.124138819172927
31.03186469622946
30.91269864337837
30.766199446192182
30.59190133403088
30.389322728305125
30.15789761929113
29.897010800908035
29.60597960926793
29.2839802162458
28.9300847387601
28.543121668094617
28.121666969532463
27.664033663930855
27.167494933818592
26.629350751170342
26.045271093213366
25.40934435006919
24.71285517248557
23.94208084795349
23.073426699704775
22.059753994855438
20.775204874518046
17.80618943630443
15.820857831434308
14.585526729109715
13.576297398455491
12.693234916666597
11.894735617860047
11.158745653475025
10.471941719743796
9.825614664641499
9.213770198739887
8.632053611937843
8.07727642496303
7.5469687411093975
7.039247273784551
6.552622002996658
6.08590366415018
5.63815275866843
5.208627201841027
4.796719232379974
4.401977159956215
4.024035329030023
3.6626339644391934
3.317592217069735
2.9887995963238154
2.676196199360106
2.3797716176000883
2.099568987325001
1.8356376608177767
1.5880684795928484
1.3569418124768777
1.1423767565475385
0.9444838396504134
0.7633821719052138
0.5992042480535611
0.4520463245606175
0.3220084695967057
0.20915795557475803
0.11354048941678571
0.03519763581574466
0.0
0.0
0.0
0.0
0.0
0.0
0.0
0.03050279621824188
0.1072215137527212
0.2009615047835439
0.3116950790556803
0.43941529623970726
0.584150637077646
0.7459179534004682
0.924791906989085
1.1208180792032136
1.3340531750688003
1.56455953778167
1.8124121119100745
2.077689078326781
2.360522022455323
2.6610987506237938
2.9796867149447506
3.3166271373747094
3.6724316045958565
4.047740893115886
4.443422428891655
4.860613639051438
5.3008519079264955
5.766210735050436
6.259547283226295
6.785015108487631
7.3488035897632376
7.9607349971796415
8.637869660825519
9.414313346016282
10.381342438360745
12.549056368661333
13.909999556511938
14.749305489933501
15.422578526010899
16.000366771936513
16.5122488224415
16.973928572940373
17.39480260129938
17.781022074994386
18.136757735516575
18.464989086638926
18.767851331943817
19.046907235182736
19.303306077397078
19.537874340403597
19.751158510944734
19.94355338778685
20.115253258364504
20.266387906306505
20.39696369718664
20.506917747156564
20.596116946944466
20.66441684457654
