0.0
0.0
0.0
0.0
0.0
0.0
0.7214245500000305
2.2965789000000214
3.8932954500000196
5.512465199999987
7.154310900000002
8.818698900000015
10.504827299999999
12.211359600000002
13.9364247
15.677706000000015
17.4322632
19.196710500000023
20.967350250000024
22.739994750000022
24.510189000000004
26.273210699999986
28.024203900000018
29.758045350000014
31.469522700000034
33.1535127
34.80471390000001
36.41800305000001
37.98834599999999
39.51075315000002
40.9805913
42.39322725000001
43.744562399999985
45.03049815000001
46.24755960000001
47.39258370000003
48.46280835000002
49.45627335000001
50.39004135000001
51.197777399999985
51.930669449999996
52.592637900000014
53.191612649999996
53.743007999999996
54.27778620000001
54.86424240000003
55.68106665000001
56.32174020000002
56.70424650000001
56.93211975000001
57.01449270000002
56.958716100000004
56.77080420000003
56.45583570000001
56.01795375000002
55.46090055000003
54.787839150000025
54.001665299999985
53.10509655000001
52.10031585000003
50.989951649999995
49.82312032499999
48.65628900000001
47.06184450000001
45.34920885000001
43.52123325000001
41.58081345000003
39.53133525
37.37622900000003
35.11937055000001
32.764769400000006
30.31688055
27.780470850000018
25.160574449999995
22.462715550000013
19.692596550000008
16.85654355
13.96106085000003
11.0131428
8.020006500000024
4.989314550000028
1.9290859500000228
0.0
0.0
0.0
0.0
0.0
0.0
0.0
0.0
0.0
0.0
0.0
0.0
0.0
0.0
0.0
0.0
0.0
0.0
0.0
0.0
0.0
0.0
0.0
0.0
0.0
0.0
0.0
0.0
0.0
0.0
0.0
0.0
0.0
0.0
0.0
0.0
0.0
0.0
0.0
0.0
0.0
0.0
0.0
0.0
0.0
0.0
0.0
0.0
0.0
0.0
0.0
0.0
0.0
0.0
0.0
0.0
0.0
0.0
0.0
0.0
0.0
0.0
0.0
0.0
0.0
0.0
0.0
0.0
0.0
0.0
0.0
0.0
0.0
0.0
0.0
0.0
0.0
0.0
0.0
0.0
0.0
0.0
0.0
0.0
0.0
0.0
0.0
2.7531273000000236
5.612034450000034
8.453299799999986
11.271933750000033
14.06321400000001
16.822685550000017
19.546160699999998
22.229674499999987
24.869618400000007
27.462606600000008
30.005476050000013
32.4955092
34.93007760000001
37.30686465000001
39.62404380000002
41.88001125
44.073341399999975
46.20278685000001
48.26736750000002
50.26632599999999
52.14357389999999
53.94023085000001
55.66921635000002
57.330708599999994
58.92510854999999
60.452950799999996
61.91494815
63.31190250000003
64.64474940000004
65.9145135
67.12235310000003
68.26942650000001
69.35711475000002
70.38675435000002
71.3597709
72.27763455000003
73.14190455000004
73.95418470000004
74.71612335
75.42936885
76.09574775000002
76.71695295
77.29481100000004
77.83123755000003
78.32814825000001
78.78745875000001
79.2111738
79.6014318
79.9602375
80.28990750000003
80.59258019999999
80.87057220000001
81.12624465
81.36204780000001
81.58043190000001
81.78384720000001
81.9747885
82.15561695
82.31283389999999
82.3791243
82.41904110000002
82.4346336
82.42786199999999
82.40059740000002
82.35466635000003
82.29171720000002
82.21335375
82.12113525000001
82.01657640000002
81.9010137
81.77591730000002
81.64257915000002
81.50224665000002
81.35616720000002
81.20549910000003
81.05140065000002
80.89494105000003
80.73723405000001
80.57921520000002
80.42190915000002
80.26616234999999
80.1129549
79.96313325
79.81745475000002
79.67676585000002
79.54169025000002
79.41302985
79.2913638
79.17731579999999
79.07137590000005
78.97407870000002
78.8858697
78.80714985000002
78.73818645000001
78.67929135000003
78.62560860000002
78.54818069999999
78.48897375
78.44718585
78.4217478
78.41163495000002
78.4158672
78.43333080000004
78.46295655
78.50363070000004
78.55419495000001
78.61358010000002
78.68067240000002
78.75440264999999
78.83361255
78.91727745000003
79.00441724999999
79.0940073
79.18511204999999
79.27688505000003
79.3685244
79.45913910000002
79.5479718
79.63430970000003
79.71730635
79.79615985000004
79.86993465
79.93751700000004
79.97320155000001
79.99240260000002
80.00224815000001
80.00305005000001
79.99529835
79.97961675000002
79.95689624999999
79.92811695
