75.14291839999999
75.0297911
74.92239590000001
74.81669359999997
74.70846679999997
74.59343869999998
74.46742159999998
74.3263466
74.16629329999999
73.9837274
73.77541160000001
73.53849469999999
73.27054129999998
73.00101379999998
72.65572159999998
72.27285890000002
71.85153469999999
71.39139260000002
70.89231379999995
70.3547141
69.77921719999999
69.16683289999996
68.51886800000001
67.83680749999999
67.12240369999996
66.3776168
65.6045555
64.80544729999997
63.982697899999984
63.1387724
62.276195300000005
61.39755050000001
60.50551099999998
59.60272009999996
58.69185079999998
57.7755761
56.856568999999986
55.93744310000001
55.02078229999998
54.1092299
53.20522129999998
52.31128099999998
51.42978499999997
50.5630796
49.71345169999998
48.883128799999994
48.07418989999997
47.28871399999996
46.5286613
45.7958435
45.09213169999998
44.41912970000001
43.7784413
43.17155149999999
42.599826500000006
42.06457309999999
41.56686049999998
41.10778760000001
40.68827509999997
40.30906550000002
39.970901299999966
39.67425770000001
39.419639599999975
39.20725489999997
38.97048650000003
38.76805129999996
38.675654599999966
38.674615099999976
38.7532607
38.903780299999994
39.120649699999994
39.39971089999998
39.73757810000002
40.131548600000016
40.57915729999999
41.07817670000002
41.62655750000003
42.22225040000003
42.86326550000002
43.547553499999985
44.2730948
45.03781039999996
45.839591599999956
46.6762406
47.545500200000006
48.4451429
49.372792700000026
50.326073599999994
51.302579900000026
52.29987620000003
53.315467699999985
54.346889300000015
55.391586800000006
56.44712479999997
57.51094909999999
58.58065399999998
59.65374469999999
60.72781549999998
61.800520099999986
62.86948249999999
63.932475200000006
64.98727069999998
66.03173059999999
67.06374620000001
68.08129789999998
69.08248490000001
70.06543610000001
71.02839919999998
71.96962189999999
72.88758950000002
73.77570859999999
74.62560380000001
75.44820469999999
76.24235299999997
77.00700919999998
77.74125259999998
78.44425159999999
79.11529340000001
79.7538137
80.359367
80.93165629999997
81.47047369999997
81.9758489
82.44790069999996
82.88698550000001
83.29360819999997
83.66860039999997
84.01300159999998
84.32814829999998
84.6158522
84.87837049999999
85.1185544
85.3400867
85.54765999999996
85.7475113
85.87575589999999
85.93197799999997
85.95113450000002
85.93447280000001
85.88327
85.79892199999999
85.68282469999998
85.53649279999999
85.36141130000001
85.15921369999998
84.9315038
84.67997450000003
84.4063484
84.11246689999999
83.80008229999997
83.47109540000001
83.1273773
82.7708882
82.40355859999998
82.02737839999999
81.64433749999999
81.25639609999998
80.8655441
80.47380109999999
80.0831273
79.6954532
79.3127093
78.93676669999998
78.5694371
78.2125322
77.8677746
77.53682749999997
77.22123529999999
76.92257209999998
76.64220410000001
76.3815569
76.14181849999996
75.92420659999998
75.72979040000001
75.55949059999999
75.4141982
75.29471510000002
75.14116609999998
75.01933670000001
74.95301659999998
74.93733499999999
74.96846059999999
75.04324519999996
75.1590455
75.3135449
75.50457530000003
75.73017650000001
75.98841800000001
76.27745840000001
76.59536719999996
76.94036239999998
77.3104838
77.7038009
78.1183832
78.5521517
79.00308680000002
79.46905009999998
79.94787349999999
80.4374186
80.93539849999998
81.43961539999998
81.9477824
82.45764230000002
82.96696759999999
83.4734714
83.97495589999997
84.46922329999998
84.95416489999998
85.4277017
85.88784380000001
86.3327201
86.760608
87.169874
87.55912219999996
87.92719430000001
88.2731399
88.59645410000003
88.89704779999997
89.17539619999998
89.43292490000002
89.67212869999997
89.8973735
90.11569820000001
90.33856700000001
90.43770559999999
90.49006670000003
90.49844210000003
90.4621784
90.38088949999998
90.2542487
90.0821966
89.86476289999999
89.60206640000001
89.2944932
88.9424591
88.54652840000001
88.1074733
87.6261254
87.10343509999997
86.54050129999999
85.93851200000002
85.29877400000001
84.62274260000001
83.91190279999996
83.1678881
82.39242109999999
81.58731349999996
80.75446610000003
79.89586879999997
79.01360059999998
78.10979989999997
77.18666449999999
76.24654069999998
75.29177480000001
74.3247428
73.34793950000002
72.414023
71.37678019999997
70.33799300000001
69.30054229999999
68.26745749999999
67.24167890000001
66.2261765
65.22394999999999
64.2378803
63.27087799999999
62.32582399999997
61.405510099999994
60.51257959999999
59.64967580000001
58.81932319999998
58.02389779999998
57.26565679999996
56.54673859999997
55.869043999999995
55.234414400000006
54.6444239
54.10049809999998
53.603854700000014
53.15553319999999
52.75633550000003
52.40688529999998
52.107598399999986
51.8587124
51.6217658
51.3762953
51.262395800000014
51.2507831
51.323369899999996
51.46783069999997
51.67478029999999
51.93664520000001
52.24677259999998
52.59898489999996
52.98754999999998
53.406765500000006
53.85104780000002
54.3149321
54.792983299999975
55.27985539999999
