14.266960401497816
14.355555890839488
14.514992262301291
14.741629206288817
15.029970851812319
15.373295623935707
15.764381375521479
16.196001128075604
16.661312869136545
17.154062642804444
17.66867409680259
18.20031788622578
18.744799003501292
19.29863482448795
19.858923519118683
20.42329208858244
20.989863154969758
21.557178162201453
22.124163493130755
22.690062761989964
23.25444083911551
23.81711336667583
24.378135364015954
24.937765132038344
25.496415667452716
26.054677564301763
26.613234180253322
27.172835347336964
27.7343126877023
28.298492956652254
28.86620872037895
29.438278543551405
30.01545399054578
30.598440975488806
31.1878590142036
31.784196419085404
32.38785045322749
32.999034148338865
33.61784101189532
34.24419572650663
34.87787650308127
35.51851493485512
36.16557192250036
36.81838608010521
37.476136917938
38.13784429454664
38.802428660152415
39.46864287038657
40.1351679737259
40.80058524913021
41.463365965980174
42.12192492757409
42.77457936121264
43.41959933112802
44.05519143965417
44.67953386538481
45.29076991712646
45.887005410937086
46.466387777538635
47.02724174006417
47.5671643834523
48.08493736335414
48.57862255876036
49.046532925435955
49.48703754263168
49.89855659962618
50.279598575816536
50.62870307083867
50.94454435451158
51.22582657261087
51.471367513736105
51.68006041421543
51.8508791237473
51.98288914360738
52.07521110288114
52.12709831459249
52.13772770859441
52.106491213350736
52.03278547406687
51.91601517244814
51.755681563898875
51.551231430725444
51.30221397333305
51.00812883045959
50.66844738823025
50.282612078095276
49.8500148859505
49.36984379118069
48.841238975041584
48.263083534342755
47.63401575825161
46.55040148962315
45.81712648572323
45.028315640915075
44.18011099280087
43.26725414870609
42.282487285486546
41.21545815746178
40.050693188798654
38.76345075148205
37.309589877273844
35.594211711814644
33.30270213218618
28.262722418358198
25.921101270104515
24.21152893040844
22.77302442930918
21.496424540568942
20.33051271333492
19.24621729867228
18.225158322845452
17.254808604517446
16.326196447111833
15.432659941360363
14.569047062207407
13.731367064035275
12.91630343081259
12.121595518969183
11.344825842011396
10.584348886934018
9.838773780093815
9.106933066903537
8.387868431217813
6.986420654997259
5.627480910054329
4.890180937683742
4.165165639081182
3.45231518700668
2.75159623097102
2.06307625098231
1.3868752207288653
0.7231923938362785
0.07228260144887827
0.0
0.0
0.0
0.0
0.0
0.0
0.0
0.0
0.0
0.0
0.0
0.0
0.0
0.0
0.0
0.0
0.0
0.0
0.0
0.0
0.0
0.0
0.0
0.0
0.0
0.0
0.0
0.0
0.0
0.0
0.0
0.0
0.0
0.0
0.0
0.0
0.0
0.0
0.0
0.0
0.0
0.0
0.0
0.0
0.0
0.0
0.0
0.0
0.0
0.0
0.0
0.0
0.0
0.0
0.0
0.0
0.0
0.0
0.0
0.0
0.0
0.0
0.0
0.0
0.0
0.0
0.0
0.022535059513296575
0.5186640434199171
1.0379102566678102
1.5857029405582375
2.1694664457043267
2.80002080232166
3.4943369792523535
4.282523276380362
5.230701703778971
6.588334447607558
9.207889132521268
10.351093840820807
11.238534764742306
12.007999163273556
12.707106108731343
13.359242154170797
13.977950128113488
14.571858537692151
15.146797655622155
15.706909974754911
16.255091889659255
16.793490056059433
17.32362125796199
17.846520285508362
18.362900396770385
18.87314450920416
19.377425965417594
19.875693113643766
20.367712697881736
20.85310266575414
21.331277142673223
21.8015497942502
22.26307019458313
22.714881922984524
23.15591492954954
23.584979846828652
24.000820380277403
24.402077803847696
24.787351246939057
25.15515234359672
25.503939512878038
25.83214368565619
26.138141842850494
26.420280700405208
26.67690542239132
26.906317129944355
27.106860389001145
27.276885960444023
27.414754503236875
27.51890433377676
27.587794907319882
27.619968630880734
27.61401464613649
27.568593523112284
27.482455592878594
27.354369969955414
27.183196109562616
26.967816095487407
26.70712836264358
26.400054559509787
26.04548031088813
25.64223604082504
25.188974998950265
24.684147842458717
24.125814781473675
23.511400269524703
22.837416076585797
22.09877922071604
21.287923494051654
20.392709063810532
19.392316304375576
18.24626552129453
16.856478022553034
14.77596909774281
11.118946599734938
9.55961748377521
8.356442786887614
7.338730490784304
6.4447352834039835
5.643778508380821
4.918072861270479
4.256201400603275
3.650303066329818
3.0946661503068484
2.584849609785797
2.11734345774777
1.6891375881428394
1.2976572241172573
0.9405725238364516
0.6157171077341036
0.3211092806389547
0.054818443088759064
0.0
0.0
0.0
0.0
0.0
0.0
0.0
0.0
