46.90346925000001
43.458195
39.99389790000001
36.50656845000001
32.992999050000016
29.45087310000001
25.879165950000015
22.27841220000001
18.650750250000012
15.000189600000024
11.332610850000014
7.6557657000000106
3.9792324000000083
0.3142375500000006
0.0
0.0
0.0
0.0
0.0
0.0
0.0
0.0
0.0
0.0
0.0
0.0
0.0
0.0
0.0
0.0
0.0
0.0
0.0
0.0
0.0
0.0
0.0
0.0
0.0
0.0
0.0
0.0
0.0
0.0
0.0
0.0
0.0
0.0
0.0
0.0
0.0
0.0
0.0
0.0
0.0
0.0
0.0
0.0
0.0
0.0
0.0
0.0
0.0
0.0
0.0
0.0
0.0
0.0
1.1328438000000158
3.586925100000016
5.930745149999998
8.152943699999991
10.242917849999992
12.19117845000002
13.989795600000004
15.632265000000025
17.11413165
18.43321260000003
19.590398850000014
20.591392799999998
21.45036135
22.19942505000001
22.91864025000004
23.868490800000018
25.180221000000024
25.89979260000001
26.29811415000001
26.41314225000003
26.273700750000017
25.90335660000003
25.322691900000017
24.55019490000001
23.60346285
22.499424750000017
21.254653200000018
19.885587149999985
18.40862100000001
16.84010460000004
15.19634325000002
13.493597700000018
11.747816849999996
9.974815950000012
8.18983110000002
6.4076528999999995
4.642403700000006
2.9073148499999917
1.214771250000003
0.0
0.0
0.0
0.0
0.0
0.0
0.0
0.0
0.0
0.0
0.0
0.0
0.0
0.0
0.0
0.0
0.0
0.0
0.0
0.0
0.0
0.0
0.0
0.0
0.0
0.0
0.0
1.006321800000027
2.94785535000001
4.954209150000027
7.014780299999996
9.118520399999998
11.254024650000014
13.409442749999991
15.572790750000014
17.731861950000006
19.874360549999995
21.987946200000025
24.060501299999995
26.080041900000026
28.034851350000007
29.91370305000001
31.70586045000003
33.40121070000003
34.99044285000002
36.46522605
37.8184323
39.044671050000034
40.140868350000034
41.107826100000004
41.953296
42.69973125000002
43.40745255000001
44.267891250000005
45.697010700000014
46.57219545000002
47.12105145
47.37356085000003
47.35106310000002
47.06990805
46.54341615000002
45.78303675000001
44.79915000000001
43.60169055000003
42.20032575
40.604901149999996
38.82539595000001
36.87241305
34.756867200000016
32.49038595000002
30.085220550000003
27.55424595000003
24.911005350000003
22.169710200000008
19.345106550000025
16.45243050000003
13.507363650000016
10.525854900000027
7.523942250000017
4.517841900000007
1.5233245500000328
0.0
0.0
0.0
0.0
0.0
0.0
0.0
0.0
0.0
0.0
0.0
0.0
0.0
0.0
0.0
0.0
0.0
0.0
0.0
0.0
0.0
0.0
0.0
0.0
0.0
0.0
0.0
0.0
0.0
0.0
0.0
0.0
0.0
0.0
0.0
0.0
0.0
0.0
0.0
0.0
0.0
0.0
0.0
0.0
0.0
0.0
0.0
0.0
0.0
0.0
0.0
0.0
0.0
0.0
0.7228947000000235
2.2861542000000377
3.7692237000000155
5.1651979499999845
6.467929050000013
7.67211555000001
8.773614300000013
9.769885950000015
10.660707750000002
11.449688250000015
12.147430350000032
12.779193900000031
13.407126150000014
14.215753199999996
15.292303950000028
15.902861700000004
16.27712625000003
16.430601
16.37558175000001
16.12267140000001
15.681314550000021
15.060554850000003
14.269168650000019
13.31615505000001
12.210735900000026
10.962533999999987
9.581751300000029
8.079079800000002
6.465656999999991
4.753244100000022
2.954136900000011
1.0809430500000021
0.0
0.0
0.0
0.0
0.0
0.0
0.0
0.0
0.0
0.0
0.0
0.0
0.0
0.0
0.0
0.0
0.0
0.0
0.0
0.0
0.0
0.0
0.0
0.0
0.0
0.0
