21.915279318704215
21.962287639200987
22.042257499086553
22.155060874252438
22.300434111956108
22.478004222581184
22.68734929778603
22.928088127273003
23.19994398726854
23.502877271340584
23.83735277722196
24.204492760636732
24.606749192258768
25.048675504821766
25.53903044388644
26.09579398690559
26.763974497211446
27.757653674130438
29.393135391592843
30.065386907962825
30.570931582255646
30.9864429242553
31.340489087790054
31.647717786577598
31.91703434095261
32.15448052191321
32.36451954980676
32.55063658100954
32.715665432376206
32.86199852000176
32.99167438515232
33.10644752959547
33.207831449054645
33.297129838434174
33.37544379090184
33.443629452320415
33.50236917573149
33.55203927103783
33.592747159881704
33.62427189035211
33.64608073996619
33.6572249396888
33.65640032492156
33.641844004499724
33.611389401778716
33.56235350832291
33.49150313766805
33.39501055168059
33.26823959340143
33.10548936897702
32.899615289263174
32.641201343082116
32.31715357167994
31.90758104123849
31.377742137074293
30.649189666814742
29.329068543979268
27.174536044430518
26.126049747581973
25.21780571271355
24.365981173597106
23.539621957585574
22.723468929906225
21.908931394713555
21.090788446875127
20.26580019166931
19.431963127893354
18.588101172000727
17.73361860034924
16.86834307589746
15.992406069533036
15.106207683025016
14.21032190026051
13.30548810641953
12.392583999551935
11.47257735040537
10.546593873663575
9.615830148927268
8.681588784482553
7.745257393306975
6.808307167313232
5.872253230758344
4.938667233120633
4.009150237834227
3.0853365788146925
2.1688816455470326
1.2614605073954055
0.3647752252317389
0.0
0.0
0.0
0.0
0.0
0.0
0.0
0.0
0.0
0.0
0.0
0.0
0.0
0.0
0.0
0.0
0.0
0.0
0.0
0.0
0.0
0.0
0.0
0.0
0.0
0.0
0.0
0.0
0.0
0.0
0.0
0.0
0.0
0.0
0.0
0.0
0.0
0.0
0.0
0.0
0.0
0.0
0.0
0.0
0.0
0.0
0.0
0.0
0.0
0.0
0.0
0.0
0.0
0.0
0.0
0.0
0.0
0.0
0.0
0.9427986420187084
2.0612187863020597
3.356367282099999
5.0370389401937565
8.7336079898433
10.501495891316594
11.753023640871277
12.793048263019124
13.707750553734034
14.536827800182
15.302684089013585
16.019541152749603
16.697139147930493
17.34253677060667
17.961074470095017
18.55700288072434
19.133594316481798
19.693656594129887
20.239456233345
20.772936642765693
21.295766258468934
21.80939249865905
22.315087287316537
22.813995561101663
23.307158971094417
23.795471171276755
24.279768233502608
24.760778555559778
25.23913821244016
25.71541086894144
26.19007487575407
26.663523758806623
27.13611779467981
27.608141660701442
28.079793905251655
28.5512634166645
29.022635965663014
29.494000108229685
29.96539172123499
30.436798646636063
30.908225304779968
31.379614314160396
31.850910584832874
32.322013024075694
32.79283520346601
33.26325400010492
33.73315548444345
34.202399068943336
34.67086227795895
35.138383115191516
35.604822156719536
36.07002474755797
36.53383748833209
36.99610100458172
37.456668961781936
37.9153813076382
38.37206205370315
38.82655980019646
39.278697333960665
39.72826927994133
40.175061385347554
40.61886996470413
41.059432402715316
41.49648724852606
41.929743127963384
42.358900418509904
42.783610512741944
43.20353083747724
43.61864609712917
44.027422336552505
44.43056037084937
44.82739889291216
45.216893641338814
45.599085128052224
45.97322991903113
46.338763290163286
46.69511047874968
47.0416661889464
47.37781969762387
47.702992205703914
48.01654706211827
48.31785854176356
48.60630297426391
48.881228720750286
49.14200983231747
49.38797757768221
49.61851977497027
49.83298349478805
50.03072873187368
50.21118171308741
50.37365407415044
50.51757671152028
50.64237721936905
50.747458823571115
50.83224217089615
50.896260278846
50.93890296378336
50.95966280267497
50.95805968695912
50.93358934038207
50.885806552519526
50.81419976643703
50.71832351748638
50.59767896866436
49.9822807184765
49.79698950520701
49.586334372516006
49.349762708072504
49.0866986118981
48.796510618263056
48.4784553737657
48.13170808208807
47.75533026781267
47.34821704360132
46.90910899876399
46.43652356104752
45.928751489410104
45.383731673189374
44.79901659991635
44.171603161287145
43.497725650147885
42.772543996029576
41.98960584502714
41.14002705043997
40.210766675432936
39.18125108508706
38.015136131275646
36.634807299891555
34.789293998563146
30.68281406566336
28.74359935404305
27.332864820316644
26.14786584703235
25.09935018779572
24.146305432384985
23.26612243417042
22.4450921720895
21.674416236216235
20.948350134499467
20.263121085157138
19.616342320551194
19.006658177659315
18.433424574923418
17.89659130029195
17.39656904668718
16.934095005854015
16.510185912641685
16.126023418782843
15.782987962864937
15.482525211169172
15.226118551571966
15.01529810518835
14.851578036114397
