45.5030609
46.67261719999998
47.84368819999999
49.02242179999998
50.2146689
51.42583490000002
52.66076089999999
53.923515799999976
55.2173666
56.5446893
57.9069689
59.30465089999998
60.73731949999999
62.20354909999999
63.70117159999998
65.22706849999997
66.77752729999997
68.34812269999996
69.9339245
71.52955699999997
73.13439650000002
74.70222979999998
76.2613313
77.80570160000002
79.3293116
80.82625099999998
82.29087680000002
83.71769449999998
85.10159570000002
86.43770960000003
87.7215812
88.94908220000002
90.11650010000001
91.22047879999998
92.25810770000001
93.2268623
94.12472299999996
94.95014539999998
95.70217909999998
96.3806756
96.98655559999999
97.52240299999998
97.9934153
98.4097499
98.79106819999998
99.17895020000003
99.5252225
99.66368390000001
99.69032479999997
99.606749
99.4142039
99.11378840000003
98.70639349999999
98.19293990000001
97.57417009999999
96.8509454
96.0241568
95.09472500000001
94.0638083
92.93256499999997
91.70250979999999
90.37518710000003
88.95249769999997
87.43652060000002
85.82960210000002
84.13435580000001
82.35360320000001
80.4904628
78.54835010000002
76.53085879999999
74.44182020000001
72.23315000000004
70.02447980000001
67.5756851
65.06665879999998
62.503043899999994
59.890631899999974
57.235333100000005
54.54314690000002
51.82016179999996
49.072466299999995
46.30614890000003
43.52723869999999
40.741675699999995
37.955370199999976
35.17396519999999
32.40307399999996
29.64804259999999
26.914038800000025
24.206052200000002
21.528864500000005
18.886960399999985
16.28470579999997
13.726199299999998
11.215301899999984
8.755726100000013
6.350946800000003
4.004320099999965
1.718934799999993
0.0
0.0
0.0
0.0
0.0
0.0
0.0
0.0
0.0
0.0
0.0
0.0
0.0
0.0
0.0
0.0
0.0
0.0
0.0
0.0
0.0
0.0
0.0
0.0
0.0
0.0
0.0
0.0
0.0
0.0
0.0
0.0
0.0
0.0
0.0
0.0
0.0
0.0
0.0
0.0
0.0
0.0
0.0
0.0
0.0
0.0
0.0
0.0
0.0
0.0
0.0
0.0
0.7790188999999645
2.4177758000000193
4.061314399999991
5.707021100000016
7.35243079999999
8.995137799999991
10.6329443
12.263771300000029
13.885599199999987
15.496705400000003
17.095337599999983
18.68007019999999
20.24947760000002
21.802342099999994
23.33762419999996
24.854343800000024
26.35172869999999
27.82912550000002
29.285969899999994
30.721846100000015
32.136427399999995
33.529565299999994
34.90111129999999
36.25100599999998
37.579368200000026
38.886257300000004
40.17188119999999
41.43641809999998
42.68019469999999
43.90350799999998
45.1066847
46.290081199999996
47.45411329999996
48.599167099999974
49.72565840000001
50.83400299999999
51.92461669999999
52.99791530000002
54.05431459999996
55.09417100000002
56.11787060000001
57.12576980000001
58.118224999999995
59.095473800000015
60.0578429
61.0055105
61.93871420000001
62.85763219999999
63.762323899999984
64.65287839999999
65.52932539999998
66.39163519999998
67.23974839999998
68.0734868
68.89267219999998
69.697067
70.48631480000002
71.26005920000003
72.01785469999999
72.75916669999998
73.48491589999999
74.17743080000004
74.85165050000002
75.50686219999999
76.14229370000002
76.75714309999998
77.35051940000001
77.9215613
78.46946689999996
78.9933155
79.49230519999998
79.9657232
80.4129161
80.8333493
81.22672580000001
81.5930159
81.9324869
82.245911
82.53474349999998
82.80133070000001
83.04926629999999
83.28413389999996
83.5145465
83.72693120000001
83.81790230000001
83.86462039999998
83.86702609999999
83.82535700000003
83.73988039999998
83.61113089999998
83.43979159999998
83.22666439999999
82.9726997
82.6789964
82.34674250000002
81.97724479999998
81.57195859999999
81.13227979999995
80.65975279999996
80.1560111
79.6225694
79.06103150000001
78.47303090000001
77.86011200000002
77.22375979999998
76.5654593
75.88654700000001
75.18835939999997
74.4720845
73.73882119999996
73.0541174
72.25601899999998
71.44271419999997
70.61485639999997
69.77298019999999
68.91747170000001
68.04865760000001
67.16662699999998
66.27146900000004
65.3631539
64.4415629
63.50654749999999
62.55789979999999
61.59544159999998
60.6189947
59.6283809
58.62348139999999
57.60426649999998
56.570706500000036
55.52292019999999
54.4610561
53.38535179999996
52.296074600000004
51.19366999999998
50.0785241
48.95111210000001
47.8119389
46.661449999999995
45.500120599999995
44.32833679999998
43.14648470000001
41.9547722
40.75334779999998
39.542211500000015
38.321303899999975
37.09029829999998
35.84886799999997
34.59647839999999
33.332565199999976
