0.0
0.0
0.0
0.0
0.0
0.0
0.0
0.0
0.0
0.0
0.0
0.0
0.3917591195451303
4.371470851007103
6.624559745973727
8.100382594376308
9.299572439468623
10.33406016762144
11.249996074842347
12.070142690904825
12.80633648666629
13.464330671583536
14.046196854063403
14.551681003932451
14.978921608194685
15.325104977554375
15.586797924157306
15.760306051277844
15.841723347515941
15.827300768429707
15.713309138835823
15.496142574122008
15.172095032338838
14.737143951804867
14.186443547907064
13.513439404274564
12.708174223938375
11.753870026215683
10.61888731775295
9.233024705186644
7.377149174056436
3.0534867380170962
0.8189606044655897
0.0
0.0
0.0
0.0
0.0
0.0
0.0
0.0
0.0
0.0
0.0
0.0
0.0
0.0
0.0
0.0
0.0
0.0
0.0
0.0
0.0
0.0
0.0
0.0
1.9438285381700484
6.2386507088181675
8.185492563605104
9.792479708692992
11.25916704942359
12.659037766377725
14.0300811384895
15.39548307654086
16.770728007352687
18.166683533570932
19.590847942579607
21.048363595977097
22.542217589711356
24.073613586553414
25.642090687019085
27.245787899617426
28.881259989730793
30.544104967214732
32.22877074262906
33.92885720705705
35.63724979704959
37.34629444817118
39.04820758931592
40.73479367824747
42.39802266274984
44.029784138082825
45.62262082204177
47.16958600947363
48.66425151484245
50.100762383307554
51.473894098975336
52.779067631361855
54.012397438156555
55.17061605859701
56.251140194139296
57.252006329566875
58.17183173034516
59.009807955109196
59.765655014409376
60.439569906959775
61.032222029751566
61.544677659842904
61.978392072392936
62.33513847947209
62.616976708003364
62.82623255738468
62.965405210569195
63.037177842274545
63.04433596957381
62.989841728319405
62.87652020311877
62.70744136224776
62.485602737276025
62.21401810624121
61.89561365833132
61.53331772572105
61.13015271968459
60.006834457854076
59.496375599946454
58.95515590263325
58.38567412097565
57.79025522503905
57.17096526935704
56.52963526532223
55.86780909237194
55.18680804266118
54.48762796671231
53.7709906641787
53.037314369740145
52.286665707279546
51.51875404321018
50.73286247014721
49.92781748811427
49.101842286350916
48.25252582403847
47.376604755303475
46.46969933761693
45.52592765037194
44.537158040543524
43.4917731483864
42.37209095915796
41.14879921752296
39.7654930640785
38.07893092873948
34.60100736744003
31.63607265365758
30.029153518827957
28.742762929310125
27.62872298108815
26.626309281695562
25.703237533174523
24.83993217580298
24.023458135977428
23.244795610030614
22.49745777749787
21.776621394135656
21.078641877348335
20.400788342879707
19.74096262876588
19.09763018589001
18.4696833344605
17.8563328071611
17.257092923056184
16.67169738144848
16.1000640856377
15.542265835642496
14.998492949368131
14.469037910643996
13.954244760462874
13.454569927206169
12.970451353568677
12.5023967289175
12.050254128830227
11.616585201154859
11.199879906884219
10.80132436626878
10.421392998135744
10.060562702908992
9.719244024434136
9.39779001187844
9.096466429311809
8.815418720212243
8.554699301901833
8.314197929389584
8.093653665032276
7.892648245304472
6.414030737066361
6.25666086808665
6.118424796408176
5.997825699768329
5.893063560203048
5.802102321982063
5.722620044030398
5.65202547481811
5.587478991539471
5.525868222808119
5.463842393714939
5.397831898813205
5.324081641094067
5.238661697304519
5.137540737399103
5.016628112986822
4.871859795704506
4.699203425940416
4.494790689784972
4.254954311422152
3.9762803447896946
3.655741522661259
3.290689981331817
2.8789876325337027
2.4189855788636807
1.909578771380287
1.3502548517036566
0.7410309485229232
0.08249486091584231
0.0
0.0
0.0
0.0
0.0
0.0
0.0
0.0
0.0
0.0
0.0
0.0
0.0
0.0
0.0
0.0
0.0
0.0
0.0
0.0
0.0
0.0
0.0
0.0
0.0
0.0
0.0
0.0
0.0
0.0
0.0
0.0
0.0
0.0
0.0
0.0
0.0
0.0
0.0
0.0
0.0
0.0
0.0
0.0
0.0
0.0
0.0
0.0
0.0
0.0
0.0
0.0
0.0
0.0
0.0
5.513049957057186
8.092383860683096
10.045053132232741
11.766011927856246
13.378330808124538
14.941065816082808
16.48751724522298
18.037512567727962
19.602485461089405
21.18795507452106
22.794719252391225
24.420075629271352
26.058236200942197
27.70090627219701
29.33791982521246
30.957318300018876
32.54637977027404
34.09166095573237
35.579506125112246
36.99642246934183
38.329374681573206
39.56615333105463
40.69536027990861
