19.67322175257993
19.617189645927056
19.877704882257085
20.513075094353045
21.8170064631684
24.88823299953643
26.462457296022546
27.833668036559548
29.125094908048197
30.368468699792597
31.57324314839638
32.74085311647475
33.86939884313628
34.95551050296574
35.995239380665126
36.98447041826984
37.91919269816877
38.79560533093156
39.61021369489235
40.359878540135206
41.041827154886576
41.65368085217745
42.193440121841654
42.65945700060803
43.05041820273822
43.365310688099726
43.60337650363158
43.76408003233904
43.84700505373099
43.85182258043381
43.77819277632715
43.625644403904516
43.393492263119796
43.080653136802965
42.68550705405027
42.20562423819348
41.637464981132325
40.97593904157877
40.213663605869215
39.19820762376369
38.20454721493712
37.05949646630614
35.71913033735845
34.09455383764083
31.932840895648724
26.77237524924166
23.92920761940689
21.91978535610738
20.19879274789243
18.631582502765493
17.158942913610584
15.74862514337256
14.380900647979777
13.042866835917566
11.725743447921657
10.423599431457
8.57292170432328
7.2281578173434875
5.887969231921784
4.552078921765115
3.221075306857688
1.8963238480258906
0.5798491684124792
0.0
0.0
0.0
0.0
0.0
0.0
0.0
0.0
0.0
0.0
0.0
0.0
0.0
0.0
0.0
0.0
0.0
0.0
0.0
0.0
0.0
0.0
0.0
0.0
0.0
0.0
0.0
0.0
0.0
0.0
0.0
0.0
0.0
0.0
0.0
0.0
1.4811371257487849
7.3476234046338496
13.737552441479034
16.92298940224468
19.53788249619382
21.848266715654756
23.959897234488928
25.92757118218795
27.783614320404542
29.54850208931455
31.2357314811888
32.85427201826171
34.41006293526211
35.906844561368764
37.346764096600545
38.73077049314376
40.05892425667648
41.33057769529165
42.54461312215763
43.69953019269793
44.79361581576699
45.82499263015194
46.79174854019034
47.69197702661646
48.52384099669397
49.28561192932244
49.975718828950285
50.59277057828065
51.135593749644435
51.60320188731412
51.99486014212902
52.31002229203497
52.54838012004772
52.70981984792894
52.794425837620565
52.80244622241946
52.73425443062826
52.590399505090716
52.371369822839405
52.07782020638544
51.71034177026575
51.26947178323809
50.755587118332315
50.16886754059679
49.509188750596444
48.775986215830144
47.96813973543152
47.083717863486925
46.11975168064588
44.868903022734
43.73660695188122
42.50580134423367
41.16172667725508
39.68095754804498
38.02338340294393
36.11026226148285
33.73790797311749
28.634152177821484
24.64344166201283
22.365040660854557
20.521092433238405
18.910150156492808
17.44970114008541
16.09608659568222
14.822921259447003
13.612885624740363
12.454024518885799
11.337761498886566
10.257793735268793
9.209605857520957
8.189660862495732
6.5327649001651205
5.514865510147761
4.520108685802256
3.5479542313695127
2.598307643463968
1.6714210865131418
0.7678873007270931
0.0
0.0
0.0
0.0
0.0
0.0
0.0
0.0
0.0
0.0
0.0
0.0
0.0
0.0
0.0
0.0
0.0
0.0
0.0
0.0
0.0
0.0
0.0
0.0
0.0
0.0
0.0
0.0
0.0
0.0
0.0
0.0
0.0
0.0
0.0
0.0
0.0
0.0
1.4230064189186487
3.1456784422929696
5.2593040718006385
8.44351166567686
14.013538419268519
16.413198729116804
18.307896489898205
19.95009434565041
21.430035939262144
22.79242804885026
24.063166087953984
25.258712458369548
26.3901717325774
27.465373697321713
28.48997762256433
29.468192563820903
30.403196003463737
31.29741949015133
32.15275045441679
32.970668054901275
33.75235919410676
34.498775494181125
35.21068623310188
35.8887553270298
36.53353605274657
37.14554100140936
37.725241743630384
38.27310841680554
38.78959814027052
39.27519385415036
39.73039715483481
40.155742774274216
40.55179552481589
40.919144395418236
41.2584144728481
41.57026467985107
41.85533822782736
42.11431709567287
42.34788606329161
42.55672286155962
42.74150640877832
42.90290365183244
43.04156051287667
43.15809834198723
43.25309390347693
43.32708779888268
43.380557121546666
43.41392682748287
43.42753888088581
43.4216426132216
43.396434339559455
43.35205079766012
43.2884934091419
43.20578108875922
43.10384427995432
42.98258214048158
42.84186315676698
42.68153733306014
42.501462489648894
42.30151786807246
42.0816547803827
41.84189718051315
41.58237301117053
41.303366086962164
41.005316265919575
40.688850721591415
40.35484998585041
40.004443166301655
39.639101979763765
39.26064238588249
38.87130160561539
38.473780660533464
38.07130316465451
37.667653142940246
37.267271758627
36.87526194445353
36.4974397312383
36.14033473021455
35.811128493433856
35.5175169999637
35.17133451102532
34.9739153467114
34.83474552076609
34.75985413442706
34.753510052580936
