39.07357519999999
38.31628459999998
37.559112800000015
36.800426299999984
36.03859159999996
35.27194549999998
34.4990624
33.718576100000014
32.929328299999995
32.13042800000003
31.321251499999963
30.501442399999988
29.67097100000001
28.830104599999974
27.979407499999986
27.11985979999998
26.252590100000006
25.379113100000005
24.501210799999992
23.620873100000008
22.740327500000003
21.86200939999998
20.988473000000006
20.122421
19.266764
18.424293800000008
17.59803980000001
16.790912600000013
16.005852499999964
15.245799800000007
14.513575999999974
13.811913499999982
13.143455599999974
12.510667399999978
11.915954599999997
11.36142589999998
10.849100900000025
10.3807022
9.957803900000025
9.581742499999974
9.253498099999993
8.973872599999995
8.733777799999968
8.429293400000015
8.287654100000006
8.272655600000014
8.364398899999971
8.551033699999996
8.82489739999998
9.180733099999982
9.614620399999986
10.123529899999996
10.704848000000032
11.35619870000001
12.075413900000006
12.860266099999984
13.708587199999979
14.618060600000009
15.586340000000009
16.610930599999985
17.689218799999956
18.8185316
19.995988100000005
21.218647999999966
22.483452199999967
23.7871931
25.126603699999965
26.498357599999974
27.899009600000003
29.325025400000026
30.772900400000015
32.23901119999997
33.71976409999997
35.21147629999999
36.710524399999976
38.213285
39.71613470000001
41.215479800000004
42.707786000000006
44.18960810000001
45.65753059999999
47.1082568
48.53854939999999
49.94537899999999
51.32568650000001
52.67668009999998
53.995657099999995
55.28003360000001
56.5274039
57.73551080000003
58.90230499999998
60.02585600000002
61.104411500000026
62.136456800000005
63.12059600000002
64.05567079999999
64.94070109999998
65.77491470000001
66.55780669999996
67.28905040000002
67.96867550000003
68.59700869999999
69.1747331
69.7030367
70.18376090000001
70.6196084
71.01444019999998
71.37401809999999
71.70695510000002
72.02673499999997
72.35566250000001
72.64241599999998
72.7731851
72.83855480000003
72.83998040000002
72.77888750000001
72.65682050000001
72.47526439999999
72.2358527
71.9402486
71.590145
71.18729419999997
70.7335673
70.23089479999999
69.68117750000002
69.0865241
68.44895419999997
67.77069529999999
67.05394519999997
66.30096109999998
65.514119
64.6957949
63.848364799999985
62.97435319999998
62.076195500000004
61.15638649999998
60.21748039999998
59.262001699999985
58.29241549999999
57.31130569999998
56.32110769999998
55.32434599999998
54.323455999999965
53.3208434
52.318884199999985
51.31989499999999
50.326133000000006
49.33976630000001
48.36290359999998
47.39759419999999
46.44576860000003
45.50926819999999
44.589815599999994
43.689074
42.80858779999997
41.94978259999998
41.11396520000003
40.30232360000003
39.51601609999997
38.75593370000001
38.02305650000002
37.318097299999984
36.6417392
35.9945465
35.37699439999998
34.78943929999999
34.23214849999999
33.70532989999999
33.20904289999998
32.743346900000006
32.3081231
31.903312099999987
31.5286466
31.18391869999997
30.86880169999998
30.582939199999988
30.325915399999992
30.09728480000001
29.896601900000004
29.723302399999994
29.57685170000002
29.456744900000007
29.35983379999997
29.223243500000002
29.134767199999985
29.088464900000016
29.079911300000003
29.105572100000007
29.162774300000013
29.249290399999996
29.363278999999967
29.503195699999974
29.667793100000015
29.855912899999957
30.066664099999997
30.29918539999999
30.552793699999995
30.826835599999995
31.120835900000003
31.434319399999982
31.766929699999995
32.11831039999998
32.48819419999997
32.876373200000025
33.282639499999995
33.706844600000004
34.148839999999964
34.608477199999996
35.0856968
35.5803503
36.092289199999996
36.621424399999974
37.16757769999999
37.73057089999999
38.3101961
38.90624539999998
39.51839210000001
40.14633920000003
40.7897006
41.44806050000001
42.1209734
42.80787499999999
43.50817129999997
44.22120889999999
44.946275000000036
45.68262709999998
46.42940390000003
47.18571439999998
47.9506082
48.723075500000014
49.50198770000001
50.28630530000002
51.074751199999966
51.86613739999999
52.65915709999999
53.45247379999999
54.244691599999996
55.034384899999985
55.8201281
56.600406500000005
57.37373509999999
58.138569499999996
58.89342469999999
59.63672659999999
60.36696049999998
61.08261169999999
61.782165499999984
62.46422600000001
63.12727849999998
63.770016199999965
64.39110260000001
64.9892606
65.56333190000001
66.11224729999996
66.6350564
67.13092759999998
67.5992372
68.03948030000001
68.45147869999998
68.83535119999998
69.19163239999999
69.52133210000001
69.82632139999996
70.10942180000002
70.37508829999997
70.6302113
70.8856313
71.13546770000002
71.24755549999998
71.3136974
71.3336558
71.30713369999998
71.2340717
71.1143807
70.94820919999997
70.73561659999997
70.4769296
70.1724452
69.8225792
69.42783650000001
68.9888705
68.5063346
67.98103069999998
67.41387950000001
66.80586109999997
66.15813379999997
65.47188560000002
64.74851240000001
63.9894695
63.196360699999964
62.370968
61.5150734
60.63075590000002
59.720094499999995
58.785376100000015
57.82897669999998
56.853391100000024
55.86123289999996
54.85523449999997
53.8382174
