4.357482799999963
3.21236960000001
2.059742299999997
0.9067288999999835
0.0
0.0
0.0
0.0
0.0
0.0
0.0
0.0
0.0
0.0
0.0
0.0
0.0
0.0
0.0
0.0
0.0
0.0
0.0
0.0
0.0
0.0
0.0
0.0
0.0
0.0
0.0
0.0
0.0
0.0
0.0
0.0
0.0
1.6368736999999884
3.3610180999999657
5.146582100000025
6.987150499999985
8.876129899999992
10.80677839999997
12.772205599999975
14.765342899999993
16.7791811
18.806562500000002
20.840448199999997
22.87376959999998
24.899576899999992
26.91100939999999
28.90141429999999
30.864287300000026
32.79330229999999
34.6824302
36.525879499999995
38.31812600000002
40.053972200000004
41.72851760000002
43.33718839999998
44.87579689999999
46.3404821
47.7277691
49.0345691
50.2582982
51.396788300000004
52.448376199999984
53.4120818
54.287667499999955
55.07584610000002
55.77872630000003
56.4004067
56.94831230000002
57.435629900000016
57.887069899999986
58.35338959999998
58.874683999999995
59.120273299999994
59.24106320000001
59.2412711
59.12502529999998
58.89627590000001
58.55906210000001
58.11751220000002
57.575813899999986
56.93842219999996
56.209881200000005
55.39509140000002
54.49910179999996
53.52722869999997
52.48508539999999
51.37846340000001
50.21348089999999
48.99640459999999
47.733798199999974
46.432373899999995
45.09905180000003
43.74078169999999
42.36478069999998
40.97817680000002
39.58824650000002
38.20217719999998
36.82712659999997
35.4701336
34.13811830000002
32.837792899999975
31.57560229999996
30.357753800000005
29.190038900000012
28.077981800000003
27.0265721
26.0403539
25.123306999999972
24.27884689999998
23.5096763
22.817785099999984
22.204212799999965
21.669137599999964
21.211430899999996
20.73462709999996
20.385355099999973
20.324856199999974
20.467416199999978
20.77576160000002
21.230706199999993
21.82087490000001
22.5386051
23.378105299999977
24.334415600000018
25.402991899999986
26.57937919999999
27.859003700000013
29.237143099999983
30.70883749999998
32.268859699999986
33.91174490000001
35.63173130000002
37.42281949999997
39.27871309999998
41.192996900000004
43.159018100000026
45.1699754
47.21894869999998
49.298928799999956
51.40284709999998
53.52369439999998
55.65443179999999
57.788050099999985
59.917718300000004
62.03669449999999
64.138415
66.21652399999998
68.2648736
70.2776129
72.24909889999998
74.1592247
75.99703099999996
77.77846669999998
79.49931440000002
81.15583190000001
82.74457400000001
84.26248159999999
85.70688170000003
87.07548740000001
88.36636819999997
89.5779797
90.709223
91.75926649999998
92.72787260000001
93.61513039999998
94.4217527
95.14898690000001
95.798912
96.37461679999998
96.8807642
97.3242149
97.71566089999999
98.07268459999999
98.42623339999999
98.7358262
98.85664579999998
98.88408860000001
98.822669
98.67660440000003
98.4500528
98.14693459999998
97.77117020000001
97.32668000000002
96.81738440000002
96.2471444
95.62002889999998
94.93998800000001
94.21115
93.43770260000002
92.62389289999996
91.77399770000001
90.89238289999996
89.98353320000001
89.05187389999998
88.10191939999999
87.1382435
86.16533089999996
85.18775539999997
84.2100017
83.23646540000003
82.27154209999999
81.31950859999996
80.38449320000001
79.47053509999999
78.58146560000002
77.72099719999997
76.8925454
76.09943659999998
75.3446111
74.6308607
73.96068020000003
73.3362674
72.7836989
72.23261540000003
71.73537800000001
71.29287770000002
70.90567879999998
70.5740783
70.29813560000002
70.04173549999996
69.77158429999997
69.65100229999999
69.64345849999998
69.72756889999997
69.88922600000001
70.118213
70.40639209999998
70.746962
71.13383420000002
71.56130630000001
72.02406199999997
72.51687410000002
73.0346936
73.57300610000001
74.11467469999998
74.66635219999999
75.22337569999999
75.78117139999999
76.33531399999997
76.88146729999998
77.41547329999999
77.93347100000001
78.43177759999999
78.90712609999999
79.35669500000002
79.77834589999999
80.17083139999997
80.53432969999996
80.87130590000001
81.18796730000003
81.4976492
81.8278538
82.10344009999999
82.23343700000001
82.29055009999999
82.2715718
82.1735618
81.99381740000001
81.7299626
81.3798293
80.94160579999996
80.41368829999999
79.79479969999998
79.08393019999997
78.2804858
77.38408040000002
76.39480309999999
75.31309939999998
74.13974149999997
72.98500550000001
71.55723740000003
70.03383529999999
68.41732369999998
66.7107023
64.91741629999997
63.041297
61.086621199999996
59.057933000000006
56.96001409999999
54.797854099999995
52.5766208
50.3013929
47.9773382
45.609476000000015
43.202528599999994
40.761129200000006
38.2894655
35.79139850000001
33.27031399999996
30.72930080000002
28.17088339999999
25.597229899999977
23.010152000000012
20.41104559999998
17.8011878
