13.539023592763597
13.445169699110375
13.313985021433647
13.146820780674815
12.946215120070589
12.715692959767809
12.459594350636703
12.18284379079092
11.890746885535574
11.588838895962544
11.282695042251458
10.977882583955024
10.679829779956425
10.393811407405027
10.12489247228689
9.87795350084591
9.657638337173106
9.468395681539665
9.314509131834303
9.200099279415399
9.12919756266233
9.105752625391624
9.13370890437408
9.217073594763827
9.359982566661927
9.566864134221401
9.842610571590992
10.192850649436538
10.624366594496001
11.145794251647047
11.768837217666041
12.510568697965398
13.398319296421846
14.482253680362792
15.878697603105136
18.113578475642903
21.981990581679767
23.70774316932324
25.114535640332512
26.366772624953146
27.52185981978867
28.606896681970785
29.636596580996592
30.61952895147286
31.56089104789935
32.463819257830366
33.33017134865807
34.16092750714324
34.956505120097695
35.7169316155109
36.441950602543514
37.13116019291962
37.784036365513366
38.400045785695085
38.97862168501027
39.51925628101332
40.02148385379597
40.484923223426925
40.909283411169014
41.294380202878585
41.64015158361709
41.94667346058128
42.214080267804114
42.44269965279351
42.63292162120419
42.78526436435844
42.90033440773053
42.978832346626554
43.02156103610651
43.029393653243105
43.00326422932129
42.944164771819324
42.8531340407292
42.73123983098032
42.57955624115244
42.3991767708944
42.19117754674337
41.95663590882486
41.69658755053477
41.41206212445896
41.104018002897945
40.77339005623485
40.42105279970178
40.047798023133446
39.65438186047327
39.2415019668421
38.809809357379685
38.2296835250493
37.76489180115275
37.28330384419025
36.78533933639741
36.271316193253945
35.74143210114801
35.195669140738104
34.63371135889433
34.05472968779941
33.45702028402782
32.837334882961976
32.189342697902774
31.500014532574053
30.738003421288738
29.789737424963427
27.924478824558744
27.157540042750565
26.673680809554945
26.34206029943647
26.123735763848263
26.002641491358265
25.9726490074088
26.03389385175864
26.19236401085173
26.46226257574118
26.87454675569432
27.51333684095516
29.24437119470417
30.399222640099335
31.230463853622897
31.97553636040686
32.67968290286475
33.35980971524588
34.02345747203736
34.674093562600575
35.31306910220281
35.94055393194378
36.55600944682793
37.15841453027846
37.74648189067699
38.31868930426201
38.87340219239634
39.408869625192786
39.92327640076188
40.414776387733
40.88150266298768
41.32157404482044
41.73313676797615
42.11432243925821
42.463282510796205
42.77819939233142
43.05726151988548
43.298693841589255
43.50073578769079
43.66163993773053
43.77966831879683
43.85307951940718
43.88009644852988
43.85891907912859
43.787640170916475
43.66426695963338
43.48662429412957
43.25229524571265
42.95855289911342
42.60217631342869
42.17928234454634
41.684995834731794
41.11294406002773
40.45440003230481
39.69668812516591
38.81994137495941
37.7894837522894
36.533071997590014
34.831366372023275
30.8648341541911
28.85038911137738
27.38583946430934
26.137568354329993
25.015358704724104
23.979253255144005
23.00771616505256
22.087923542738732
21.211702665653835
20.37367788486861
19.57023535511315
18.798961949533993
18.058250934917478
17.347095832240715
16.664905489662527
16.011442833233797
15.386682762421843
14.790873540711539
14.224329246298296
13.687523764103396
13.180993841549487
12.705349612347048
12.261251413531925
11.84939514501712
11.47047858985398
11.125228880216898
10.814369081466142
10.53861880290908
10.298704624202154
10.095317127665199
9.929279750746602
9.801237422485444
9.185423718096612
9.139774286630582
9.136299188602216
9.17571350463145
9.258741704523262
9.386127375639425
9.558647414957223
9.777138145155446
10.04249874496122
10.355751501304441
10.718044408249233
11.13074442321194
11.595512643293244
12.114382174465444
12.689979557835352
13.325722325212437
14.026273198366495
14.798163830336986
15.650972139993623
16.59952081101898
17.66865431338087
18.905408256264437
20.421277850678983
22.7246721745118
26.62448093119303
28.28818721264662
29.591210606907943
30.708722702029135
31.703513540746545
32.60634375873107
33.43467238460175
34.199341802174466
34.90742277519628
35.563689327893556
36.171391326105415
36.732745298689714
37.249239359363415
37.7218277321714
38.151038817458215
38.537127560147376
38.88007220114189
39.17967475244091
39.435550983971105
39.64718646068803
39.81393064872726
39.93501169788809
40.00954410885337
40.03654510387511
40.01488517429664
39.94334351155934
39.82053693463662
39.64495327941414
39.41485666175886
39.12827147178836
38.782887207396946
38.37594409510384
37.904027491220994
37.36279662042868
36.746470661819856
36.04704380379474
35.252686937604906
34.34464357063057
33.289686076574064
32.01752111758102
30.275340302637275
26.387352309092535
24.438223380553442
23.041004172785954
21.867850426062024
20.830095681507498
19.88869460761868
19.022938644009717
18.220708907877665
17.25035272148046
16.5351405051408
15.869294757687207
15.25117174582948
14.679876761808542
14.155017223149633
13.676505561858972
13.24445374642293
12.858995731707221
12.520243846774651
12.228213160130634
11.982683756738538
11.783225450023224
11.629063108832133
11.519074190778047
11.451706985860046
11.424953375219795
11.43630794763858
11.482718306932297
11.560574381546196
11.66569112695709
11.7932961335438
11.938047385821934
12.09403125260722
12.254838570496151
12.413645019783472
12.563318929246785
12.696611785652593
12.80636929820645
12.88580304640653
12.928768453888436
12.930089677504755
12.88580579882251
12.793445851641891
