0.0
0.0
0.0
0.0
0.0
0.0
0.0
0.2597440999999972
1.9769089999999974
3.6719177000000136
5.342483299999994
6.986497099999989
8.602028600000017
10.187266100000011
11.740665199999984
13.260740899999977
14.746275499999976
16.196199799999988
17.609622800000015
18.98583170000001
20.324321600000015
21.624706399999997
22.886807899999987
24.110626099999976
25.296250099999998
26.443976900000017
27.554222300000006
28.627491199999984
29.66449639999998
30.666010100000015
31.63286390000003
32.5660676
33.46663099999998
34.335682700000014
35.17444040000001
35.98409209999997
36.765974299999975
37.521364100000014
38.251657399999985
38.958161
39.64233019999997
40.3055312
40.94915990000001
41.57467159999998
42.18340280000002
42.7767791
43.35616669999997
43.922902100000016
44.478381199999994
45.02388110000002
45.56067890000001
46.09005169999998
46.61318749999999
47.13130399999997
47.645500100000014
48.15687470000001
48.66646730000002
49.175258
49.68419719999998
50.19414620000002
50.70590690000001
51.220251499999975
51.73789280000002
52.25942479999998
52.78541180000001
53.31635869999997
53.852740700000005
54.39488450000002
54.94311680000001
55.49773459999997
56.05885669999997
56.62669099999999
57.201267200000004
57.78261499999999
58.37070469999999
58.96544719999998
59.56669399999996
60.17420750000001
60.78780949999999
61.40714360000001
62.03188309999999
62.66164189999999
63.295974500000014
63.934375999999986
64.57637120000003
65.22136609999997
65.86879639999998
66.51800869999998
67.16831990000003
67.81907659999999
68.46953630000002
69.11889709999998
69.7663868
70.41120350000003
71.05248589999998
71.6893133
72.3208244
72.9460688
73.5644822
74.16195710000001
74.75025469999999
75.32836519999998
75.89524909999999
76.44992630000002
76.99135729999996
77.51850259999998
78.03032269999999
78.52586720000002
79.00409659999998
79.46411989999999
79.90504609999998
80.32601389999998
80.72634019999997
81.10537159999998
81.46266260000003
81.79788649999999
82.111073
82.40245969999998
82.67281880000003
82.9234571
83.1564833
83.3753129
83.5849949
83.79342949999997
83.94026629999998
84.00795260000002
84.03711799999999
84.02731700000001
83.9782229
83.88956840000002
83.7612347
83.59316240000001
83.3854109
83.138099
82.8514643
82.52586319999997
82.16165210000001
81.7593359
81.3194789
80.84273450000002
80.3297858
79.7814644
79.19857219999997
78.5820893
77.93290669999999
77.25212329999995
76.54080830000004
75.80006059999998
75.03109789999999
74.2351676
73.41351709999999
72.6210617
71.71188530000003
70.77966169999999
69.82593529999997
68.85228020000004
67.86035960000001
66.8517773
65.82819649999999
64.7913101
63.742810999999996
62.68436239999999
61.61768689999999
60.544477399999984
59.466456499999964
58.385317100000016
57.302752100000006
56.220395
55.13990900000002
54.06295730000001
52.99111400000001
51.925923499999975
50.86895989999998
49.82170819999998
48.785653399999994
47.7621914
46.752777499999986
45.758569999999985
44.7810242
43.8213875
42.88078850000001
41.96041519999998
41.06133679999996
40.184622500000025
39.33122269999998
38.50211749999997
37.69819790000001
36.92020640000001
36.168974599999984
35.4451262
34.749344299999976
34.08213380000002
33.44402929999998
32.83541690000002
32.256682700000006
31.708153399999993
31.190036900000013
30.702511400000002
30.245755099999993
29.81976800000001
29.424609499999974
29.060220200000003
28.726451599999994
28.4231552
28.15012309999998
27.90705829999998
27.69372319999997
27.509672300000002
27.354578899999986
27.22799749999999
27.108068899999992
26.970706399999987
26.886922699999985
26.849857099999998
26.85431210000002
26.8962782
26.972518099999974
27.080358800000017
27.217513399999994
27.381932600000017
27.571834399999982
27.78555559999999
28.021581499999996
28.278486499999996
28.55490439999999
28.8495878
29.161289300000004
29.48885059999998
29.831113400000024
30.18697879999999
30.555407299999988
30.935359400000003
31.325884699999957
31.726032799999974
32.134853299999996
32.551484900000005
32.975125700000014
33.40494409999999
33.84016789999999
34.280113999999976
34.7240399
35.171321899999995
35.62133630000001
36.0735485
36.527364500000004
36.982309100000016
37.43790709999999
37.8937427
38.3494595
38.80464170000001
39.25902199999998
39.71227369999997
40.164159199999986
40.614440899999956
41.0629406
41.50942069999999
41.95379209999999
42.3958469
42.83549599999998
43.272531499999964
43.706923700000004
44.13846469999998
44.5670654
44.992577299999994
45.414881599999994
45.83380010000002
46.24918429999997
46.66085599999997
47.06857759999998
47.47217089999999
47.871428000000016
48.266051899999965
48.65586439999999
49.040538799999986
49.4198078
49.793374400000026
50.1609713
50.522301499999976
50.87703829999997
51.22491439999998
51.565632799999996
51.89892619999998
52.22455700000002
52.542287599999995
52.85191009999998
53.15327599999999
53.44620709999999
53.73064399999999
54.00649760000002
54.273767900000024
54.532454900000005
54.782647699999984
55.024494800000014
55.258144700000024
55.483805299999986
55.70180329999996
55.91249509999998
56.116266800000005
56.313593600000004
56.5050398
