25.225766847376683
26.249463430800166
27.280678837683652
28.32171477964061
29.373925829590867
30.437398552720257
31.51150599360242
32.594583921127246
33.6841262922118
34.776894856864146
35.86906351750018
36.95634376709161
38.03392070891534
39.09700266867671
40.14047244427334
41.1592612670321
42.148373939383816
43.10297619259213
44.01849463323092
44.89059310712395
45.71534517666565
46.48918039736958
47.20894485199543
47.8718210193064
48.4758134138462
49.01771738265434
49.497046620295464
49.912069805536504
50.26180131461321
50.545497787535744
50.76273854486875
50.913283200529904
50.99712442569303
51.01462868837234
50.96554615557487
50.850800464280155
50.67064179127346
50.42554999601894
50.11596508442436
49.74229909176954
49.30488835357898
48.80392572182646
48.239445588389316
47.611269722887535
46.918915998460754
46.1615714064429
45.337940435929546
44.44617417209651
43.48366178624856
42.44679623578894
41.33052944143913
40.12783180274321
38.828609738666316
37.417917622442886
35.87240940541074
34.15236829090665
32.18009887379299
29.754898203907445
24.726110696032507
20.339353743901707
17.971231958544184
16.06873046206951
14.417772188999955
12.932535014153974
11.568516118092399
10.299351396173488
9.108088231423949
7.983282174728288
6.916930791614235
5.903323298934246
4.938314435323964
4.018962548382176
3.143149360679673
2.3094516492681794
1.5169042985675094
0.7649538512587389
0.05332948540133771
0.0
0.0
0.0
0.0
0.0
0.0
0.0
0.0
0.0
0.0
0.0
0.0
0.0
0.0
0.0
0.0
0.0
0.0
0.0
0.0
0.0
0.0
0.0
0.0
0.0
0.0
0.0
0.0
0.0
0.0
0.0
0.0
0.651284030128478
1.3836090087859931
2.1568843743864385
2.9732797337572734
3.8362323523332975
4.751174168968793
5.726728079489836
6.777230800309601
7.928330210766004
9.232696666076711
10.833861718524393
14.357517874290288
16.547331231266014
17.862047501086067
18.89230078097584
19.752380913199843
20.48944844013129
21.128062766006224
21.68266280234745
22.162303603695538
22.572897304505993
22.918321015516383
23.201032836580303
23.42253514642535
23.58350227414332
23.68400579135539
23.723512556658903
23.70095313727058
23.614744984140092
23.462694195029314
23.241879649262586
22.948470655817605
22.57734681075501
22.121549212857808
21.571147277001497
20.911288859883822
20.11772910171392
19.14564951788491
17.890808043843585
15.893563002435318
12.21916837605641
10.55739155272891
9.20297987536074
7.993653425746102
6.872157017419534
5.810954555455642
4.7947551807626265
3.8144026698081395
2.864162938550887
1.9404117550718867
1.0409197249385693
0.16440867020528685
0.0
0.0
0.0
0.0
0.0
0.0
0.0
0.0
0.0
0.0
0.0
0.0
0.0
0.0
0.0
0.0
0.0
0.0
0.0
0.0
0.0
0.0
0.0
0.0
0.0
0.0
0.0
0.0
0.0
0.0
0.0
0.0
0.0
0.0
0.0
0.0
0.0
0.0
0.0
0.0
0.0
0.0
0.0
0.0
1.2718688726840128
3.609887599308788
8.696226638782347
11.064655473946823
12.861801374997984
14.42616538708427
15.860485379803562
17.21278984881953
18.510184062190454
19.7696564178054
21.00248214763871
22.21641082532895
23.416782580957907
24.607217069112792
25.79000063929638
26.966385069969267
28.136742668164388
29.300735858893468
30.4574437820035
31.60542646434608
32.742817077575886
33.86737715313525
34.976599913048
36.06773952632029
37.137878201442575
38.18398228459198
39.20298854693929
40.19176622288526
41.14724237415334
42.0663644915838
42.946140425618644
43.7836882664441
44.576265465075714
45.32120146437439
46.01600797077069
46.65832567330877
47.24596228329369
47.77687722588454
48.24918668137369
48.661130252127265
49.01112089658186
49.29766535791274
49.51941722911883
49.67510708577252
49.76357713563547
49.783732273257826
49.73453973385977
49.61498049551423
49.424027265484256
49.16062460278161
48.82362644230118
48.41177992055455
47.923623676239835
47.35748457634681
46.71130445551776
45.982563581134585
45.16812198945613
44.263970221010496
43.264900833414835
42.16408149840056
40.95223452795316
39.616430319610785
38.13784165172444
36.487346260128106
34.61550466474566
32.42470021258227
29.651963431679224
23.229658618048568
19.139299961621
16.530255062496465
14.376004548083394
12.470934625528175
10.72967126976015
9.10749846535047
7.577987054053842
6.124429986125436
4.735777708147477
3.4046574546429715
2.1261303367632185
0.8970016695071559
0.0
0.0
0.0
0.0
0.0
0.0
0.0
0.0
0.0
0.0
0.0
0.0
0.0
0.0
0.0
