0.0
0.0
0.0
3.5928859999999982
7.189140199999988
10.723885699999997
14.184737600000018
17.56029110000002
20.84026999999998
24.015556399999976
27.078190700000007
30.02187650000001
32.84117869999999
35.53187989999997
38.090831900000005
40.51586660000003
42.80591479999996
44.960679499999955
46.98081409999998
48.86753629999999
50.62292509999997
52.24944560000002
53.75018659999999
55.12865269999999
56.38879399999999
57.53482790000002
58.571387599999994
59.5034924
60.336517999999984
61.07637470000004
61.729685599999996
62.3040836
62.8088648
63.2559092
63.66187849999997
64.05234440000002
64.47141139999998
64.762412
64.8967451
64.94364139999999
64.90844689999996
64.79591359999999
64.61022920000002
64.35522500000002
64.03422739999998
63.65032520000001
63.2062805
62.704588099999995
62.14753490000002
61.53719989999997
60.87545419999999
60.16402039999996
59.404502299999976
58.598355199999986
57.74691559999999
56.85149029999997
55.91317819999999
54.93316730000002
53.91246740000001
52.852118
51.75309919999999
50.61645050000002
49.44312230000002
48.23415410000002
46.9905854
45.71345570000001
44.40395300000001
43.06323559999996
41.69258060000001
40.293265099999985
38.866744400000016
37.414473800000025
35.93805709999996
34.439127800000016
32.91943820000002
31.38082970000001
29.825262499999983
28.254726500000015
26.67136009999998
25.07733139999998
23.474986700000002
21.86664260000002
20.25476419999997
18.641846300000008
17.03047279999999
15.42322759999998
13.82281339999998
12.231903200000001
10.653199700000014
9.089405599999989
7.543253299999994
6.017386099999979
4.514506700000002
3.0371989999999953
1.5880171999999688
0.16948579999996383
0.0
0.0
0.0
0.0
0.0
0.0
0.0
0.0
0.0
0.0
0.0
0.0
0.0
0.0
0.0
0.0
0.0
0.0
0.0
0.0
0.0
0.0
0.0
0.0
0.0
0.0
0.0
0.0
0.0
0.0
0.0
0.0
0.0
0.0
0.0
0.0
0.0
0.0
0.0
0.0
0.0
0.0
0.0
0.0
0.0
0.0
0.0
0.9719797999999702
2.6122811000000117
4.2879254000000016
5.994962599999995
7.729383199999985
9.486940099999975
11.263326800000034
13.054207100000008
14.855036900000018
16.66130180000002
18.468368599999984
20.271633800000007
22.06637509999998
23.84792959999999
25.611604699999983
27.352737499999993
29.066724499999996
30.748962200000012
32.3949362
34.00025089999999
35.56059979999998
37.07173579999999
38.52964940000001
39.93039049999998
41.2702466
42.54574280000001
43.75352300000002
44.89061720000001
45.954322699999985
46.942293199999995
47.8527467
48.6844655
49.43718229999999
50.111966299999985
50.71193599999998
51.24365509999998
51.72031039999996
52.16854279999996
52.64766320000001
53.1473063
53.38377769999997
53.49351919999999
53.478193999999974
53.339376199999975
53.07852109999998
52.697173099999986
52.1969954
51.57971059999999
50.84727889999998
50.00177929999999
49.04558779999999
47.981288300000024
46.811702299999986
45.5400077
44.16961999999999
42.704281399999985
41.1480311
39.50526470000001
37.78070449999999
35.97936979999999
34.106636300000034
32.16820639999999
30.17007949999999
28.118552000000005
26.020217299999985
23.88190639999997
21.71077700000001
19.514105600000008
17.29943600000003
15.074430800000016
12.846901099999963
10.624687699999996
8.415750199999978
6.228018499999982
4.069392799999981
1.9476247999999876
0.0
0.0
0.0
0.0
0.0
0.0
0.0
0.0
0.0
0.0
0.0
0.0
0.0
0.0
0.0
0.0
0.0
0.0
0.0
0.0
0.0
0.0
0.0
0.0
0.0
0.0
0.0
0.0
0.0
0.0
0.0
0.0
0.0
0.0
0.0
0.0
2.355108799999968
5.041444099999995
7.808058500000014
10.644705499999976
13.540722800000003
16.48515109999999
19.466615299999997
22.47362150000001
25.494467899999982
28.51733389999997
31.530487999999988
34.52222840000001
37.481001799999994
40.395551899999994
43.2549491
46.048679600000014
48.766734499999984
51.39963949999998
53.938662799999975
56.37572600000002
58.70349319999998
60.91560859999998
63.00639950000002
64.97126240000001
66.80651449999998
68.50948279999999
70.07850409999999
71.51304379999996
72.81378499999997
73.97300569999997
74.99305219999998
75.8910317
76.67362669999997
77.34977690000001
77.93130289999999
78.43400510000002
78.87938630000001
79.29717619999997
79.72951910000002
79.97899910000002
80.06904949999999
80.06233730000002
79.97433619999998
79.82007439999998
79.61407519999997
