1.2170842277089877
0.9014070873138735
0.5563311276219304
0.1824363682486353
0.0
0.0
0.0
0.0
0.0
0.0
0.0
0.0
0.0
0.0
0.0
0.0
0.0
0.0
0.0
0.0
0.0
0.0
0.0
0.0
0.0
0.0
0.0
0.0
0.0
0.0
0.0
0.0
0.0
0.0
0.0
0.0
0.0
0.0
0.0
0.0
0.0
0.0
0.0
0.0
0.0
0.0
0.0
0.0
0.0
0.0
0.0
0.0
0.4763076627689384
1.2745277408801803
2.098116304208081
2.9491589086892738
3.831564999537216
4.752292527190975
5.724295624213543
6.773624057573121
7.963892790575014
9.56271093325622
12.376669672323079
13.47637339430842
14.237868572838583
14.812560472925904
15.253299834930452
15.58576733115441
15.82439522979178
15.97788164079336
16.051568847650255
16.048528389364346
15.970099253358875
15.816044991974678
15.584386882716865
15.270794719684183
14.867205627692346
14.35862557848593
13.71453846923589
12.85751239266208
11.33060597752254
9.112954547181491
8.078235962003472
7.231775895861178
6.488098516096082
5.816413324558745
5.2024679105418175
4.638991004297218
4.122233205077137
3.6503541819814065
3.2227296739800355
2.8394492866714143
2.501141884768961
2.2087647243059405
1.9635385846748101
1.7668908331254536
1.6204020938222699
1.5258311994569465
1.4850882105359278
1.5002799565261924
1.5737551976687576
1.7082311761999733
1.9069322596289315
2.1737960642746725
2.5138307631473062
2.933744213608802
3.4428989959508263
4.055215544275408
4.793192334447172
5.697930285724319
6.862909901054674
8.671391683569137
12.074550232009866
13.59652667427688
14.827009409555021
15.922304555981055
16.93547322357533
17.89129605053837
18.803084079950537
19.678515679945477
20.52209704469958
21.33639932842911
22.122694915594316
22.88140207956553
23.612250404913986
24.314482724180507
24.986994727871807
25.62834925398026
26.23687821013911
26.810717023286408
27.347814924581336
27.846034353584617
28.303071013707964
28.71661823482519
29.08427640046629
29.403677963769578
29.67243597595534
29.888195598158024
30.04864405892966
30.151534315056665
30.19468701984395
30.17597719058665
30.093342416015247
29.944764679987387
29.72824442568166
29.44176842081427
29.08321325140384
28.650341106218505
28.14062573301954
27.551083589707716
26.877996018700582
26.11649680191875
25.259773611468034
24.297800134435466
23.214761804858902
21.98345565561607
20.55050965955893
18.782792103625297
15.977151011840977
11.521360779140963
9.590548113396741
8.073815682011201
6.779726791295946
5.637856168997514
4.6138264068757024
3.688558386653563
2.8506142954109124
2.0929275358754307
1.4110398699722113
0.8021964585971897
0.26474687852765444
0.0
0.0
0.0
0.0
0.0
0.0
0.0
0.0
0.0
0.0
0.0
0.0
0.0
0.3109448159453257
0.9031530179781522
1.5910426496888885
2.3839508870620145
3.296003140237449
4.35013850291525
5.587120575007907
7.092179572596612
9.118991811933325
13.842708986282986
16.249377757565235
17.981214582733966
19.457133943223813
20.784123840151494
22.008269579433502
23.153823590332873
24.234955826714874
25.260453519207847
26.235886081425242
27.164790383694466
28.04928432927153
28.890531477331486
29.688937831110152
30.444376917615692
31.156300193753715
31.82387164061489
32.44596859875146
33.02132883990309
33.54851818136304
34.026020270410456
34.45252818985966
34.825525263996276
35.1442283560726
35.40664751599708
35.61110849063698
35.75589825447682
35.839349265551114
35.85975901998245
35.815436790288
35.70465934687116
35.525639776314335
35.27649690306036
34.95517992711502
34.559428252548784
34.08660610443405
33.533640358445595
32.89671270983446
32.171026060111714
31.35028413255008
30.42586814792032
29.38554339395678
28.210806684184792
26.871428551183485
25.311666374353265
23.403808220804414
20.640028320105767
15.14678358218408
12.728856341375089
10.851361848136506
9.229518100245446
7.767093311640119
6.418095762447793
5.156808402962498
3.9674508308031884
2.8398442783123676
1.7671130812545712
0.7446003500861798
0.0
0.0
0.0
0.0
0.0
0.0
0.0
0.0
0.0
0.0
0.0
0.0
0.0
0.0
0.0
0.0
0.0
0.0
0.0
0.0
0.0
0.0
0.0
0.0
0.0
0.0
0.0
0.0
0.0
0.0
0.0
0.0
0.0
0.0
0.0
0.0
0.0
0.0
0.0
0.0
0.0
0.0
0.0
0.0
0.0
0.0
0.0
0.0
0.0
