17.76052850000001
17.57781410000001
17.378467699999998
17.170538000000008
16.961865799999995
16.759905800000002
16.57169689999998
16.403624599999986
16.165816700000008
16.00323890000002
15.9369485
15.959104699999983
16.062727999999996
16.241581399999998
16.489695199999996
16.801159100000014
17.170092499999992
17.590347500000014
18.055597999999975
18.55933969999999
19.094830699999996
19.65518059999996
20.233528699999983
20.822984600000023
21.416747
22.008281899999986
22.591322599999977
23.160018199999975
23.709082099999982
24.233732599999968
24.73013839999998
25.195240400000014
25.62725660000001
26.02589000000001
26.39301170000001
26.733373699999994
27.056509700000003
27.379942699999976
27.736491199999996
27.920334199999978
28.01947279999996
28.048608499999965
28.008691699999996
27.901237099999992
27.728323699999976
27.492535399999966
27.196901599999993
26.844897200000027
26.4403238
25.987250299999985
25.490101999999993
24.953422999999987
24.381994999999968
23.780807600000003
23.154880099999986
22.50932089999999
21.84932749999997
21.180067700000002
20.5067093
19.834330999999974
19.167981800000003
18.5125622
17.872794500000023
17.253252500000013
16.658361500000016
16.09219040000002
15.558659599999958
15.061303399999984
14.603418500000004
14.187826399999986
13.817081300000018
13.493202799999986
13.217824399999987
12.89388649999998
12.66700820000001
12.598430899999979
12.658038799999991
12.828843500000014
13.10039059999998
13.465463000000002
13.918774099999967
14.45577979999999
15.072440899999975
15.764777600000006
16.528750699999986
17.360113099999996
18.254291000000027
19.206443300000014
20.211431900000015
21.26367319999999
22.357435099999975
23.486539999999998
24.644661799999984
25.8252071
27.02149339999999
28.226659999999967
29.433875900000007
30.636250700000026
31.8270425
32.99959849999997
34.14753320000002
35.26469869999996
36.34521440000001
37.38373429999997
38.37520939999999
39.31521440000001
40.19982889999999
41.0258453
41.79082819999996
42.493144099999995
43.1323475
43.709299699999995
44.22673310000001
44.69002339999998
45.108793399999996
45.4998533
45.893972299999994
46.33688839999999
46.540630400000005
46.64945120000002
46.66676629999999
46.596169399999994
46.441610599999976
46.20727760000001
45.8977145
45.51761390000002
45.07208419999999
44.56638229999999
44.00606209999999
43.39688539999998
42.744821899999984
42.05604919999999
41.33689339999997
40.593858800000014
39.83347939999999
39.062467399999974
38.28744589999999
37.51509740000001
36.752015299999975
36.00470390000002
35.2794596
34.58231150000001
33.918991699999985
33.29484619999999
32.71471609999999
32.18290790000001
31.702955899999992
31.277592499999994
30.908569999999983
30.48668149999999
30.202185199999967
30.145458199999982
30.263485999999965
30.530756299999968
30.9333398
31.462920499999985
32.113766300000016
32.88142219999998
33.76199749999999
34.75172029999997
35.8465811
37.04233279999999
38.33437189999999
39.717649399999985
41.186700499999986
42.73558519999996
44.3580665
46.04740249999999
47.79661369999999
49.5983642
51.44508050000001
53.329040599999985
55.242284899999966
57.17688350000001
59.12475800000002
61.07791909999997
63.02843690000002
64.96847060000002
66.89041700000003
68.786762
70.65040729999998
72.47434370000002
74.2359398
75.92821610000003
77.56207250000001
79.13225209999999
80.6338247
82.06230559999997
83.41368530000001
84.68442950000001
85.87141969999999
86.97219080000002
87.9847232
88.90779920000001
89.74088419999997
90.48469100000001
91.1413877
91.7156966
92.21649800000002
92.66086940000001
93.08361919999999
93.56529379999999
93.8311088
93.93886040000001
93.9193772
93.77675780000001
93.51462559999999
93.13630699999999
92.64497990000004
92.04352520000002
91.3348535
90.52175659999999
89.607056
88.59366229999999
87.4844564
86.28249739999998
84.99087409999998
83.61291289999998
82.15194020000001
80.61149030000001
78.99530540000003
77.3071574
75.5510261
73.73106949999999
71.79629269999997
69.86151589999999
67.73915390000002
65.5662425
63.34833559999996
61.090987099999985
58.799839999999996
56.480566999999986
54.138929900000015
51.780482599999985
49.410927500000014
47.03567
44.66011549999998
42.28949119999997
39.92875700000001
37.58269459999998
35.255877799999986
32.95252399999997
30.67661300000001
28.4317979
26.221405099999984
24.04837490000001
21.9153803
19.824708200000003
17.778259399999982
15.777607999999987
13.824060799999996
11.918449400000029
10.061397499999986
8.253172399999993
6.493774100000008
4.782905599999981
3.1200620000000043
1.5045304999999747
0.0
0.0
0.0
0.0
0.0
0.0
0.0
0.0
0.0
0.0
0.0
0.0
0.0
0.0
0.0
0.0
0.0
0.0
0.0
0.0
0.0
0.0
0.0
0.0
0.0
0.0
0.0
0.0
0.0
0.0
0.0
0.0
0.0
0.0
0.0
0.0
0.0
0.0
0.0
0.0
0.0
0.0
