54.4767377
54.3332867
54.191498899999985
54.05042389999999
53.909111300000006
53.76658100000001
53.62185289999999
53.47400629999999
53.32212049999998
53.16533420000002
53.002904899999955
52.83406039999996
52.658176999999974
52.474660700000015
52.28306600000002
52.08300679999999
51.87412669999999
51.65627720000002
51.42933949999999
51.19325420000002
50.94814009999996
50.69411599999999
50.43144920000001
50.16046640000001
49.88161309999996
49.59539419999999
49.30234429999999
49.00317619999999
48.69863239999998
48.389455399999974
48.07656589999997
47.76091429999997
47.443450999999996
47.1252749
46.807484900000006
46.491268999999996
46.17787459999996
45.8685788
45.56468839999998
45.26759930000001
44.97873709999999
44.69949769999999
44.43139579999998
44.175916400000006
43.93451479999999
43.708765099999994
43.500092899999984
43.31001290000001
43.13998039999998
42.99136160000003
42.865522700000014
42.685124899999984
42.55408849999997
42.48432320000003
42.47276989999999
42.517349599999996
42.61666639999999
42.769621400000005
42.97559090000001
43.23404029999999
43.5445538
43.906804699999974
44.32043659999996
44.785004
45.300061399999976
45.86498509999999
46.47909199999997
47.14146139999999
47.85108349999998
48.6066812
49.4068883
50.25007130000001
51.134418499999995
52.057940000000016
53.01840829999998
54.0134771
55.04050309999999
56.09678359999998
57.17937830000002
58.28522809999999
59.41112540000001
60.55374379999997
61.7096084
62.87524430000001
64.04705779999999
65.2213958
66.39460519999999
67.5630329
68.72296639999998
69.8708417
71.00309480000001
72.1161914
73.21203229999998
74.25634369999996
75.27178669999999
76.25542099999997
77.20445480000004
78.11633390000001
78.98862289999998
79.81921310000001
80.6061146
81.3476939
82.04255509999999
82.6897181
83.28847009999998
83.83869229999999
84.34088959999998
84.79630939999997
85.20741679999996
85.57831040000002
85.9158509
86.23126490000001
86.5438574
86.85668749999998
86.99152549999998
87.05514289999996
87.04866830000002
86.97326000000002
86.83022479999998
86.62092889999998
86.34685729999998
86.00955439999998
85.6107725
85.1522936
84.63610760000003
84.0642638
83.4390491
82.76286919999998
82.03827829999999
81.26800879999999
80.45497130000001
79.6021952
78.7130069
77.79073279999999
76.83902599999998
75.86156930000001
74.8622534
73.84508779999997
72.89058920000001
71.7977183
70.6999469
69.60211609999999
68.50918579999998
67.4260862
66.35771779999997
65.3089217
64.28439049999999
63.288757399999966
62.326388300000026
61.40155999999997
60.5181929
59.67996980000001
58.89033589999998
58.15232059999997
57.468626599999986
56.841600199999995
56.273142199999995
55.764737599999975
55.317485299999994
54.93197929999999
54.60842750000001
54.24139489999995
53.9939345
53.92844599999997
54.001834699999975
54.19075640000001
54.48077689999997
54.8619467
55.326692300000005
55.868657899999995
56.48214110000003
57.161825599999965
57.9024248
58.6987709
59.54557730000002
60.437498000000005
61.369097900000014
62.334763700000025
63.32891180000001
64.34581009999998
65.37969679999996
66.4248101
67.4752991
68.5254614
69.56959460000002
70.6020557
71.6174096
72.61031030000001
73.57437229999998
74.48907289999998
75.3670049
76.20398059999998
76.99613899999996
77.7400943
78.43296559999999
79.07264419999997
79.65779359999999
80.18841379999998
80.6663462
81.09640219999997
81.48856099999998
81.86272159999997
82.26028579999996
82.6074491
82.7630177
82.8211406
82.78211479999999
82.64644520000002
82.41472579999999
82.08772880000002
81.6663749
81.1517333
80.5449326
79.84733899999998
79.06046719999999
78.185921
77.22557149999997
76.18140859999998
75.05563009999997
73.850612
72.659345
71.22801289999998
69.71901530000001
68.13597559999998
66.48284390000002
64.76383760000003
62.98350079999997
61.146763699999966
59.25876440000002
57.32505679999999
55.351402699999994
53.34394999999999
51.30905449999997
49.25336900000002
47.183724500000025
45.107219300000004
43.03110019999998
40.96273279999997
38.90960149999999
36.879220399999966
34.879133300000014
32.9168543
30.999778699999982
29.135182999999994
27.330106099999984
25.591408699999988
23.925595099999995
22.3387538
20.836587199999993
19.42423340000001
18.106295900000024
16.886635700000003
15.76831189999999
14.7535223
13.843336099999995
13.037515700000029
12.334219699999979
11.729616799999981
11.17247449999998
10.666772599999975
10.591631600000012
10.783493600000009
11.18426540000001
11.767276399999991
12.517646899999999
13.42563529999998
14.48366809999998
15.685151900000012
17.02384969999996
18.493465100000012
20.087404699999983
21.798896899999956
23.620724600000006
25.54534400000001
27.56488459999997
29.671208599999996
31.855970300000028
34.11058639999998
36.42647360000001
38.795048599999966
41.20775779999996
43.65625550000001
46.13249299999999
48.6287483
51.137685499999975
53.65256269999998
56.16714289999999
58.6757831
61.17364220000001
63.65638399999998
66.12056330000003
68.56329919999997
70.982483
73.37585749999998
75.6999419
77.99628650000002
80.26495069999997
82.50643940000002
84.7214951
86.9110088
