64.93713709999999
64.89900229999999
64.8617882
64.82501959999999
64.78822129999999
64.7508587
64.71254569999999
64.67277739999997
64.63113799999998
64.5873008
64.54090939999999
64.49169649999999
64.4394839
64.38418249999997
64.32573289999999
64.26416479999999
64.19962670000001
64.1323265
64.06250179999996
63.99050899999999
63.91676390000001
63.841741699999986
63.76588790000001
63.68982619999996
63.61409119999999
63.539365999999994
63.46633369999998
63.39564769999996
63.32805049999998
63.264314299999974
63.20518159999998
63.15145429999998
63.103934300000006
63.05721620000003
62.988638900000005
62.932535599999966
62.890480399999994
62.8638989
62.8542167
62.8627109
62.89056949999997
62.93895079999997
63.00883489999999
63.101172200000015
63.216824
63.35653279999999
63.520952000000015
63.71070530000002
63.926178799999995
64.16778829999998
64.43580110000002
64.73030629999997
65.05133359999999
65.39879389999999
65.77239019999998
66.1717958
66.59644639999999
67.04568860000002
67.51869079999997
68.01444319999999
68.53187660000002
69.06965449999998
69.6263216
70.20030379999999
70.78987849999999
71.39317460000002
72.0081131
72.63261499999999
73.27063039999996
73.89453830000001
74.52073310000002
75.14674969999999
75.77000419999999
76.38791269999999
76.9978616
77.59723730000003
78.18339649999999
78.75375530000001
79.30587830000002
79.83727069999999
80.34573469999998
80.82919129999999
81.28582879999999
81.7141919
82.11335989999996
82.4830952
82.82422939999998
83.13919789999996
83.43293090000002
83.71475420000003
84.00183440000004
84.2697284
84.38995399999997
84.449057
84.44540389999999
84.37747999999999
84.24409729999998
84.04421630000002
83.77691629999997
83.44163300000002
83.03783179999998
82.56524539999998
82.02378469999998
81.41353879999997
80.73471559999996
79.9878497
79.17356480000001
78.29269249999999
77.34627230000001
76.33558130000002
75.2621045
74.12747540000001
73.0365944
71.71844899999999
70.34069569999997
68.90624510000002
67.41836419999998
65.88052789999998
64.29659719999998
62.67061129999997
61.00696579999999
59.31038299999999
57.58573370000001
55.83818569999999
54.07314439999998
52.29622310000001
50.51318359999999
48.7299362
46.95250999999999
45.18708259999998
43.43974250000004
41.71666729999997
40.02403459999999
38.36784380000002
36.75400519999997
35.18833999999999
33.676342700000035
32.22332959999997
30.834290300000003
29.513857999999985
28.2662501
27.09529789999999
26.004357500000015
24.996191000000017
24.073025899999987
23.236436300000005
22.487253799999994
21.825656599999967
21.250813100000002
20.761060099999998
20.32654910000001
19.876118899999984
19.756606099999992
19.852774700000005
20.116956199999994
20.524796600000002
21.0615944
21.71716250000001
22.483452199999967
23.353424599999993
24.320545700000004
25.378459700000008
26.520721699999985
27.74085709999999
29.03212399999999
30.387661700000006
31.80043129999995
33.26315629999998
34.76850080000002
36.30895070000002
37.876932500000024
39.46487269999999
41.06510870000001
42.670126399999994
44.27247110000001
45.86474750000001
47.439797900000016
48.99061309999997
50.51048089999998
51.99292670000002
53.4317432
54.8211389
56.15555989999998
57.4299572
58.63966790000001
59.7804746
60.848724199999985
61.84129820000001
62.75576119999998
63.590628199999976
64.34533489999995
65.02100989999998
65.62094989999997
66.15222349999999
66.62861150000002
67.0777052
67.5598253
68.04764779999998
68.27598139999999
68.378684
68.35869589999999
68.21889799999997
67.96214149999997
67.59142609999996
67.1098703
66.52068169999998
65.82736489999999
65.03351360000002
64.14295910000001
63.15982969999998
62.08837249999998
60.93313159999998
59.698859
58.3905443
57.01332559999997
55.5726677
54.07412449999996
52.52345780000001
50.92660759999996
49.28966239999997
47.61877009999997
45.920256800000026
44.200448599999994
42.465760699999954
40.72257859999997
38.977287799999985
37.23627379999997
35.505773600000005
33.7919351
32.1008171
30.438240800000024
28.80990859999998
27.22119619999998
25.677271400000016
24.18300499999999
22.742970799999995
21.361386199999984
20.042082499999992
18.788534599999977
17.60386099999996
16.490675300000014
15.451204999999996
14.487261799999981
13.600211899999977
12.790975999999981
12.060029300000018
11.407401499999972
10.83270649999997
10.335142399999972
9.913491500000013
9.566120299999996
9.17749580000001
8.944855699999986
8.904552799999982
9.007374199999992
9.227451199999997
9.549131900000006
9.961635199999973
10.456971799999982
11.028607699999982
11.670870199999989
12.378680599999994
13.147316600000018
13.972352900000006
14.849453300000016
15.774489500000007
16.743452000000012
17.752390700000003
18.797474299999987
19.874990299999965
20.981315300000016
22.112915000000026
23.266403599999975
24.438484400000004
25.626009199999995
26.825889199999985
28.035332600000014
29.251517899999985
30.471890900000023
31.694045899999992
32.915725699999975
34.134880999999965
35.349640699999995
36.55831189999999
37.7594393
38.9518052
40.13431070000001
41.3061539
42.46680019999999
43.61586350000002
44.75322499999999
45.87897379999997
46.99340690000001
48.097088599999985
49.190731700000015
50.27525689999998
51.351733399999965
52.42137889999998
53.485470500000005
54.54540410000001
