24.12282621459303
24.15453890840502
24.241334797926665
24.37925343031692
24.561990052552837
24.781899633332404
25.030790439137473
25.30059101761308
25.58372187446069
25.873266396814614
26.163038278378462
26.44752942332967
26.721889233995025
26.981842527125245
27.223634102968013
27.44397615648436
27.639965821448968
27.80908517432622
27.949075907910277
28.057951691280678
28.133940442326143
28.175449576916634
28.18099921439579
28.149192970001895
28.0786484367935
27.967929220291463
27.81544987072547
27.6193604672574
27.377403741726557
27.08981309053216
26.74281561983461
26.340112634930406
25.869175217205385
25.314408301126015
24.64596522255372
23.79189541375121
22.391509317576393
20.119177576883807
19.096770823041886
18.26695612797456
17.534326988787406
16.863479040991606
16.23676366833807
15.643972749307194
15.078654240719903
14.536481206975672
14.014396422312753
13.510199758111558
13.022237305675208
12.549255486200877
12.090297849342278
11.644595799367853
11.211560385837938
10.79071465064682
10.381691829353358
9.984171877924835
9.597935523973181
9.222785659148721
8.858574959970415
8.505216605427384
8.162651978365359
7.830874552961318
7.509920493928051
7.199826686656772
6.900677622598533
6.612578563670766
6.3356621444144166
6.070054338042267
5.815916496487616
5.57342567035822
5.342779405544925
5.124167674341254
4.917811188573539
4.723934527666893
4.5427662952642
4.374536396749082
4.219499701110106
4.077914926091498
3.950038290151249
3.8361381386014046
3.7364911132339604
3.6513644101574845
3.581034678333531
3.5257912502492923
3.4858953009571
3.461631498817585
3.4532742943848915
3.461103399119861
3.485421785464955
3.5265465633347914
3.584801492185998
3.66056608987823
3.754223552686201
3.86620649036963
3.9969902191794064
4.14707925696292
4.317041922828509
4.507500846585915
4.7191583763927545
4.95282171157264
5.209383934330559
5.489915252860228
5.7956646384797175
6.128105211203233
6.489030922455943
6.88065663546722
7.30582979289992
7.768264140007614
8.27302997359227
8.827359513884478
9.442109495269147
10.135101959365887
10.939432689480252
11.932792950337426
13.47994410338987
16.023839009239406
17.12864918188617
18.00868189482056
18.776660269146472
19.47431367200442
20.122610002595984
20.73382169011802
21.315783078171588
21.87393559210156
22.412119550267313
22.933208351846943
23.439385557916662
23.932375569462774
24.413533764960036
24.883985964584973
25.344651876348063
25.796287425963044
26.23952996580275
26.674914149268634
27.102900399904467
27.52387818016855
27.938173369082538
28.34609432595572
28.747896759719175
29.14380933086368
29.53402757591139
29.918708921073268
30.29799715129193
30.671984100319687
31.040773858296994
31.40442391913678
31.7629774494326
32.11646871531462
32.464909859957636
32.808291622574764
33.1465693415878
33.47970561992016
33.80760928079134
34.130190872238956
34.4473219102071
34.75888360483094
35.064719396686286
35.36468161486463
35.65861088300244
35.946364770925875
36.22778743060281
36.50275286644977
36.7711264113262
37.03276689398882
37.287548711347135
37.535336724814165
37.77600693237906
38.009435548124436
38.23549119251372
38.454052201521165
38.665018005701825
38.868300871622814
39.06383406590684
39.25159399927979
39.431527647371205
39.60366521877781
39.76800929066354
39.92460662414643
40.073516973133586
40.21481371177073
40.3485830780931
40.47493588564186
40.59397965869091
40.705830228935085
40.81060109496592
40.908418266511994
40.99939657638002
41.083649547130555
41.161284739973375
41.232394224572566
41.29709807758227
41.35549010152051
41.40769592993183
41.453823705314456
41.49400587067611
41.52837380419376
41.55703848472298
41.58014169579611
41.5977804613176
41.610091527460646
41.61714967058897
41.61903781648389
41.61581371190954
41.60750598354162
41.43156994379315
41.40978400803432
41.38286287166484
41.35069398520988
41.31309261517732
41.26986198574312
41.220743760310874
41.16545359844556
41.10369893750316
41.035144661314334
40.95943538044463
40.87622140569352
40.78509810918093
40.68568543425334
40.57756490748857
40.460297297005326
40.333434416848384
40.19651771132321
40.049044086649744
39.89050340640486
39.72032931472879
39.53794468155863
39.34269891181048
39.13388957169414
38.9107202843794
38.672308343795116
38.417621818787204
38.14545676771456
37.85438690288247
37.54271843092394
37.20834577593725
36.848653032761625
36.46022649477098
36.03848872476765
35.576945327873084
35.065806741606714
34.48889524030751
33.815410629845324
32.96876617784573
31.30474907135955
29.585046057123787
28.70281268556789
27.982598136857977
27.348040933248264
26.76857810868738
26.228265424118245
25.717596144373594
25.2303703692984
24.762328837714936
24.31044781158539
23.87249602549419
23.446813347190872
23.032174905607725
22.627640693203197
22.232526332628705
21.846320583685273
21.468668233506033
21.099338387131503
20.738204808386907
20.385234349918445
20.04048208506596
19.70406320992865
19.376136791264237
19.05687452713816
18.746511330190646
18.44528633920781
18.15345026591443
17.871278962239177
17.599041043401026
17.33698181818176
17.08532694443682
16.84425226979858
16.613889628176953
16.394290743499795
16.185446614702638
15.987271316530844
15.799589926155743
15.62211562568484
15.454481660058304
15.296194377795551
15.14663177438637
15.005009044464469
14.560956900638672
14.430079617452716
14.304550826814804
14.183175608180761
14.064700265968941
13.947824395132246
13.831221306622577
13.713588904078174
13.593661387896987
13.470272354833906
13.342328910248881
13.208928005813274
13.06934278169882
12.92306780808966
