16.400624900000004
16.998426499999994
17.59435699999998
18.19085179999998
18.790316599999993
19.395067999999995
20.007363199999986
20.629340600000013
21.26287129999999
21.90982640000001
22.57177999999998
23.25009829999999
23.94599900000001
24.660491899999986
25.394378899999996
26.148313399999996
26.9227409
27.717928700000012
28.534054999999995
29.371119799999963
30.2290043
31.10747089999998
32.006192899999974
32.92475449999997
33.862621099999984
34.819258100000006
35.79392300000001
36.78593269999998
37.79448530000002
38.8186898
39.8575661
40.9101638
41.97535429999999
43.05200899999999
44.13882110000001
45.23454319999999
46.337720000000004
47.446866499999985
48.56046799999997
49.67686130000001
50.794294099999995
51.91101410000002
53.025150200000006
54.13477190000001
55.23791899999998
56.332542199999985
57.41659220000001
58.48798999999998
59.54462690000001
60.584364499999985
61.60509409999996
62.6047367
63.581243000000036
64.53256369999997
65.45673859999997
66.35186689999996
67.21616660000001
68.04791510000003
68.8455086
69.60752149999998
70.33261729999998
71.01966739999999
71.6678105
72.2762744
72.84464329999999
73.3779365
73.8562253
74.29581499999996
74.6980124
75.0648965
75.39961549999997
75.70680259999997
75.99331850000002
76.26964730000002
76.55221309999997
76.74273859999997
76.83198709999998
76.8673004
76.84974770000001
76.78054669999999
76.66088539999998
76.49207059999996
76.27543879999999
76.01238590000003
75.70427809999998
75.3526301
74.9588972
74.52453469999996
74.05105730000001
73.53997969999999
73.04464309999999
72.44066389999998
71.80151989999999
71.12887429999996
70.42427149999996
69.68940440000002
68.9258471
68.13523310000001
67.31919590000001
66.4793096
65.61723739999998
64.7346128
63.83303959999997
62.91412159999999
61.979522
61.03087429999998
60.06981199999999
59.097938899999995
58.116977599999984
57.1285319
56.134294699999984
55.135929200000014
54.135068900000014
53.13343639999999
52.13272459999999
51.13453729999999
50.14062680000001
49.15256719999997
48.17208109999998
47.20074259999998
46.24015550000002
45.291923600000004
44.35762099999999
43.438703
42.5366546
41.652931099999996
40.78892840000001
39.94592359999998
39.1251938
38.32792700000001
37.55528149999998
36.8083265
36.08801239999999
35.3952599
34.73090060000003
34.09570669999999
33.490301899999984
32.915280200000005
32.371146499999995
31.8582869
31.377087499999966
30.927785900000003
30.510500899999997
30.125351299999974
29.77233709999998
29.451339500000017
29.162269399999982
28.904800099999964
28.678693999999993
28.483475899999984
28.31875969999999
28.183951399999998
28.07845700000003
27.932333000000032
27.8374415
27.790277899999975
27.784545799999968
27.815314999999984
27.8785166
27.970675700000005
28.088792600000016
28.230105200000004
28.39214840000003
28.572546199999977
28.769130499999996
28.97973319999999
29.202394100000014
29.435123300000022
29.676079399999985
29.923450699999997
30.175514599999985
30.430607899999963
30.687097100000003
30.94349719999997
31.198352899999996
31.450327699999995
31.698174199999997
31.940734100000004
32.17690849999997
32.405836099999995
32.62668529999999
32.83877299999999
33.04153489999999
33.2346443
33.4178636
33.59116310000001
33.75472099999997
33.90898279999997
34.05466129999999
34.192795999999994
34.32487189999996
34.4441471
34.49511230000002
34.5261785
34.53710810000001
34.52781199999997
34.49820109999999
34.44836450000003
34.37839129999998
34.288489400000024
34.1788667
34.0498796
33.901825099999975
33.73520809999998
33.55041469999999
33.34800920000002
33.128526199999996
32.89253
32.640674
32.37358190000001
32.09196650000001
31.796481200000006
31.48786850000001
31.166870900000006
30.83426059999999
30.490780099999984
30.137261
29.774534900000003
29.40337399999999
29.02466929999999
28.639282100000017
28.248044000000004
27.851875699999983
27.451697900000003
27.048431300000015
26.6429669
26.236344199999998
25.829454199999997
25.42330669999998
25.01885209999999
24.617129899999984
24.219120200000017
23.825773399999964
23.43809930000003
23.057078000000008
22.683659899999995
22.318825100000005
21.96355369999997
21.618736700000003
21.285265100000007
20.96408929999999
20.65607059999997
20.3620406
20.082860599999975
19.819273100000007
19.572109700000013
19.342083199999976
19.12990639999999
18.936262400000015
18.761834299999983
18.607156700000015
18.47282359999996
18.359369599999997
18.267210500000036
18.131927000000015
18.03730280000003
17.984021000000002
17.969467999999985
17.991535099999982
18.048469999999988
18.13875799999999
18.26109229999999
18.414255199999985
18.597147800000005
18.808671199999996
19.04781559999997
19.313452399999964
19.604601499999987
19.920163999999993
20.25901130000001
20.62007419999998
21.002194399999972
21.40415419999997
21.82476560000002
22.262781199999985
22.71695359999997
23.1860354
23.668690099999992
24.16367029999997
24.669669199999987
25.185439400000025
25.70973349999998
26.2412744
26.77893349999998
27.321552500000013
27.868062200000015
28.417452800000003
28.968773899999974
29.521193899999993
30.07391089999998
30.626271499999984
31.17768170000002
31.72763660000002
32.27575009999998
32.821665800000005
33.36517579999999
33.906131599999995
34.44447379999998
34.980143000000005
35.513198599999996
