47.295188599999996
47.40899899999999
47.5261655
47.64526250000002
47.76510199999999
47.88494149999996
48.00451369999997
48.124115599999996
48.2448758
48.335341999999976
48.38078299999996
48.408077300000016
48.4157399
48.40255309999999
48.367477399999956
48.30980000000001
48.228986300000024
48.124828400000006
47.997296600000006
47.846717599999984
47.67347749999999
47.47837819999997
47.26225129999997
47.0262254
46.77157759999999
46.49982260000001
46.21250480000002
45.911376499999996
45.598338500000025
45.275321300000016
44.94440390000003
44.607724699999984
44.267422099999976
43.92578299999996
43.585034899999975
43.247435000000024
42.91524049999997
42.590708599999985
42.2760371
41.97342379999996
41.68494769999999
41.41271750000002
41.15872309999997
40.9248059
40.712837
40.52447960000002
40.36130780000001
40.224806599999994
40.025311699999975
39.8959979
39.83529109999997
39.83787499999999
39.89982919999999
40.018154000000024
40.19044370000001
40.4147381
40.68928489999999
41.01239119999999
41.38245319999999
41.79789680000001
42.25694000000002
42.757830499999976
43.29863780000003
43.87731259999998
44.4916868
45.139384400000004
45.817969999999974
46.5248003
47.25711320000002
48.01208720000001
48.7867226
49.577930599999966
50.38253329999997
51.197293399999985
52.01891419999999
52.84406929999997
53.669372900000006
54.49152830000001
55.30711999999999
56.11291069999999
56.90560369999997
57.68208049999999
58.4392523
59.17420849999998
59.88412759999998
60.56645539999999
61.218815899999996
61.839070699999986
62.425348699999994
62.976224299999984
63.49056889999999
63.96787759999997
64.40826919999998
64.81266439999997
65.18323129999997
65.52389030000003
65.84105659999999
66.1453331
66.4546289
66.75795499999997
66.8951393
66.97084460000002
66.98548669999998
66.93974870000001
66.83455129999997
66.67111219999997
66.45079760000002
66.17530040000001
65.8464323
65.46636139999998
65.03731520000001
64.5618182
64.04257310000001
63.48246079999999
62.88459979999999
62.25219769999999
61.58869969999999
60.8976995
60.1828502
59.44801279999999
58.69713739999998
57.9342038
57.16331059999998
56.38861579999996
55.614247699999986
54.84436430000003
54.08309389999998
53.33450539999999
52.60260830000002
51.8912933
51.20436199999995
50.54534869999999
49.91769859999998
49.32464900000002
48.76911049999998
48.253785799999996
47.7810806
47.35313329999999
46.97172589999997
46.6383434
46.354144099999985
46.11499970000001
45.80282300000002
45.654619999999994
45.63184009999998
45.712831999999985
45.88399309999999
46.13590850000002
46.46153930000001
46.855064299999995
47.31134539999997
47.825690000000016
48.39349459999999
49.010185399999976
49.671248
50.3719898
51.107629099999976
51.873295099999986
52.663968499999996
53.47457060000001
54.2998742
55.1346521
55.97358800000001
56.811395299999994
57.64278739999997
58.462477699999994
59.265357800000004
60.0464381
60.80087749999999
61.524131900000015
62.2119542
62.860602199999995
63.46692770000001
64.0285844
64.54441400000002
65.0150699
65.444027
65.83974979999995
66.2199098
66.62207749999997
67.0425998
67.24354999999997
67.34999479999999
67.3604195
67.27390339999998
67.0899416
66.808445
66.42982939999999
65.95492639999996
65.38501309999995
64.72181209999998
63.96740239999999
63.12436789999999
62.19564890000001
61.18463119999999
60.09505699999999
58.931054599999996
57.69713839999995
56.398179199999966
55.03943389999999
53.626367299999984
52.164889700000025
50.6610599
49.121322799999966
47.55221239999999
45.9606191
44.35346299999998
42.737842400000005
41.12097439999997
39.51010579999999
37.91248339999999
36.33532429999999
34.785756500000005
33.2708189
31.79734249999998
30.371920699999993
29.0009093
27.690307700000023
26.445699500000018
25.27225249999998
24.174570200000012
23.156662100000005
22.22191399999997
21.372820699999984
20.611045399999984
19.937122700000018
19.35033979999998
18.848439499999998
18.30644419999999
17.98274390000002
17.968992800000002
18.172586300000006
18.55467680000003
19.095395000000007
19.782860900000014
20.608847600000008
21.566791399999975
22.6508414
23.855295199999965
25.174480100000007
26.602426400000006
28.13286739999999
29.75920969999999
31.474414400000004
33.27117529999999
35.14177040000003
37.07826979999996
39.07235750000003
41.115568999999994
43.19926160000001
45.31455500000002
47.45265800000001
49.60463089999996
51.761593400000024
53.91475429999998
56.055470899999996
58.175189599999975
60.26571320000001
62.318993
64.32736639999999
66.2834678
68.18031769999997
70.01138209999999
71.77051309999997
73.45111729999998
75.01972280000001
76.50151520000001
77.892485
79.1892167
80.38891849999997
81.48948170000001
82.48959949999998
83.3888858
84.1883207
84.8907851
85.50212989999999
86.03349260000003
86.50646509999999
86.9665478
87.512909
87.76806170000003
87.8776844
87.84875659999999
87.68745589999997
87.3995144
86.99039690000001
86.46536030000003
85.82975060000003
85.0889138
84.248285
83.31359630000003
82.2908174
81.1861259
80.00605580000001
78.7574678
77.44748989999998
76.0836065
74.67359900000001
73.22545670000002
71.7942434
