42.89174578993044
43.13290802296495
43.363178918518464
43.58220529617756
43.78949559979585
43.98438225484064
44.16603229782146
44.3334875297908
44.485656513430534
44.621358616144114
44.73930711098998
44.83815293408642
44.91650399906732
44.972919936322796
45.00594347701669
45.01409118427224
44.99589387738529
44.94986037241596
44.874510593382674
44.76835814425112
44.6299187337222
44.26428627711186
44.053694265522886
43.80670784341845
43.52164600620016
43.19668962421055
42.82977751097457
42.418593498313456
41.960383496104896
41.451907210300114
40.889115401408944
40.2669080392515
39.57857694420231
38.815004054392844
37.963076881175304
37.002596766313545
35.89909157702349
34.58296255549545
32.85635070184135
28.783220833836182
26.544436822174738
24.98780074649195
23.674157295532183
22.495944967600305
21.40603616543399
20.378835770351543
19.398736219019046
18.455463002097037
17.54194412871456
16.653157978536463
15.785456008311174
14.9361964492351
14.103433171072945
13.285813661452966
12.482383825155797
11.692557708377512
10.916009495907268
10.15261433601767
9.402613110198532
8.666131020496753
7.614094728598377
6.582429570961758
5.858696928791678
5.1513655444678035
4.4612938364109915
3.7893832927691666
3.1366083723409837
2.5039603035112714
1.8924784710953828
1.3031925236180268
0.7371871353797133
0.19553825380327453
0.0
0.0
0.0
0.0
0.0
0.0
0.0
0.0
0.0
0.0
0.0
0.0
0.0
0.0
0.0
0.0
0.0
0.0
0.0
0.0
0.0
0.0
0.0
0.0
0.0
0.0
0.0
0.0
0.0
0.0
0.30453176226785444
0.9843239012606
1.7207332372340103
2.518708359261209
3.3853132918958635
4.331018859469714
5.372193805285156
6.536649778802097
7.87799600155978
9.528392090074757
12.245956383367583
16.037973756953114
17.70533734114454
19.03037031324259
20.172354158588043
21.19209540579703
22.12043477823395
22.975411986774134
23.768495308203793
24.507428501768196
25.19759070503046
25.842824733340795
26.44592266664089
27.00893682961896
27.533365181740702
28.020296281418442
28.470535122479784
28.884627445213045
29.26297766650977
29.605830289259984
29.913331642666968
30.185554117784772
30.422501059597085
30.624145006902427
30.790429298627323
30.92126405552779
31.016536906092806
31.07614751677373
31.09994437048962
31.087800157615558
31.03956285191589
30.955060115955682
30.83409305002427
30.676426226012055
30.48175384062939
30.24969396516337
29.97973999862977
29.671249421715274
29.3233835694786
28.935045898334074
28.504762898344843
28.030585775991778
27.5098658130229
26.938954171561804
26.31271210550455
25.62361342240471
24.860119791628723
24.003356708122507
23.01856692323183
21.82795405794949
20.145965189800727
16.691824608001205
15.152273925786874
13.97543868428423
12.965947752450461
12.059065373645716
11.22366356958706
10.442001773020698
9.702944502225593
8.999074084563857
8.325248361241421
7.677822261048752
7.054166066413698
6.452397100079702
5.8711929729401575
5.309630698042408
4.767118431031983
4.243313510567334
3.738103654623492
3.251511928755947
2.7836984330961423
2.334933618417308
1.9055736497778504
1.496043049392231
1.1068238832369865
0.7384371005990034
0.3914398043702749
0.06640599170842279
0.0
0.0
0.0
0.0
0.0
0.0
0.0
0.0
0.0
0.0
0.0
0.0
0.0
0.0
0.0
0.0
0.0
0.0
0.0
0.0
0.0
0.0
0.0
0.2524442597909979
0.6509614726437621
1.0892104170242807
1.5699275734133948
2.0966824992008197
2.6742681705871885
3.3093083412111763
4.011285895345054
4.794680074121043
5.6833588744063945
6.722175535063989
8.01872224855477
10.144363043093735
13.307605022579683
14.712140135153222
15.84754176644685
16.846964899877285
17.760770015861837
18.61442984419292
19.42284640499908
20.195584811863927
20.93912239846316
21.658047379175134
22.355728521586748
23.03452037047986
23.696370682170038
24.342638137842055
24.974377635344354
25.59239157496695
26.19727202584746
26.789459114289148
27.36927382908172
27.936921487581294
28.492521233135687
29.03612111030437
29.56772045712278
30.087246517100493
30.594587207297245
31.089590876467966
31.572050659675817
32.04172489399742
32.498331305360146
32.94152345996573
33.37093731424314
33.78613091385897
34.18661003248129
34.57183820339088
34.941225997694445
35.29412689315251
35.62985190271373
35.94766938149282
36.24680725492921
36.526460433223754
36.78581208808091
37.02401614467189
37.24022869974153
37.433611607936335
37.603361753390395
37.748713068392
37.8689819363302
37.963576741169945
38.03201305299824
38.07396486264311
38.089268567798065
38.07796836490547
38.04033237723707
37.976912387791394
37.88852435476221
37.776323987146206
37.64180163055637
37.486815612804556
37.313647458668136
37.12494260656915
36.9238061605177
36.71376854227234
36.49878592566953
36.28324108061961
36.07188444459738
35.869827185210134
35.68238829654694
35.515028135101765
35.37319141036173
35.26212943952867
35.186703077807
35.151165561123356
35.15899360231715
35.21267250994694
