5.613248267045913
5.454255774016048
5.294544266152429
5.134287779485044
4.973605788643142
4.8125871396728055
4.651253960265337
4.489581688849378
4.327487519024385
4.164834097565531
4.001421531721303
3.8370261925800286
3.6713653746290063
3.5041396351293996
3.3350382937567473
3.163767317372665
2.99003939187671
2.8136063333158585
2.634264341140154
2.451839350833952
2.266249137590687
2.077443002469695
1.8854368165544315
1.6902961735954114
1.4921537581268216
1.29120044870391
1.0876874522030653
0.8819213118791663
0.6742804787110208
0.46519775230957977
0.2551549094170878
0.04470472108864442
0.0
0.0
0.0
0.0
0.0
0.0
0.0
0.0
0.0
0.0
0.0
0.0
0.0
0.0
0.0
0.0
0.0
0.0
0.0
0.0
0.0
0.0
0.0
0.0
0.0
0.0
0.0
0.0
0.0
0.0
0.0
0.0
0.0
0.0
0.0
0.0
0.0
0.0
0.0
0.0
0.0
0.2736088905287761
0.6757302885500758
1.1157079987015004
1.60012641118185
2.13800365205203
2.7423004482931197
3.4330531992640614
4.245027135094347
5.252202799597458
6.713264766258775
9.74895257959465
11.130454487089498
12.221753820389853
13.191018101227868
14.0931039943107
14.954081687053417
15.788638513126203
16.605907769324105
17.4119422405876
18.21091478644961
19.0057996683564
19.79874028421771
20.59132402513158
21.384705241049097
22.179732533675544
22.977001328547285
23.77691672243275
24.579728539067336
25.38550708473307
26.194220122824063
27.0056867132224
27.819622082034392
28.6356072103669
29.45312150652427
30.271513342717082
31.090010204825834
31.90770224736551
32.723585322681984
33.536535260123
34.34534345053096
35.14871039185537
35.94526126298624
36.73356179828718
37.51212248394063
38.279392979617334
39.03379741995137
39.773731791900964
40.49757634385771
41.20371946768498
41.890534934912885
42.556446532564344
43.19988389757866
43.819319054624714
44.41326084048897
44.980281325651944
45.51898458387115
46.02806485812753
46.50626438727773
46.95242106038137
47.365442132070946
47.74431635651965
48.0881198293012
48.39600478226833
48.667200431536784
48.901016929842264
49.09685320023619
49.25415332797873
49.372466927007245
49.45130917696568
49.49032922660248
49.48917940537817
49.44754464098538
49.365116587017695
49.241601506053215
49.07667398928381
48.86998799864778
48.621121524930686
48.32956398800592
47.99469581104992
47.38794665366472
46.96079104313308
46.48821442368272
45.96866055070506
45.40017349389571
44.78022504543167
44.105610848456344
43.37210633587527
42.574182610989084
41.70437633544594
40.75232428427427
39.7029760064822
38.533005187289376
37.20248175296986
35.630655907989386
33.58643027914315
28.817483767455297
26.23632683197491
24.446800619214105
22.943114039407494
21.599352668166595
20.359954829448444
19.19458822945056
18.08466238506569
17.017900669596933
15.985870005394746
14.982579305573724
14.003713923434313
13.04615782215735
12.107705858959793
11.186843425927261
10.282619167032673
9.394527762948842
8.522441766584446
7.666538366550931
6.82726506767613
5.270165755868347
4.427405557490647
3.604659995401639
2.803348669011243
2.0250460402778026
1.271485177660843
0.5445038122608276
0.0
0.0
0.0
0.0
0.0
0.0
0.0
0.0
0.0
0.0
0.0
0.0
0.0
0.0
0.0
0.0
0.0
0.0
0.0
0.0
0.0
0.0
0.0
0.0
0.0
0.0
0.0
0.0
0.0
0.6532598867715137
1.6860121237995236
2.8310619337643357
4.111280357736473
5.565657410467004
7.2703067474946
9.419137639954522
14.014166284700725
17.817663920325923
19.954699592920026
21.703734729267914
23.24312157800906
24.643594382944308
25.941547656271904
27.158360048538576
28.307555865381712
29.39807151316989
30.43597112438687
31.42537679420204
32.369089168882354
33.2689618396758
34.126184372942674
34.94144676904947
35.715083276053235
36.44718942758398
37.1377021944832
37.786414968510556
38.39308696373137
38.95742062884573
39.47912317851279
39.95792773045264
40.39358099530988
40.78587707001042
41.13464456841275
41.43973056217095
41.701006797394896
41.91835831715207
42.09167868587074
42.220850898610955
42.3057574731027
42.34623483825226
42.34210221009662
42.29312404480704
42.19898232508825
42.05931261006501
41.87365688486309
41.641473206987364
41.362073919853856
41.034723179475925
40.658525260909244
40.232478842886884
39.75539427742994
39.22591043651561
38.642418888868626
38.002984141011446
37.30522446783235
36.54608436960507
35.721505721430376
34.82579121105887
33.8504977099059
32.78207994761168
31.59672989942003
30.24600076952913
28.601279358046924
25.571461613838636
22.36651557543041
20.855486409661037
19.69633048665126
18.746863075104994
17.952433992832088
17.286555944887677
16.735135974077657
16.290558378409628
15.94897825101302
15.708896365231636
15.57044876124376
