0.0
0.0
0.0
0.0
0.0
0.0
0.0
0.0
0.0
0.0
0.0
0.0
0.0
0.0
0.0
0.0
0.0
0.0
0.0
0.0
0.0
0.0
0.0
0.0
0.0
0.0
0.0
0.0
0.0
0.0
0.0
0.0
0.0
0.0
0.0
0.0
0.0
0.0
0.0
0.0
0.0
0.0
0.0
0.0
0.0
0.0
0.0
0.0
0.0
0.0
0.0
0.0
0.0
0.0
0.0
1.8155725500000175
4.1300786999999985
6.402351450000029
8.629138649999991
10.807767300000021
12.93583170000002
15.011371649999994
17.03278335000001
18.99886395
20.908677900000015
22.76155695000003
24.55723379999999
26.295485700000036
27.97644630000002
29.600472000000014
31.167919199999993
32.67936705000002
34.135572900000014
35.53724954999999
36.885198900000006
38.180311950000025
39.42343515
40.61550405000001
41.757320549999996
42.84977565000001
43.89358215000003
44.88949740000001
45.83823420000002
46.74037169999998
47.59648905000001
48.40720995000002
49.172979900000016
49.89437805
50.586462299999994
51.19800015000001
51.76841835000003
52.299187050000015
52.79235555000001
53.250908700000004
53.67979155000002
54.08680035000001
54.485121900000024
54.89827860000001
55.37117685
55.95442544999999
56.267522850000006
56.50172220000002
56.65711260000002
56.73342674999999
56.730174600000005
56.64682155000003
56.482476599999984
56.236293300000035
55.907291550000025
55.49440214999999
54.996645000000015
54.412906350000036
53.74220609999999
52.983564150000035
52.13613405000003
51.19898025000003
50.11406895000002
49.029157650000016
47.94424635000002
46.48389735000001
44.91261885000001
43.23054450000001
41.438164350000015
39.53645850000001
37.52676345000001
35.41099485000002
33.19155840000002
30.871438950000027
28.454200500000013
25.94394165000003
23.345562900000033
20.66436570000002
17.906497950000013
15.078642150000015
12.188104499999994
9.24281490000001
6.251371500000028
3.222817950000014
0.16668795000001524
0.0
0.0
0.0
0.0
0.0
0.0
0.0
0.0
0.0
0.0
0.0
0.0
0.0
0.0
0.0
0.0
0.0
0.0
0.0
0.0
0.0
0.0
0.0
0.0
0.0
0.0
0.0
0.0
0.0
0.0
0.0
0.0
0.0
0.0
0.0
0.0
0.0
0.0
0.0
0.0
0.0
0.0
0.0
0.0
0.0
0.0
0.0
0.0
0.0
0.0
0.0
0.0
0.0
0.0
0.0
0.0
0.0
0.0
0.0
0.0
0.0
0.0
0.0
0.0
0.0
0.0
0.0
0.0
0.0
0.0
0.0
0.0
0.0
0.0
0.0
0.0
0.0
0.0
0.0
0.0
0.0
0.0
0.0
0.0
0.0
0.0
0.0
0.0
0.0
0.0
0.0
0.0
0.0
0.0
0.0
0.0
0.0
0.0
0.0
0.0
0.0
0.0
0.0
0.0
0.0
0.0
0.0
0.0
0.0
0.0
0.0
0.0
0.0
0.0
0.0
0.0
0.0
0.0
0.0
0.0
0.0
0.0
0.0
0.0
0.0
0.0
0.0
0.0
0.0
0.0
0.0
0.0
0.0
0.0
0.0
0.0
0.0
0.0
0.0
0.0
0.0
0.0
0.0
0.0
0.0
0.0
0.0
0.0
0.0
0.0
0.0
0.0
0.0
0.0
0.0
0.0
0.0
0.0
0.0
0.0
0.0
