76.01553410000001
76.87977439999999
77.73560960000002
78.5789708
79.4059376
80.21288659999998
80.99649139999998
81.7537523
82.4819072
83.17863949999999
83.84184049999998
84.46984699999997
85.06129279999996
85.6151978
86.13090860000003
86.60827670000002
87.04748030000002
87.449351
87.81528469999999
88.14759799999996
88.44976579999998
88.72698559999996
88.98718729999996
89.24257759999999
89.46375349999997
89.5568036
89.59675010000001
89.5843355
89.52033199999998
89.40554150000001
89.24070649999999
89.02668830000002
88.7643185
88.45442870000002
88.0979099
87.6956531
87.2486087
86.75772709999997
86.2240478
85.64855089999999
85.0323947
84.37664839999998
83.68252970000002
82.95125629999998
82.18410530000001
81.3824132
80.54763529999995
79.6811675
78.7845542
77.8593695
76.90727660000003
75.92999809999996
74.92919720000002
73.90680440000003
72.94639549999998
71.8328237
70.70253079999999
69.55777399999997
68.4008699
67.23416480000003
66.06003470000002
64.88085559999998
63.69903320000003
62.516973199999995
61.33708130000001
60.16173349999996
58.99327609999999
57.83405539999999
56.68632860000001
55.55229349999999
54.434118200000015
53.33391140000001
52.25360359999999
51.195154999999986
50.1603179
49.15084459999997
48.1682795
47.21407789999999
46.28963570000003
45.39617060000001
44.534811200000014
43.7065079
42.91218139999997
42.15257419999998
41.428280299999976
40.7398343
40.08765199999997
39.47203039999997
38.893088299999974
38.35097419999998
37.84565839999997
37.37696270000002
36.944768299999964
36.54871879999998
36.188487500000015
35.8635992
35.5735787
35.31777259999997
35.09561659999998
34.906338500000004
34.74919579999997
34.6233866
34.49472620000002
34.36752109999999
34.29436999999999
34.267164799999996
34.27972789999998
34.32715880000001
34.40544799999996
34.5111503
34.64117689999999
34.79285480000002
34.96362979999999
35.15115559999997
35.35326409999996
35.56781689999999
35.7928538
36.026414600000024
36.26671730000003
36.51192049999999
36.76042039999999
37.010524099999984
37.26071689999996
37.50957319999999
37.755697099999985
37.997811499999976
38.23475809999998
38.4654083
38.6889008
38.90437429999997
39.11120509999999
39.30885860000001
39.49703779999998
39.6756833
39.84497330000001
40.005412699999994
40.15786280000001
40.303660099999995
40.44479450000001
40.5681683
40.622549
40.65542690000001
40.6662971
40.6548626
40.6208264
40.56406969999996
40.4845331
40.38224629999999
40.25735779999998
40.11010520000001
39.9408152
39.7498739
39.5377862
39.30514609999997
39.052636700000015
38.78097079999997
38.49095030000001
38.183495899999954
37.85952829999998
37.52002760000001
37.16606299999997
36.79873339999999
36.41916739999997
36.028582699999994
35.62816729999998
35.219198299999995
34.802923099999965
34.38061879999997
33.95362189999996
33.5232095
33.090747799999995
32.65748419999997
32.22478490000001
31.79395670000001
31.3663064
30.943111099999978
30.52564789999999
30.115164199999988
29.71293709999999
29.320124899999986
28.937945300000017
28.56749720000002
28.209938900000022
27.8662802
27.537560599999992
27.224700799999997
26.928651199999976
26.65024339999999
26.390308999999995
26.14956080000001
25.928711600000018
25.728385099999993
25.549145599999996
25.391557399999986
25.25600660000001
25.142968399999965
25.03584049999998
24.904358599999988
24.81923839999998
24.776559499999983
24.773233100000024
24.806794099999998
24.875222899999983
24.97670779999999
25.10976379999998
25.272965299999996
25.465005500000004
25.684726100000024
25.930909399999994
26.20251589999998
26.49838730000003
26.8174247
27.15858860000003
27.520750399999976
27.90281120000003
28.30370179999999
28.722293600000025
29.157458000000016
29.608066399999963
30.072990199999982
30.55110079999997
31.041269600000025
31.542308599999984
32.05311889999997
32.57254220000002
33.099390499999984
33.63259459999998
34.170966499999984
34.7134073
35.258758700000016
35.805921800000014
36.3538274
36.901376599999985
37.4475299
37.991188400000034
38.53137200000001
39.06704119999999
39.597275300000014
40.1211239
40.63763660000002
41.146011499999986
41.6453576
42.13490269999999
42.613934000000015
43.08170899999996
43.53760399999999
43.980965600000005
44.41128890000001
44.82806899999999
45.23080099999998
45.619158199999966
45.9927545
46.35135229999999
46.694684299999984
47.02260199999999
47.33498660000001
47.63177869999996
47.913037699999975
48.1787933
48.429223700000016
48.66456649999997
48.88505929999998
49.09111790000001
49.28321749999999
49.46186299999997
49.627737499999995
49.781553800000026
49.924202899999976
50.05663520000002
50.17994959999999
50.29129489999997
50.33688439999996
50.36411929999999
50.37341539999999
50.365247900000014
50.34006229999999
50.2983338
50.24065640000001
50.167535000000015
50.07953389999998
49.977217399999965
49.8612389
49.732133
49.59055310000001
49.437063499999994
49.27228789999999
49.09687969999998
48.911432899999994
48.71657120000001
48.51291829999999
48.3011276
48.08179309999998
47.8555385
47.6229875
47.38479349999999
47.14155050000002
46.8939119
46.642501400000015
46.387913000000026
46.13082980000001
