3.6409893187248255
2.9432671677413147
2.181068653533628
1.3541713176396502
0.46420986367908423
0.0
0.0
0.0
0.0
0.0
0.0
0.0
0.0
0.0
0.0
0.0
0.0
0.0
0.0
0.0
0.0
0.0
0.0
0.0
0.0
0.0
0.0
0.0
0.0
0.0
0.0
0.0
0.0
0.0
0.0
0.0
0.0
0.0
0.0
0.0
0.0
0.0
0.0
0.0
0.0
0.0
0.0
0.0
0.0
0.0
0.0
0.0
0.0
0.0
0.0
0.0
0.0
0.0
0.0
1.5509362978266041
6.583457845771763
9.079938672538425
10.806870112889953
12.23607431367802
13.493834250815434
14.637252470433754
15.697880490626197
16.695169622114523
17.641811794675366
18.546445973999923
19.41497995577229
20.251545061772834
21.058934446277757
21.839068025831974
22.59311073954668
23.321862333515995
24.025746335474157
24.70501823610812
25.359778104973305
25.990120416277513
26.596129284570388
27.177937123025316
27.735866631352508
28.270211962893157
28.78151489981702
29.270451898198125
29.73784974152003
30.184687871360616
30.612151461869885
31.02152510033973
31.414289518897743
31.792001824703615
32.1563775555943
32.50918349171722
32.85227046757787
33.18755165507862
33.516966463640216
33.84246096285243
34.165940176316475
34.489282617560356
34.81425684688627
35.142544145341994
35.47568309955626
35.815074206726116
36.161926527251396
36.51729652662208
36.88201580324864
37.25675489360586
37.6422349195583
38.037686069981284
38.44405954639873
38.86076543230504
39.2873152869089
39.72302093089083
40.166954180116704
40.617983520896125
41.07479326162842
41.53587844871838
41.99957686382903
42.464085598491685
42.927433667938026
43.38752931340319
43.84217060351838
44.289046625873695
44.72573281331453
45.149733670066524
45.55849398788421
45.94940214807171
46.31984819141255
46.66717965464839
46.988757425032446
47.281933931018166
47.54407501717947
47.772521428801625
47.96466400495664
48.117887366849516
48.229590636193535
48.29720400693064
48.31819177086249
48.29003851485196
48.21022734464702
48.07624907656832
47.88559154879939
47.63568075562115
47.323906737034456
46.94752216014888
46.50362552094078
45.989013157094256
45.40016281030774
44.73305563473976
43.98283817237546
43.14372191164641
42.2082854145841
41.16683214863271
40.005936259180956
38.706057179389894
37.23629174712815
35.541910147744304
33.50490914170899
30.725986913875477
24.587684351851394
21.740162356926618
19.617181392273384
17.806435958515532
16.183360579653073
14.690922927596976
13.298065564632545
11.986225306419417
10.743732640326122
9.563079035718106
8.439430057027536
7.369793249542139
6.352490827644752
5.386805741198099
4.472715899753602
3.6107798196328793
2.8019706000287226
2.0475725166669565
1.3491419469486414
0.7084205973886355
0.12727739524978346
0.0
0.0
0.0
0.0
0.0
0.0
0.0
0.0
0.0
0.0
0.0
0.0
0.0
0.0
0.0
0.6286666437973202
1.3880905959554992
2.252961106104185
3.230713314007958
4.331708520234996
5.571136513861298
6.972428014579096
8.574739175474225
10.45154883370202
12.774059788723829
16.263923285039617
22.63566571692744
25.403129725594297
27.60347287033465
29.525473582964857
31.26956079323049
32.88399792467423
34.3960733010137
35.82248160176642
37.17392010051604
38.45731454666237
39.677147902816984
40.83619203796837
41.93602335822456
42.97746716321859
43.960029211055684
44.88370968202129
45.74746760522548
46.550136777041914
47.29035713601908
47.96661347779631
48.57732309274824
49.12085394896989
49.595531264924674
49.999727695412986
50.3318046482013
50.590169971523565
50.77325611992453
50.87950866815325
50.907392467218486
50.855397990745665
50.72190101523469
50.505304656953705
50.20386425997097
49.815641519852775
49.338459936746645
48.76972195425077
48.10630563776764
47.34433421953768
46.478855584962275
45.50341043146082
44.4092683830256
43.18419894021289
41.81036901186583
40.2601589471211
38.48669339810081
36.39783324267813
33.749239866838685
27.654756915200874
23.488861092113144
21.200718794176453
19.17573588285537
17.39773690133523
15.782720498901226
14.286752231052265
12.51286068703273
10.846747678136119
9.267611366378016
7.960068879444179
6.706982637731935
5.505354338025897
4.353325797491438
3.249908499596331
2.1946904640324294
1.1877247426103372
0.22933894763349713
0.0
0.0
0.0
0.0
0.0
0.0
0.0
0.0
0.0
0.0
0.0
0.0
0.0
0.0
0.0
0.0
0.0
0.0
0.0
0.0
0.0
0.0
0.0
0.0
0.0
0.0
0.0
0.0
