0.0
0.0
0.0
0.0
0.0
0.0
0.0
0.0
0.0
0.0
0.0
0.0
0.0
0.0
0.0
0.0
0.0
0.0
0.0
0.0
0.0
0.0
0.0
0.0
0.0
0.0
0.0
0.0
0.8953031999999881
2.1554890500000328
3.4747482000000223
4.849650300000008
6.276631350000008
7.752038250000021
9.272039700000011
10.832670750000013
12.429832799999993
14.059382700000029
15.717043649999995
17.39836065
19.098967800000022
20.81436555000002
22.53996525000003
24.271178249999984
26.003415900000007
27.732045
29.452432349999995
31.159944749999994
32.84999355000002
34.51803465000002
36.1594794
37.7698728
39.344804400000015
40.88004195000003
42.37130865000001
43.8145059
45.205713300000035
46.541144100000004
47.817234299999996
49.030553550000015
50.17807245000003
51.24076815000001
52.2119136
53.11195725000002
53.93996355000002
54.6961998
55.382626200000004
56.0037423
56.568948150000026
57.096776550000016
57.62611965000001
58.2471912
59.08905255000003
59.55460005000003
59.86297515000004
60.02317694999998
60.042467099999996
59.926592549999995
59.680364700000005
59.30770395000002
58.81204064999999
58.19627054999998
57.462977550000005
56.61456735000003
55.65322290000001
54.58112715
53.40046305000003
52.11341355000001
50.722206150000034
49.23481530000002
47.747424450000025
45.81938955000002
43.775480100000024
41.61961650000003
39.35629830000002
36.99038145000002
34.52716740000001
31.972536749999996
29.33277105
26.614686450000022
23.825589150000013
20.973230850000025
18.065897849999992
15.11218829999999
12.121190399999994
9.102215099999981
6.064974299999996
3.0193135499999944
0.0
0.0
0.0
0.0
0.0
0.0
0.0
0.0
0.0
0.0
0.0
0.0
0.0
0.0
0.0
0.0
0.0
0.0
0.0
0.0
0.0
0.0
0.0
0.0
0.0
0.0
0.0
0.0
0.0
0.0
0.0
0.0
0.0
0.0
0.0
0.0
0.0
0.0
0.0
0.0
0.0
0.0
0.0
0.0
0.0
0.0
0.0
0.0
0.0
0.0
0.0
0.0
0.0
0.0
0.0
0.0
0.0
0.0
0.0
0.0
0.0
0.0
0.0
0.0
0.0
0.0
0.0
0.0
0.0
0.0
0.29855594999999396
2.5810306499999984
4.829736449999991
7.039149150000008
9.204100950000004
11.319646800000017
13.381287150000011
15.384834299999993
17.32641240000002
19.202591100000024
21.0102519
22.746632700000013
24.409372350000012
25.996510650000005
27.506354699999996
28.937657100000003
30.289526850000023
31.56142934999999
32.75323095000001
33.865198950000014
34.89795705000001
35.852619
36.730788600000025
37.53473790000001
38.26749630000003
38.9329842
39.53659215000002
40.08580454999999
40.59122429999999
41.069112149999995
41.54557440000002
42.06707670000003
42.727174049999995
43.2334848
43.53820680000001
43.7426913
43.85344260000001
43.87634129999999
43.816733400000004
43.67947485
43.469377050000006
43.1908059
42.847993650000014
42.44508345000001
41.985995700000025
41.474695350000026
40.91492460000002
40.310425650000006
39.66480705000001
38.98163279999999
38.264422350000004
37.516606050000014
36.7415697
35.94265455
35.12297909999999
34.28579550000003
33.43413315
32.57102145000001
31.6993116
30.821854800000022
29.941413150000006
29.060526000000007
28.181732699999998
27.307483500000025
26.440005900000006
25.58157195000001
24.734230950000022
23.899854
23.08035675000002
22.277343000000016
21.49246110000001
20.727047550000005
19.982483400000003
19.25988240000001
18.560313750000013
17.884802100000027
17.234060249999988
16.608934650000005
16.009959900000034
15.437670600000017
14.892601349999996
14.375064000000009
13.885281300000004
13.423565100000008
12.989959950000012
12.584554950000008
12.207439200000021
11.858523600000032
11.537674499999993
11.244802800000032
10.979730300000002
10.742234249999985
10.532047349999997
10.342353449999994
10.060262850000006
9.869945250000026
9.752600550000034
9.695754750000003
9.690676050000004
9.731082900000011
9.812163900000012
9.929998649999998
10.081513200000007
10.264079100000028
10.475290649999993
10.713143100000027
10.975765350000009
11.261375400000007
11.568324900000002
11.895099149999993
12.240228000000016
12.602241300000019
12.979847099999999
13.37170890000001
13.776534750000021
14.193166350000013
14.620445399999996
15.057213600000015
15.502401749999988
15.954985200000028
16.413939299999996
16.878194850000007
