21.614873519798643
21.461675079872304
21.23060430120672
20.925832572408062
20.55370356948546
20.122086591826385
19.639709684613493
19.11558083312796
18.558563201317796
17.977110708625986
17.379054167785412
16.77158189622432
16.16115556614587
15.553590248687284
14.954056684381474
14.367119991971524
13.796848977336781
13.246801421384518
12.720093018186665
12.219461024998111
11.747192150385105
11.305442041681966
10.420884217836909
10.032294813641395
9.680121566079647
9.36528598116959
9.088411960488346
8.849836717579503
8.64961066674421
8.48752104446933
8.363082682760421
8.275543069442142
8.223911536305971
8.206924024348545
8.223101310947266
8.270714876059158
8.347816788164707
8.452238994527233
8.58161328410031
8.73334298169203
8.904668758101034
9.092610010645174
9.294021667354187
9.505587601175076
9.723822331405161
9.945090134155212
10.16559499368641
10.381439263379312
10.58862604389448
10.7830908424605
10.96073953534062
11.117513089068652
11.249457289642093
11.352794157031463
11.424025866885602
11.460034494882898
11.458159789372905
11.41630792280654
11.33298246760568
11.20735180295988
11.03922067303838
10.829022773554868
10.577792367173409
10.287061741750213
9.95878255954881
9.595236899930923
9.198952722087125
8.772621562182207
8.319005764292937
7.840907473604596
7.341102989348565
6.822325973911061
6.287230524282993
5.738401552690029
5.178330527705055
4.609434545496056
4.034032349092922
3.4543546756313503
2.8725703995910363
2.290781256851326
1.7110138742023355
1.1352388254299126
0.5653787567817676
0.0032887607871862202
0.0
0.0
0.0
0.0
0.0
0.0
0.0
0.0
0.0
0.0
0.0
0.0
0.0
0.0
0.0
0.0
0.0
0.0
0.0
0.0
0.0
0.0
0.0
0.0
0.0
0.0
0.0
0.0
0.0
0.0
0.0
0.0
0.0
0.0
0.0
0.0
0.0
0.0
0.0
0.0
0.0
0.0
0.0
0.0
0.1726226463821922
0.8602453318585412
1.5881976654610934
2.3650396064766848
3.205943462075677
4.141094359635018
5.245925848196389
6.913470810695966
9.415459065391692
10.439843777855723
11.206631543449548
11.829477377102759
12.351548558801175
12.794879894320076
13.172510716450716
13.49294092441513
13.76208023066539
13.984238066667352
14.162719909458547
14.300140199213175
14.398632064353006
14.459992785272972
14.485784479307995
14.4773510177496
14.435927492143197
14.362610209875157
14.258384120864111
14.12414356150688
13.960649793059895
13.76854993156915
13.548321056523873
13.300234353027966
13.024266726948117
12.719981861560857
12.386293851687483
12.021127225413343
11.620654177215675
11.17793303013019
10.679377470282331
10.094023709303396
9.316141620419687
7.663715493919352
6.917837015924529
6.388890276933893
5.963373029792421
5.606958149988766
5.303817010545881
5.045274778668208
4.826081404246176
4.64291700355275
4.493595447646064
4.376756093050412
4.291552507768388
4.237578317845555
4.214787279349073
4.223442193494402
4.264147955150736
4.337869923852984
4.446004041453782
4.5905654975365655
4.774403871775239
5.00165353056022
5.27855568195873
5.615093218865923
6.029057857406133
6.5584809708488
7.329873824502568
9.040466614452878
9.851425708582571
10.484720410736243
11.044062886820925
11.561146734778582
12.050542433466134
12.520240007449281
12.975132001553858
13.418421258781464
13.852320225296944
14.278422334795994
14.697952754947096
15.111854224834651
15.520918481520868
15.925798581623043
16.32706758392153
16.72523875909511
17.120774221563437
17.514088414580534
17.905556719052274
18.295513856970867
18.68426674562607
19.07207796008457
19.45918026424245
19.845767911731087
20.23199138556799
20.617972416638345
21.003794019759813
21.38951035676775
21.775117593322317
22.160607320869772
22.545776940984926
22.93057328437776
23.314754786469567
23.698045403882684
24.080130404739894
24.460624048585423
24.83908305628339
25.21502118858434
25.587896513146607
25.957096294934107
26.321965849489047
26.681811903485215
27.035863951320625
27.38331639132315
27.723332372806674
28.055017509801992
28.377449944217844
28.689659855949696
28.99065201887401
29.279403786518934
29.554878641976494
29.816010585715013
30.061737866626977
30.29096765980447
30.50262540725914
30.69560629282163
30.868797012972713
31.021097218883188
31.15136887778639
31.258479345278012
31.341278743146677
31.39859413517693
31.429250370420014
31.432025929943368
31.405692453945857
31.348980815866575
31.260577301375854
31.139104097149332
30.983143455935934
30.791167908551806
30.561573549908022
30.29263230033637
29.98244081126484
29.62890588575034
29.229635860610337
28.78186070168699
28.282281609709916
27.726838439770162
27.110314971112594
26.425723193633285
25.66316060314836
24.80754294127567
23.83359605145745
22.692244241096905
21.258441306608454
18.50627402215219
15.538386006081014
14.06625771301102
12.88022481222839
11.851865643347773
10.93125947555639
10.093532547814668
9.324852302507049
8.617094273319998
7.965494765077897
7.367349141363375
6.821335690882072
6.327053814917731
5.884741922356514
5.495067363702397
5.15897078465463
4.877560584572443
4.6520217463872315
4.483549337182183
