0.0
0.0
0.0
0.0
0.0
0.0
0.0
0.0
0.0
0.0
0.0
0.0
0.0
0.0
0.0
0.0
0.0
0.0
0.0
0.0
0.0
0.0
0.0
0.0
0.0
0.0
0.0
0.0
0.0
0.0
0.0
0.0
0.0
0.0
0.0
0.0
0.0
0.0
0.0
0.0
0.0
0.0
0.0
0.0
0.0
1.174186200000003
2.6879952000000213
4.171688400000005
5.623350149999984
7.0413766499999895
8.424164100000011
9.770376000000011
11.078809500000016
12.348395400000037
13.578242700000011
14.76759405000001
15.915825750000007
17.022581400000032
18.087504600000013
19.1104617
20.091452700000023
21.03056670000002
21.928115550000022
22.784411100000003
23.59998795000001
24.375380700000008
25.11139125000002
25.808776949999988
26.46842880000001
27.09137144999999
27.678674099999995
28.23153960000002
28.751215350000017
29.23894875000001
29.69620995000001
30.12442455000001
30.525151800000017
30.899861850000022
31.25024760000001
31.577912849999997
31.884461400000028
32.17163070000001
32.440890900000014
32.693890350000004
32.93201010000003
33.15654210000002
33.36855555000001
33.56885234999999
33.75792254999999
33.93572160000002
34.10193765000001
34.207521150000005
34.26200580000001
34.29737850000001
34.31537669999999
34.31755964999998
34.30562024999999
34.28102865000001
34.245388650000024
34.20012585000003
34.14666585000002
34.086434249999996
34.020678449999984
33.95073495000004
33.87780660000003
33.80309625000002
33.72776220000001
33.6528291
33.579366150000006
33.50830889999999
33.440637450000004
33.3191496
33.20741820000002
33.11127930000002
33.03220305000002
32.97143685000001
32.93000535
32.90862135000002
32.90795310000003
32.92849065000002
32.970768599999985
33.03500969999999
33.12157035
33.23067330000002
33.36245220000001
33.51708525000002
33.69461700000003
33.895092000000005
34.11842115000002
34.36460445000004
34.63346370000001
34.924820699999984
35.23845270000002
35.57409240000004
35.93133885000001
36.30979110000001
36.70891454999998
37.12821915
37.567036650000006
38.02460970000001
38.50022549999999
38.99294850000001
39.501843150000006
40.0259739
40.564182450000025
41.115355049999984
41.678333399999985
42.25182555000001
42.83453955000002
43.42513889999999
44.02224255
44.624380349999996
45.23008214999999
45.83787780000001
46.44625260000002
47.053691850000014
47.65872540000001
48.259838550000005
48.8555166
49.44437850000002
50.02495409999999
50.61056385000002
51.14957429999998
51.6766008
52.19039595000001
52.69002420000001
53.174550000000025
53.6431269
54.0950421
54.529716450000016
54.946659900000014
55.34556060000001
55.72624035000002
56.08865460000003
56.433070650000005
56.759755800000036
57.069289199999986
57.36251729999999
57.64042020000002
57.90442350000001
58.156175550000015
58.397859300000036
58.63196955000002
58.86180300000004
59.091280049999995
59.32539030000002
59.52363780000002
59.623340700000014
59.6962245
59.743180200000026
59.76509880000002
59.76296040000001
59.73770055000003
59.69016570000001
59.62133595
59.53205774999999
59.42322210000002
59.295630900000006
59.15004150000001
58.98730035000001
58.80803115000002
58.612946699999995
58.402581600000005
58.177515000000014
57.93819240000002
57.685059300000006
57.418516650000015
57.13874265000001
56.84604915000001
56.540525250000016
56.22226005
55.89125355000003
55.547372100000004
55.1905266
54.820494300000014
54.4370079
54.039711
53.628247200000004
53.20226010000003
52.761259650000014
52.30480035000002
51.83248125
51.343856849999995
50.83843710000002
50.33341830000002
49.82839950000002
49.323380700000016
48.69932430000003
48.05441850000001
47.388351450000016
46.700900399999995
45.99193170000003
45.26126715
44.50895130000002
43.73489505000002
42.93918749999999
42.121917749999994
41.283219450000026
40.42322625000001
39.542160899999985
38.64015705000003
37.71748199999999
36.77431395000001
35.81096475000001
34.82756804999998
33.8243466
32.801523150000016
31.75923135
30.69760485000002
29.616732750000015
28.516615050000006
27.39734085000002
26.25882105000001
25.101055650000003
23.92391100000001
22.72729800000001
21.511082999999996
20.275087800000005
19.01917875000002
17.743222200000005
16.44721815000002
15.130988400000007
13.794666599999982
12.43834185
11.062236900000011
9.666752700000009
8.252334750000012
6.819740400000005
5.36972700000001
3.903319200000003
2.421764400000032
0.9264882000000104
0.0
0.0
0.0
0.0
0.0
0.0
0.0
0.0
0.0
0.0
0.0
0.0
0.0
0.0
0.0
0.0
0.0
0.0
0.0
0.0
0.0
0.0
0.0
0.0
0.0
0.0
0.0
0.0
