28.156546980724244
28.259181376555432
28.353735148020633
28.439901187314582
28.51712193925662
28.584537425593044
28.64108011404843
28.685425619689934
28.716091132584797
28.731403208092335
28.72956507242608
28.708637812534906
28.666575043042894
28.601243246080116
28.51040365545995
28.391726308045943
28.242779982986896
28.060969478450335
27.84351837305231
27.587380842343173
27.289148945714782
26.944903671358272
26.549947026787677
26.09848845128975
25.582927055208906
24.99276549343994
24.312394917784815
23.51602310571855
22.554013913697656
21.298342599992203
18.343085433333258
16.231884617859933
14.903194316268136
13.787716206963005
12.78424238971812
11.851621266368642
10.96850799683205
10.122361861538334
9.305245378421068
8.511881757333263
7.738667540098302
6.983128786446141
6.243552166539262
5.518787729827777
4.808072974868246
4.110978389018519
3.4273098978963823
2.7570803079035158
2.100449016725156
1.4577176733537363
0.829274857932362
0.21560315463089183
0.0
0.0
0.0
0.0
0.0
0.0
0.0
0.0
0.0
0.0
0.0
0.0
0.0
0.0
0.0
0.0
0.0
0.0
0.0
0.0
0.0
0.0
0.0
0.0
0.0
0.0
0.0
0.0
0.0
0.0
0.0
0.0
0.0
0.0
0.0
0.0
0.0
0.0
0.0
0.0
0.0
0.0
0.0
0.0
0.0
0.0
0.0
0.0
1.0341577743644348
2.3689935245422906
4.189173873895941
8.213915477564475
10.107050403403315
11.513463529935178
12.716648494936496
13.799022205813507
14.797967756492758
15.733901353198826
16.61920042671465
17.461874128297563
18.267302162984432
19.03920301924839
19.78018483198163
20.536584859458973
21.17619483069304
21.833402264252708
22.46431709281752
23.06939484407652
23.64870626412944
24.202557016626
24.730941551302294
25.233852400029154
25.711258389710256
26.16309214220578
26.58929487902774
26.989795944394828
27.36454213469077
27.713492099540417
28.036609519483438
28.333877454683027
28.605313435175816
28.85092959112066
29.070798412654874
29.26498791669105
29.4336295855066
29.576852264010487
29.694840012818496
29.787786344535352
29.855933067437274
29.89954705724631
29.918927509087464
29.91442773661723
29.886425182412278
29.835346506452197
29.761660166777006
29.665859548669925
29.548478939382534
29.410082177169333
29.2512622932918
29.072634691189965
28.874846516648986
28.65855659595247
28.424453399660443
28.17323102306114
27.905602041176945
27.622304772207762
27.324087659955104
27.011694425413562
26.685902114705527
26.34747134621669
25.99718715836164
25.635833568361512
25.264192343160673
24.88307476533485
24.493265534121033
24.095562489811183
23.690718802666293
23.279495380820872
22.862596382552038
22.440663601112618
22.014242187891302
21.58377504125006
21.14950201772876
20.711387687983635
20.268962936285043
19.821005153336667
19.364972887199634
18.895706464091525
18.401817739348523
17.85189075964652
17.036138662210497
16.037532557325928
15.667812324143659
15.4356274642973
15.293945430311382
15.225540176946472
15.223692822075195
15.287796272849315
15.423096207245477
15.644303757880687
15.991460469589933
16.732942256013526
17.728961906703546
18.26020107383734
18.730753670981468
19.175316241564477
19.606464910909718
20.030179946768666
20.449720440675108
20.86702152123985
21.28328519595586
21.699258865448837
22.115408795356867
22.531998596895082
22.94911821134372
23.366800787375052
23.784963388935235
24.203464788950555
24.622128347039617
25.040727319799267
25.459071191583487
25.876918937437836
26.294053254018582
26.710247614721194
27.125292028102628
27.538960373970923
27.951057109990362
28.361377613252486
28.76973596923147
29.175944809794252
29.579810159146756
29.981132047663387
30.379720467137957
30.775349322449248
31.167811647510998
31.556871035044225
31.942262722506207
32.32371195300083
32.70091536701762
33.07351733187038
33.44114976653199
33.80339245561659
34.15977360417685
34.50974646842162
34.8526984869833
35.18792374384475
35.51464060373545
35.83194666137796
36.13885981262635
36.43430241069099
36.71708267815583
36.98592346488765
37.23945601853296
37.47622388529238
37.69468232370991
37.893210380163055
38.07012413104455
38.22368617984985
38.35209179866462
38.45352905539006
38.526132082786425
38.568030754430886
38.577335323496094
38.55216012682447
38.49066395901497
38.3910067931367
38.25143019650267
38.070212673305676
37.84567463752565
37.576207451738426
37.26019773414887
36.89605446660569
36.48211937769766
36.01660080433837
35.497427336952754
34.92206275564243
34.28717139967691
33.588063189518316
32.817687057636746
31.96473797748201
31.00936473092199
29.91207724697522
28.57338247350178
26.4577567637871
23.218363810905576
21.82857876536946
20.749360926491196
19.839195978658918
19.044236193331084
18.33695099629278
17.7008813871875
17.12511107347765
16.601816023550768
16.12500334599745
15.689832021971585
15.29223013604304
14.928666861737158
14.596003454731603
14.291428509263378
14.012418789051862
13.756699680580683
13.522238790146988
13.307258626233214
13.110164145433844
12.92956942987783
12.76422743696441
12.612994434618605
12.474790665492215
