30.81441495
33.6092592
36.3786654
39.09817560000002
41.74413375000002
44.293953000000016
46.72633845
49.02226725000001
51.14658945000002
53.0511465
54.778795500000044
56.32111650000002
57.67343175000002
58.83618675
59.8190934
60.652668450000036
61.42948680000001
62.53165380000003
63.85287315000001
64.46530200000001
64.66867275000001
64.52811750000001
64.08560235
63.37012935
62.403216150000034
61.20156900000002
59.7790875
58.147889250000006
56.31906719999999
54.30309060000003
52.110116850000004
49.682743275
47.255369699999996
43.904274150000035
40.399302900000016
36.75404370000003
32.9829753
29.101467449999987
25.125736350000015
21.072711000000005
16.95998865000001
12.805745700000006
8.628470400000001
4.4469628500000145
0.2801568000000111
0.0
0.0
0.0
0.0
0.0
0.0
0.0
0.0
0.0
0.0
0.0
0.0
0.0
0.0
0.0
0.0
0.0
0.0
0.0
0.0
0.0
0.0
0.0
0.0
0.0
0.0
0.0
0.0
0.0
0.0
0.0
0.0
0.0
0.0
0.0
0.0
0.0
0.0
0.0
0.0
0.0
0.0
0.0
0.0
0.0
0.0
0.0
0.0
0.0
0.0
0.0
0.0
0.0
0.0
0.0
0.0
0.0
0.0
0.0
3.387742050000009
6.864825000000009
10.268979600000002
13.583321400000006
16.791723300000005
19.878949199999997
22.830564900000027
25.6332054
28.274485800000004
30.743045850000012
33.0298419
35.12828055000003
37.032035700000016
38.73656324999998
40.239724800000005
41.542945950000004
42.65384475000002
43.593047850000005
44.41468350000004
45.29267490000001
46.97501655000002
48.15095835000003
48.8489232
49.13947830000002
49.06788644999999
48.665689050000026
47.9565867
46.959735899999984
45.69130830000002
44.16587175000001
42.397103099999995
40.398144599999995
38.182227600000026
35.76258345000001
33.153022650000004
30.367801199999995
27.42184335000001
24.24208709999999
20.915404949999996
17.500914750000014
14.014788150000022
10.473909600000031
6.895386300000024
3.2964145500000157
0.0
0.0
0.0
0.0
0.0
0.0
0.0
0.0
0.0
0.0
0.0
0.0
0.0
0.0
0.0
0.0
0.0
0.0
0.0
0.0
0.0
0.0
0.0
0.0
0.0
0.0
0.0
0.0
0.0
0.0
0.0
0.0
0.0
0.0
0.0
0.0
0.0
0.0
0.0
0.0
0.0
0.0
0.0
0.0
0.0
0.0
0.0
0.0
0.0
0.0
0.0
0.0
0.0
0.0
0.0
0.0
0.0
0.0
0.0
0.0
0.0
0.0
0.0
0.0
0.0
0.0
0.0
0.0
0.0
0.0
0.0
0.0
0.0
0.0
0.0
0.0
0.0
0.0
0.0
0.0
0.0
0.0
0.0
0.0
0.0
0.0
0.0
0.0
0.0
0.0
0.0
0.0
0.0
0.0
0.0
0.0
0.0
0.0
0.0
0.0
0.0
0.0
0.0
0.0
0.0
0.0
0.0
0.0
0.0
0.0
0.0
0.0
0.0
0.0
0.0
0.0
0.0
0.0
0.0
0.0
0.0
0.0
0.0
0.0
0.0
0.0
0.0
0.0
0.0
0.0
0.0
0.0
0.0
0.0
0.0
0.0
0.0
0.0
0.0
0.0
0.0
0.0
0.0
0.0
0.0
0.0
0.0
0.0
0.0
0.0
0.0
0.0
