38.0208436538365
38.26024348478803
38.46529423912524
38.63499841389646
38.76857728518474
38.86545376940603
38.925273049350594
38.94791795729395
38.9334398935887
38.88208033338739
38.7942290629525
38.67040451753551
38.51122872365389
38.317400892934295
38.08971140501714
37.828965106569974
37.53600585248369
37.21164514278996
36.856677508694645
36.47180030372618
36.057622855174955
35.614642800122276
35.143166712833626
34.643306706711414
34.11489589539125
33.55744345825785
32.970033637229335
32.35116045573015
31.69854882625698
31.00885431777482
30.277070388115035
29.495569757645548
28.65227798600108
27.72637855588098
26.677247930831587
25.40324128684176
23.305635660044132
20.344362477781935
19.046879939327198
18.026624955088792
17.15494078264682
16.381429780741595
15.679895121231263
15.034645589819206
14.435450578221431
13.875189420225473
13.348695479742767
12.852141674954257
12.382553406907064
11.937589151619566
11.515398503094316
11.114432417650942
10.733466574787277
10.371438639333947
10.027453047982846
9.700728973265383
9.390276369965745
9.096279988434294
8.817347362475626
8.553217744471935
8.303398549410687
8.06746297273476
7.845001342703153
7.635650919137371
7.439090441786995
7.254998011492351
7.083076874897767
6.92304965218432
6.774642475172842
6.637571383343161
6.511519432897201
6.396202491354151
6.291302737379469
6.196488004362985
6.111462253051521
6.035897346555338
5.96945926610776
5.9118265393299865
5.8626803565340655
5.821674168014072
5.788494949753765
5.762781197496586
5.744180869539191
5.732312058284863
5.726792217588793
5.727192410109912
5.733096723279446
5.744029964917165
5.759514642619117
5.779043426824265
5.802093689620421
5.828121628291065
5.856519434784949
5.886674052997446
5.917911483098915
5.949543968868603
5.980896998664091
6.011279312699134
6.040047800434442
6.066540002741474
6.090126327385748
6.1102005017965135
6.126161710928113
6.137399914107778
6.143290435934963
6.14324776124121
6.1366557022040435
6.122951164137232
6.101634768640007
6.072253799975351
6.034453842961806
5.987941714939059
5.932528902667416
5.868124587348971
5.794679788694792
5.7122363175145345
5.620916212087918
5.520852563488878
5.412275716378673
5.295414671785462
5.170575942579346
5.0380692811442245
4.8982628301598385
4.751497187947
4.598141097407976
4.438518982587525
4.2729737432767525
4.101839572285944
3.925460180581756
3.744157513233421
3.55827147543934
3.3681546390919452
3.1741511905334887
2.976620949777839
2.775932917929065
2.5724627843784615
2.366592737024555
2.1587017831012463
1.9491695020793463
1.7383915347020844
1.5267790085548634
1.314730347149157
1.1027051350749775
0.8911144579802146
0.6804320709558045
0.4710905253821238
0.2635205473463771
0.05817123705071935
0.0
0.0
0.0
0.0
0.0
0.0
0.0
0.0
0.0
0.0
0.0
0.0
0.0
0.0
0.0
0.0
0.0
0.0
0.0
0.0
0.0
0.0
0.0
0.0
0.0
0.0
0.0
0.0
0.0
0.0
0.0
0.0
0.0
0.0
0.0
0.0
0.0
0.0
0.0
0.0
0.0
0.0
0.0
0.0
0.0
0.0
0.0
0.0
0.0
0.0
0.0
0.0
0.0
0.0
0.04869268353274378
0.5331610411587622
1.0694301974490907
1.6673632043692668
2.3418701350536493
3.117591524664415
4.042060898500794
5.238005729181826
8.027488645301894
9.879084335364071
11.064478423862177
12.059889343585978
12.95614469556649
13.79080979051641
14.583701749382222
15.34673246177255
16.087674016133796
16.811870174726685
17.52318501852267
18.224443425194643
18.917739766676135
19.60465891238031
20.286394053561864
20.963804006714135
21.637531598669586
22.307999543487366
22.975485699936193
23.64012829526787
24.301946993561806
24.9608793113078
25.61675738889827
26.269337169139817
26.918295401386143
27.563240056754893
28.203709935308
28.83917689790116
29.469065870749596
30.092713867875144
30.709431724910417
31.31846721565732
31.91902782443381
32.51027971474614
33.091344601504126
33.66131714891813
34.21924934871193
34.76418370820525
35.295132038408084
35.81109370007486
36.311057088102146
36.794020332346136
37.258953873329276
37.704835371676644
38.13094342470781
38.535331258062584
38.91786399756677
39.277186364117924
39.61222509019635
39.92191192749475
40.20513412020297
40.460819105185266
40.687856064004045
40.885165904156864
41.051658672448276
41.18625779799898
41.287893309113954
41.355572058968804
41.3882898382784
41.38513371860159
41.34526771211243
41.26790862156474
41.15237679392702
40.998148119580186
40.80482437660173
40.57222637573749
40.30035815626039
39.98951519351352
39.640244306039115
39.25342613264529
38.830275433554974
38.372413969455906
37.881897449198945
37.361274903033674
36.81366309372223
36.242765786323915
35.65302282194921
35.049618254149074
34.43862602072848
33.82707498855264
33.223084841051104
32.63593215854941
32.076169753465436
31.55560393544844
31.087220706876614
30.684864813922566
30.362644932060977
30.133952301263115
30.010103845046302
29.99895919212331
