22.803852348239317
22.697348926361784
22.50150890489747
22.220873056120496
21.862678234620176
21.435790024142587
20.949808662140462
20.41429363713491
19.838318640048282
19.230211681271403
18.597458121162614
17.946693277688716
17.2837913955453
16.61391582274949
15.941610555475762
15.270890748715013
14.605318393069432
13.948055394964886
13.301935205012699
12.669435437593085
11.632358661248084
11.011625023430716
10.411552208691491
9.834067216274525
9.280973349941378
8.753925371717465
8.254527231119287
7.784267506113641
7.344577434399637
6.9368334290658185
6.562359515415188
6.222447117272739
5.918338918579839
5.651256617715323
5.422393370825136
5.23294667727999
5.084093942416962
4.977024075866552
4.912910958248619
4.892953716024906
4.918375178462002
4.990409723173941
5.110360221814131
5.279586601883103
5.499544184832875
5.771832560952908
6.098206341362018
6.480672636466752
6.921572261870815
7.423714274832469
7.990557894377393
8.626529307901228
9.337469612589448
10.131404348754478
11.019886388613122
12.020531540325738
13.162496880786856
14.500526924392465
16.16406090248113
18.759291858715045
23.070102390537812
24.943002428278888
26.438459702764863
27.743514060541145
28.92577088394763
30.018485563328603
31.040661159480326
32.00413633232372
32.916720154783434
33.78374921579311
34.608953393383146
35.39495113964937
36.143599621728406
36.85617113083818
37.53355511988686
38.176318853731075
38.78479948992275
39.35915584911017
39.89940883535628
40.40548428145014
40.877221898211566
41.31440233249875
41.716731051235
42.08390861546948
42.41558847489572
42.711411455294275
42.97098083872713
43.19388243379893
43.37969276105036
43.52794123469624
43.63814577772686
43.70979587872793
43.74233662562464
43.73515596669112
43.68759577082326
43.59891534364181
43.46826157220702
43.294670257376985
43.07701355304883
42.81399073530541
42.50406510095475
42.145393192281745
41.7357886512226
41.27254708905795
40.752352290505215
40.02243627837324
39.37836418823312
38.66166252149995
37.862565796492916
36.966974715339305
35.953094200035004
34.78358543436457
33.38270609326529
31.53165229972322
27.16788906246872
24.82785096671013
23.17741730897317
21.778008757551614
20.518621819114216
19.35030629202495
18.24644086296569
17.19079798155762
16.172756915143584
15.185069660073227
14.222649684913774
13.281891513407151
12.360199431590685
11.266541160653526
10.204983492202341
9.171887314010306
8.27699164549416
7.397097993008981
6.53258369844659
5.6840295873070135
4.852218768486609
4.038081324168416
3.2427073015907855
2.4672716231317966
1.7130471878485969
0.9813638139594787
0.27364454780189135
0.0
0.0
0.0
0.0
0.0
0.0
0.0
0.0
0.0
0.0
0.0
0.0
0.0
0.0
0.0
0.0
0.0
0.0
0.0
0.0
0.0
0.0
0.0
0.0
0.0
0.0
0.0
0.0
0.0
0.0
0.0
0.0
0.0
0.6123232842781136
1.745452042478762
3.0282473064829696
4.510328553636712
6.294147321049387
8.685423593416774
14.189770972503897
16.949706910991218
18.956498947857582
20.67460908864837
22.227564715315705
23.670339873187483
25.033098236353993
26.334241813473472
27.585811212123282
28.796072505186466
29.970772591357417
31.113999055205625
32.228608424021566
33.316561923799384
34.37914764182897
35.417115639737126
36.43080371034912
37.420207866364606
38.38507687919182
39.32493804282086
40.23917162768692
41.12702170193591
41.98764140353634
42.820109355930455
43.62345280515032
44.39668415212129
45.138796447319955
45.848790277756216
46.52567481138378
47.168487254258444
47.776304122219535
48.34825601783725
48.88352695043194
49.38136244257741
49.84108652299424
50.26208948892796
50.643839264069356
50.985862260509364
51.28779330109481
51.5492223220561
51.76990379697465
51.94960357932774
52.08814087801591
52.18538267298218
52.241218481506856
52.25558620554706
52.22844884595266
52.15977564842061
51.77400647356047
51.611918660727696
51.40885204141152
51.164742277473536
50.8794883577108
50.55288191781892
50.18457705675483
49.77411099059859
49.32080722866583
48.82374633848019
48.28171224578961
47.693129345021774
47.05595388336025
46.36742293173263
45.624065260530635
44.82119754370352
43.95245158645899
43.00897625105409
41.97791168495714
40.83940737619649
39.559965620786926
38.074037184511575
36.21013838023961
32.03019381996514
29.082020041766445
27.296859951014575
25.83942711718298
24.56062261792427
23.39887968444396
22.321778471491708
21.309936755441903
20.35090528595949
19.436314214806004
18.560402262386543
17.719183021350904
16.909918335849564
16.130804104073817
15.380705228999005
14.658999029614717
13.965563234405684
13.300485156901736
12.664131524246002
12.056955552865206
11.479640443574583
10.932871996924794
10.417380001431392
9.93385295655908
9.482892117969072
9.06498782197163
8.680441846829684
8.329361331781262
8.011563905441646
7.726617023044519
6.8273443225231905
6.602246632123383
6.408270671558153
6.243246584948706
6.10450634499281
5.9888848616636485
5.8927012365369205
5.811801153920064
5.741567239805736
5.676994300082592
5.612758904478369
5.543300982236765
5.462991191832144
5.366234346873678
5.247661538799625
5.102324686766237
4.925845538894028
4.714592600413153
4.465875660409079
