18.547936080017333
18.572273429080052
18.71120679696626
18.9728909003621
19.374636029134873
19.95408981584466
20.817067555666345
23.070522080353076
24.490950084826974
25.490856211703196
26.360122481565423
27.155570863147023
27.898227188022748
28.597300933144574
29.25697540361778
29.878985763818275
30.463770821132986
31.01108139909919
31.520312395117532
31.99068454836322
32.42137116364462
32.81152228044704
33.16036430843687
33.467172125067655
33.731305001829234
33.95222863420064
34.12948208979446
34.262684388433065
34.35153536357046
34.39578411943676
34.395213871122856
34.34964560725857
34.25890016018099
34.12276758855037
33.94097225491288
33.713118833764405
33.43862198201515
33.11661725598448
32.74584905034432
32.32446118762665
31.84970644808649
31.317463924859762
30.72134716047484
30.051018549794353
29.2885168061463
28.398506418793342
27.293205013069667
25.495663883253787
22.774230064280292
21.57793983103289
20.630892613092755
19.817628905453805
19.094638945013095
18.440258167004867
17.842119648962417
17.292637342045136
16.7869443287429
16.321896021199244
15.89546058072153
15.506399854190429
15.154063154437868
14.838206549811325
14.558944546356962
14.316641291915948
14.111892158092992
13.945497593941578
13.818418852576794
13.731777871138
13.686859142445815
13.685116393167801
13.728202207506758
13.817991684082903
13.956645854566196
14.146705663622674
14.391173793074204
14.693710531992789
15.058909187036322
15.492731517186533
16.003248265908883
16.602063910046418
17.307001154203558
18.14848355292913
19.187607449189517
20.596620426482687
23.976173999954362
25.815820235902113
27.126292628756065
28.252351154229554
29.2767912165126
30.234671492601137
31.14426898247983
32.016249504975875
32.85727396464833
33.67162762001207
34.46213030453935
35.23064665902525
35.9783528519534
36.705941244911244
37.413769463817154
38.101927799796115
38.77031226970227
39.418663863897386
40.04660575015128
40.653665654270924
41.23929286183612
41.802880810003046
42.34376098213294
42.86123669773812
43.35455923223697
43.822968097977174
44.26566933631084
44.681832036183295
45.07064461224829
45.43126075717111
45.76285866561635
46.06462388437824
46.335774214039404
46.57554823576235
46.78321915050877
46.73703972894065
46.86998309269502
46.969081775104435
47.0338068542872
47.06365426349163
47.058160164828394
47.01689914851298
46.939469891038435
46.825468822098465
46.674502176577946
46.4861616948662
46.26000085955087
45.995529313762866
45.69217637384771
45.34925493625182
44.96592042590961
44.541114512821586
44.073454715176396
43.56116782860089
43.001893725555085
42.39246916082122
41.72858081926217
41.004154049876924
40.21036791829776
39.33369635367627
38.351849007507774
37.2232794957458
35.85187834391409
33.836696781712384
30.102902210932406
28.480949773620996
27.215412310523497
26.122953939516897
25.138112110246954
24.228272436801667
23.374294165387145
22.563833754794693
21.788352330464942
21.041713689840716
20.31928126767629
19.61754501804675
18.933739984019766
18.265689228748922
17.611655910771002
16.970262584664326
16.340409396707752
15.721236096831849
15.112152309004403
14.512679453196688
13.922518702808865
13.341538583475549
12.769709090831569
12.207138555703061
11.65404380923671
11.110720207008509
10.577554434778706
10.055003212274164
9.543571105240378
9.04379427944797
8.556339799701725
8.081742687726074
7.295035604842783
6.516709346215493
6.069299135958381
5.638344614223406
5.224511113715607
4.828430762705889
4.4507073243064275
4.091887469097815
3.75247553257374
3.4328885162494633
3.1335266753017232
2.8546678540651875
2.5965661127947035
2.359393962848094
2.143253133143462
1.9481874184807977
1.7741669714203863
1.6211040006193163
1.4888599902909345
1.3772225941964826
1.2859264742954406
1.2146664748460785
1.163074790276387
1.1307635826722344
1.11728598072335
1.12216424718599
1.1449199642424446
1.1850829684726045
1.242165499328937
1.3157126319247119
1.4053074835387975
1.510556814203992
1.6311527475001595
1.766826056901607
1.9174150070064957
2.082853487143866
2.2631585268899155
2.458493041200427
2.669096349616161
2.8953475828713433
3.1377580335372093
3.3969897258364905
3.6738580672953707
3.9693503133918377
4.2846775680241285
4.621239091498904
4.980715850114985
5.365064622554014
5.776636911797166
6.218246177899949
6.693345443775369
7.206228731971151
7.762456127300873
8.369450774198832
9.03767799161355
9.782946416748015
10.63148924276097
11.634222858421193
12.92506218207214
15.933692258639342
17.80681991869994
19.024346382866952
20.041455159758083
20.95056385347878
21.79023109142956
22.580851303185156
23.3346607567769
24.059625899614176
24.76120945714128
25.443297760241098
26.108730490945327
26.759638406277904
27.39759524300731
28.02380535395839
28.639159235648968
29.24430358585367
29.83967528534733
30.425554508082996
31.00203125505477
31.569075052709668
32.12650762204632
32.67404275553567
33.211280784568935
33.73775307019544
34.25290148161639
34.75611984055261
35.2467316285538
35.72402377505856
36.18725389992209
36.6356420700237
37.06840362139925
37.48475685150407
37.8839109384761
38.26511898573173
38.62769191443361
38.97100163875445
39.29452316470158
39.59784004036683
39.88068664400088
40.14295306087085
40.384698725811006
40.60619026316061
40.80789489527812
40.99048326160852
41.154854227687615
41.302109639190924
41.43357589338668
41.55073844451271
41.65528666351045
41.749061975522274
41.834012410984705
41.912182274441754
41.98565438346112
42.05651983248645
42.12681591126043
42.19847656398946
42.273284694864614
42.3528037340859
42.43835722518397
42.530941555825876
