26.687240043358173
26.59503000312062
26.44372292328395
26.22927175259386
25.945304420847243
25.581268085007725
25.117877435601738
24.513017066569375
23.62768681751816
21.584030492991456
20.58909589871036
19.823380952344582
19.15602295838373
18.549374705978558
17.98708931806309
17.46082374685607
16.965986112729706
16.500008429015004
16.06146496659598
15.649713152190166
15.26455239291496
14.906156527523748
14.574899780163296
14.271345108163844
13.996181221276625
13.750205235213107
13.534270038865756
13.349315153074565
13.196355522352274
13.07645395405189
12.990767473747315
12.940526598501735
12.927054502812771
12.951820735015076
13.016456050049474
13.122818516880782
13.273068333231004
13.469761570276944
13.71598122618918
14.015561459179148
14.373398564289824
14.796042915634507
15.292645323816243
15.876870140971546
16.571081061172567
17.417157263692413
18.51668616238653
20.489190581865824
23.13399579438885
24.38142726511751
25.416049449455794
26.343320358571482
27.202861961510365
28.014037840281844
28.787594097722312
29.529892642251134
30.24479676941056
30.93461934134266
31.600674177209687
32.243594766811256
32.86350483587409
33.46020276665909
34.03322286590445
34.58191781442409
35.10551207201259
35.60311483924711
36.07378021026778
36.51649084024277
36.93019460118138
37.31382532400945
37.66628529956786
37.98647139735791
38.273276168987294
38.52559656452853
38.74233583988588
38.92241649819926
39.0647603004194
39.168322884405605
39.23204610628021
39.254903387415226
39.23585196780682
39.173867593513584
39.06789683248448
38.91686283321742
38.719621399667574
38.47495278704558
38.18149292918596
37.83767616800342
37.441638261556925
36.991131330786914
36.483290111231874
35.9144138566097
35.27948749505866
34.571426210637185
33.77974707515576
32.88783453099036
31.86663269096432
30.65670957909606
29.090367077254086
25.40523553664403
23.285340910894135
21.864991357477713
20.689351858360446
19.65491186376828
18.71762874930671
17.854263207875153
17.051090750856588
16.29951408967954
15.59393079865734
14.93072134821716
14.307533890294748
13.723018104385336
13.176424591731386
12.667574433286372
12.19667197637235
11.76422051575471
11.370981613953848
11.017915716020054
10.706121847399528
10.436862949398863
10.21140313114231
10.03151526454982
9.898458712366214
9.813997775563337
9.7798691263718
9.797897249683883
9.870000036679544
9.998198218615565
10.1846593948133
10.431739802049274
10.74207210542003
11.118665374399079
11.565125864734618
12.085933892542723
12.686890487883412
13.375915072163167
14.164423083899942
15.070040896803002
16.12257403946397
17.38011330692184
18.9908678735587
22.49189703318353
25.386289447097845
27.024014996410152
28.36560770421519
29.545041496597115
30.61414073800295
31.59867369026521
32.513159496442476
33.36630356901348
34.163475689093154
34.90798564783685
35.60176843043814
36.24581109501128
36.840449825879226
37.38549978184771
37.88040164996549
38.32430224224183
38.71611053070634
39.05455583085482
39.33819493997042
39.56545571799351
39.7346179667662
39.84382800576444
39.89107116877483
39.87414231156886
39.7906453648018
39.63791633536634
39.41294827722345
39.11230199156502
38.73193742763544
38.26699853367436
37.71143822054231
37.05742783272612
36.29436168928959
35.407042942458894
34.37199728124665
33.148993040899256
31.656208838657694
29.657794534566257
24.86804945675498
22.244588199714197
20.391415478127406
18.81412296808612
17.391674676576294
16.072110226269334
14.82805267966225
13.643506202340134
12.508578460514967
11.416993102103593
10.364789856029953
9.349557961712101
8.370019192671627
7.4256923279684
6.516724334909341
5.643734581947231
4.80773002745439
4.010031962543153
3.252229896167487
2.53611683276024
1.863660939023139
1.237007848614221
0.658400611262814
0.1302138732829144
0.0
0.0
0.0
0.0
0.0
0.0
0.0
0.0
0.0
0.0
0.0
0.0
0.0
0.0
0.11556363345576529
0.7946337103068299
1.5880340239260318
2.506515032870525
3.5648731741284654
4.784672111985453
6.1998862584728975
7.870203325815939
9.921377033297851
12.74720551619057
19.167454850195462
22.275723439049756
24.60315954685376
26.613265153877098
28.435593517546994
30.127932598534812
31.72133947903874
33.23420655758626
34.677985985219735
36.05995824970181
37.384704733384034
38.65501934455451
39.87241162730688
41.037495957702944
42.15023441770611
43.210095791645145
44.21622334597616
45.167498923575295
46.06265399469212
46.90028892589811
47.67895661559052
48.39719228419704
49.05351717381041
49.646521336716525
50.174827179219854
50.63712827052528
51.03223148703952
51.35893742688868
51.6162120758923
51.803098114154594
51.91868401485342
51.96213595054904
51.93263919770308
51.8293922979723
51.65157032844423
51.39827105459685
50.80865396210402
50.39471239758046
49.90301395155465
49.33182068425066
48.67887312834265
47.94120064038433
47.1147826639418
46.19426425387731
45.172189712663034
44.038009530488736
42.77622029613801
41.362702690533546
39.756639777286246
37.87846621748712
35.52326736976731
30.425797521529777
26.377678579868608
24.063796209363602
22.185976643512628
20.544911101044327
19.060703676132203
17.692401904790948
16.416388859593948
15.21817494454036
14.088743592121325
13.022480780058773
12.016169318591873
11.0682864724702
10.17855736669637
9.347656405318075
8.576982080036597
7.868480161302359
7.224495815285377
6.647721142796618
6.141016356872806
4.957857566225589
