40.51154351845969
40.793522391303355
41.032184421208775
41.22671885743239
41.376473719719264
41.48095493781091
41.53983765669415
41.55287853831224
41.519937118193766
41.44110679294991
41.316106344220586
41.14505620047817
40.92777358815335
40.66448158518256
40.354863150238984
39.998716118698866
39.59531637337961
39.14401391641872
38.64392662424375
38.0935641181902
37.490973931785966
36.833564031541684
36.11783347721916
35.3390420344515
34.490676868955006
33.56348447949791
32.54379188837577
31.410080829627823
30.12493429438975
28.611665943891484
26.648368855176308
22.012196955693852
19.48259703264787
17.739906914632805
16.28035308146367
14.98009983379352
13.78479500088701
12.66485501074662
11.602121256461382
10.584655716976552
9.60412804247671
8.654597692864765
7.73166671391137
6.832067238240556
5.953321382917461
5.093592114494095
4.251525102021966
3.4260929608561392
2.6166143873470866
1.8226120985251828
1.0438085073707999
0.28010841986854873
0.0
0.0
0.0
0.0
0.0
0.0
0.0
0.0
0.0
0.0
0.0
0.0
0.0
0.0
0.0
0.0
0.0
0.0
0.0
0.0
0.0
0.0
0.0
0.0
0.0
0.0
0.0
0.0
0.0
0.0
0.0
0.0
0.0
0.0
0.0
0.0
0.0
0.0
0.0
0.0
0.0
0.0
0.0
0.0
0.0
0.0
0.0
0.0
0.0
0.0
0.0
0.0
0.0
0.0
0.0
0.0
0.0
0.0
0.0
0.8882417837631977
2.3873880432793966
4.476219010414638
8.787108076022593
10.716922403483217
12.196364266044656
13.480189822313475
14.651052808238184
15.748641389759133
16.795812627355264
17.807146039589
18.792623699504393
19.759366597124945
20.712615871928765
21.656280749455796
22.593279414122605
23.525835732537836
24.455495578882818
25.38341739541816
26.310313666628353
27.23654683868448
28.162206230826946
29.087124594954034
30.01092334035733
30.93302928512177
31.85269480361164
32.769037143229205
33.68101784309002
34.587510804018386
35.487244176912384
36.378926768513175
37.261155651361776
38.132535701807804
38.99160497864773
39.83689893782092
40.666954460482735
41.48029770575807
42.27546972732577
43.05101380055993
43.805520345238634
44.53759087081248
45.245870479040605
45.9290630252949
46.585891983667445
47.21516067044139
47.815710174541955
48.386444995714484
48.9263356201959
49.434429911529016
49.9099907741883
50.35167226792991
50.75919569305407
51.13166087693678
51.46838936335607
51.768746340616126
52.03214171122248
52.25801307154637
52.445850148081746
52.59516386875223
52.70546455129787
52.77632164019312
52.807301481076415
52.79798519414378
52.74794915572109
52.65679757455403
52.52411278122102
52.34937332464651
52.13210643888672
51.87175007785956
51.567652542781744
51.219084097937014
50.825198783701836
50.38504448271641
49.89747163643044
49.36118497168214
48.77460991012766
48.13587554107315
47.44267130539284
46.692173587849794
45.88084141874138
45.00415239717487
44.056208662455916
42.70727755316898
41.60553011595826
40.401322487922585
39.07064096339983
37.572663283918445
35.82485394275643
33.59692972392695
28.40610832337534
25.444394204270278
23.476237921841633
21.850294694285445
20.41631331696574
19.109149793562032
17.893480695338695
16.747688763407044
15.657487547739997
14.612971705950503
13.606957502145534
12.634149716820094
11.69058824855455
10.77321444968307
9.879731438398947
9.008313197795914
7.479388000164604
6.004718166593291
5.125176405613208
4.266182046308322
3.4276564687673976
2.6096773479079243
1.8124627982945825
1.0363340786997595
0.28168519282089394
0.0
0.0
0.0
0.0
0.0
0.0
0.0
0.0
0.0
0.0
0.0
0.0
0.0
0.0
0.0
0.0
0.0
0.0
0.0
0.0
0.0
0.0
0.0
0.0
0.0
0.0
0.0
0.0
0.0
0.0
0.0
0.0
0.0
0.0
0.0
0.0
0.0
0.0
0.0
0.0
0.0
0.0
0.0
0.0
0.0
0.0
0.0
0.0
0.0
0.0
0.0
0.0
0.0
0.5621806660908168
1.4205695282727562
2.3452519786632138
3.3530844805682594
4.47309543109779
5.763658416825449
7.385567154358899
11.056104110876102
13.163002566074658
14.511701578235968
15.595165956558986
16.519202813671292
17.32732915070281
18.04159822789076
18.674225578445636
19.232177607990113
19.71933352822746
20.137617818005317
20.487626001194563
20.769105969778145
20.98119646884917
21.122608809122575
