10.888544155245896
11.208507093799806
11.554814129868483
11.922287802086512
12.304702457171164
12.694686893661299
13.083529297977261
13.461028063444225
13.815235446426755
14.132333450377107
14.396872116477107
14.592657711751436
14.70469593515089
14.722136586119616
14.640878694101675
14.464492599789077
14.202783892364057
13.868764884129618
13.476048918691102
13.037195190302313
12.563045256531744
12.06266439773564
11.543559300663427
11.01190535984196
10.47284215043244
9.930643492091233
9.388898210430469
8.850603072103903
8.318242610660027
7.79390394304512
7.279306542528534
6.7758232640774185
6.2845854266649805
5.806464427478748
5.342132863375419
4.8920739637065385
4.4565679726696965
4.035751914758668
3.6295973812658255
3.237915189475334
2.860417357448841
2.4966892223279977
2.146234422999553
1.8084670911062881
1.4827436700842735
1.1683652924256125
0.8645982996403473
0.5707101569686279
0.2859726746610045
0.009681312912507565
0.0
0.0
0.0
0.0
0.0
0.0
0.0
0.0
0.0
0.0
0.0
0.0
0.0
0.0
0.0
0.0
0.0
0.0
0.0
0.0
0.0
0.0
0.0
0.0
0.0
0.0
0.0
0.0
0.0
0.0
0.0
0.0
0.0
0.0
0.0
0.0
0.0
0.0
0.0
0.0
0.0
0.0
0.39144461356852844
0.9971885800477299
1.6602262851712546
2.390396052663739
3.202791316396813
4.122651199588438
5.198247214641912
6.549345381104091
9.024778395336835
11.91804656055699
13.304815364423465
14.437895447038205
15.440071731281176
16.359817137929674
17.22231621206074
18.04267174434953
18.830804373556532
19.593690453630497
20.336476147255354
21.063119857072238
21.776728476158368
22.479814188257436
23.1744426084854
23.862335311950115
24.544950176086026
25.22349912867158
25.899061205323495
26.572517969368388
27.244682561124343
27.91616647641043
28.58754506732563
29.259218030663057
29.931514898238284
30.60463383875385
31.27869320953134
31.953715414068192
32.629646700841484
33.30635201947693
33.98361813251557
34.66117430841862
35.33864430335871
36.015596613685425
36.69149008783558
37.365739050123224
38.037700792577425
38.706645572847705
39.371781480054864
40.032299966723656
40.68728905778451
41.33584454952198
41.977019744998074
42.60984189875633
43.233332747794634
43.84651959940883
44.44841239716997
45.03802716371193
45.61437044171885
46.176468603458076
46.72333245050051
47.253983604034275
47.76746858134343
48.26283272504529
48.73914723113717
49.19550464185559
49.63102601113051
50.044869427409346
50.436230192269264
50.80432527465756
51.14844850624982
51.46789802429831
51.7620426833509
52.03026297671418
52.272020029024944
52.48678399104415
52.67409563301666
52.83337357589174
52.96419013284727
53.06606447466346
53.13852286290059
53.181102138868965
53.19320346476374
53.174374655977914
53.12404306725108
53.04160810106257
52.9264717196141
52.77802077565465
52.59550858313516
52.378372342164155
51.6198884095659
51.31618076107408
50.976629963755414
50.60029700136893
50.18609375608767
49.73274309445898
49.238729160445786
48.70223474621526
48.12104921270835
47.492480134044015
46.813222443470764
46.079103562919215
45.28486802515195
44.423665698745864
43.486307556852324
42.46002606551288
41.3259454720162
40.0538901758149
38.58895216126879
36.80555903974219
34.175688806527695
29.279933341644785
27.15514095155293
25.490129753398914
24.0446936587243
22.73308873920115
21.51263919705798
20.358446270303737
19.254496280392033
18.18990394364088
17.15684268529413
16.149595859697556
15.163872110044498
14.196365459941173
13.244577439680395
12.306522917135702
11.38072057748035
10.465988588746548
9.56146408495935
8.666505593566663
7.780641421586882
6.903595506645091
6.035175526793502
5.175346061643802
4.324126580701085
3.481615534570525
1.623809916304383
0.0
0.0
0.0
0.0
0.0
0.0
0.0
0.0
0.0
0.0
0.0
0.0
0.0
0.0
0.0
0.0
0.0
0.0
0.0
0.0
0.0
0.0
0.0
0.0
0.0
0.0
0.0
0.0
0.0
0.0
0.0
0.0
0.0
0.0
0.0
0.0
0.0
0.0
0.0
0.0
0.0
0.0
0.0
0.0
0.0
0.0
0.0
0.0
0.0
0.0
0.0
0.0
0.0
0.0
0.0
0.0
0.0
0.0
0.0
0.0
0.16233454310073853
2.1026735417429587
6.006591901157936
9.167422989624196
10.830949078285599
12.11000708488564
13.161180848999303
14.04540422295273
14.792638814522995
15.419121156272826
15.933944073796575
16.34207166778518
16.6459975947895
