0.0
0.0
0.0
0.0
0.0
0.0
0.0
0.0
0.0
0.0
0.6241536790106352
1.5267036631817497
2.5781797855811717
3.7937750221738997
5.198290407805373
6.835873533119895
8.79672268395444
11.324313327907216
17.152387142300583
21.0212319628941
23.44416512463818
25.435928167118888
27.179144837923214
28.747275300024317
30.17788621095496
31.492659106372265
32.705044501022165
33.82374840763156
34.854570140478245
35.801447164759445
36.66710354012239
37.45343849240156
38.16181508556877
38.79322218906409
39.34844876873229
39.828109872447214
40.23277414735562
40.56294221768641
40.81912424661611
41.0017977620798
41.11144295450211
41.14850998889646
41.113428191853984
41.00655818954149
40.82819255994354
40.57848463922821
40.25743085679017
39.8647901176717
39.399996580971795
38.86203900261038
38.24934110882516
37.559498231953455
36.78897459358586
35.93261748756998
34.98275832978228
33.927800097867824
32.74928996837723
31.415552367930832
29.864562184066386
27.93915518045061
24.598383941931633
20.25520697959924
18.26604444468153
16.67117015316726
15.287376640938607
14.04347267611845
12.903409186432292
11.846423363532393
10.859684700426422
9.93495953978452
9.066884572503152
8.25202822230715
7.488294687896127
6.774516130712061
6.11025018826588
5.495550392755611
4.930859778079951
4.416898106932933
3.9545874087843846
3.5449543439114746
3.189125249951762
2.888246651047698
2.643434008572922
2.4557800064571915
2.326279517250973
2.255855758839764
2.2453027117445323
2.2953223474213313
2.406501864127058
2.579332982587882
2.8142113793452905
3.1114831843342836
3.4714839129713755
3.8946001757347224
4.381350161722808
4.932546789121182
5.5494258271100465
6.233970905093993
6.989307710053402
7.820388280875408
8.735228682491444
9.747159698001195
10.879827694037688
12.180136110082968
13.76452474906347
16.234513760640738
20.02174938751918
21.624670683863297
22.867537544907464
23.91431989783499
24.82587121913325
25.63247215287052
26.351697267218743
26.994632024862177
27.56877964552549
28.079456260233854
28.530593489240193
28.92520690650679
29.265721849641427
29.55416171122749
29.792306066505596
29.98178313703284
30.12414935811974
30.220946675937082
30.273739820553047
30.2841862812583
30.25401679174527
30.18509489368179
30.07942876772192
29.93917043386114
29.766674709578712
29.56446218862106
29.335276730847323
29.082090313731833
28.80812519281707
28.51688099184321
28.212129588853667
27.897987085509982
27.578926423254803
27.259825032361814
26.945989611604457
26.643201417057607
26.35772466203538
26.096257354452472
25.86584783477033
25.673715758778343
25.52688103549433
25.431815858181054
25.393896629407678
25.416883517210145
25.5026137795708
25.650863161948205
25.859524228511276
26.129029873638693
26.442631377590224
26.80734154923544
27.21383240485462
27.65691237347417
28.131695638173966
28.633635575842508
29.158555570806683
29.702634717250977
30.262351183210495
30.83448122555332
31.416051183909328
32.0042914241995
32.59661889628924
33.19061215493635
33.78399347060333
34.37458854393052
34.96032732354845
35.53920287479321
36.10931246212993
36.668816577163014
37.215929764358414
37.74892793611982
38.26614589567447
38.7659324255267
39.24669643357729
39.70684423122832
40.1448425466552
40.55915117266396
40.94829543474101
41.31080513077366
41.645261539175536
41.95026195389453
42.22444430868504
42.46645626204325
42.67496793401947
42.84867995260861
42.986310487303015
43.08659263044569
43.14825811535022
43.17005061758517
43.15066897491625
43.08881530467622
42.98311005634495
42.83213104533254
42.63431797822107
42.38803105261202
42.091415665217276
41.742382384326646
41.33851013912002
40.72136084912151
40.20078246569941
39.615529429624864
38.959903390732826
38.22621198563427
37.40359311015275
36.47574738096264
35.41612631371235
34.175576254517665
32.63940900448815
30.30012603437274
26.11335789787953
24.279007460861173
22.82259797435332
21.550619642892258
20.393254936586946
19.315931963750565
18.298726516295314
17.329091047905504
16.398643612991865
15.501611426537197
14.633875708154912
13.79250666546044
12.975403438802944
12.180966283201965
10.957796475473797
10.176022930681127
9.415310201431623
8.675582496048992
7.956966134579159
7.259711805860903
6.584194261901371
5.930863540875082
5.300277705265162
4.693030988838664
4.109804511554748
3.55129756936185
3.0182759649800075
2.511495698178751
2.031751741642488
1.5798478429153056
1.1565917172932085
0.762795522478873
0.39927532484959105
0.06684297196702119
0.0
0.0
0.0
0.0
0.0
0.0
0.0
0.0
0.0
0.0
0.0
0.0
0.0
0.0
0.0
0.0
0.0
0.337640727731839
0.7595044862834585
1.2330376649677532
1.7606302874043263
2.345222357427383
2.9904947308095235
3.701209538938531
4.483702317956952
5.346756863814167
6.303090198513522
7.372416182295276
8.588160009496955
10.015987052642261
11.827181118789074
15.917868238399615
18.742148287738278
20.46004645085842
21.865043785759003
23.09463258971896
24.203850995755563
25.220689023501745
26.1611535220963
27.034992150923372
27.848260677136487
28.604692285239757
29.306471813452518
29.95471921541621
30.549798619925838
31.09154096921848
31.579399821022562
32.01256234542581
32.390068656432774
32.71085879622914
32.97384551656015
33.17795057265057
