46.38480708866342
46.527008905921235
46.47870365917195
46.235722449255526
45.792587744625614
45.14197235790087
44.27364054634627
43.17264654186813
41.81599322437452
40.165971843618294
38.154546487604726
35.63634912517139
32.14842060555251
24.04552592941962
20.057476149992915
17.07810674535442
14.498946706439003
12.150451808885746
9.957871283577
7.881433855616063
5.897641423196482
3.9916789886097184
2.1538914607965842
0.3778265804001308
0.0
0.0
0.0
0.0
0.0
0.0
0.0
0.0
0.0
0.0
0.0
0.0
0.0
0.0
0.0
0.0
0.0
0.0
0.0
0.0
0.0
0.0
0.0
0.0
0.0
0.0
0.0
0.0
0.0
0.0
0.0
0.0
0.0
0.0
0.0
0.0
0.0
0.0
0.0
0.0
0.0
0.0
0.0
0.0
0.0
0.0
0.0
0.0
0.0
0.0
0.0
0.0
0.0
0.0
0.0
0.0
0.0
0.6837707922850825
4.398412242487344
6.979052759392706
8.55153745173685
9.853697360040089
11.020545428899178
12.109641607814456
13.152673775911445
14.169652601204923
15.174323430099198
16.176605032709233
17.183953674600843
18.202050847609772
19.23519112072175
20.286584052776668
21.358533733946505
22.45253252692666
23.569365782320975
24.70919772961134
25.87146093002201
27.05515661330492
28.258717183193625
29.480105961626116
30.716869095366555
31.96616548780377
33.224811780514486
34.48938986668216
35.75625263555438
37.02159106614589
38.28147042151277
39.53192265271758
40.76895728551968
41.98860865667654
43.18702381726947
44.36045962923852
45.50527893974962
46.618062430766
47.69570255623573
48.735312152082734
49.73428897443664
50.69027791587017
51.6011957317368
52.465250213452705
53.280880306039776
54.04677398826354
54.76187881665273
55.42535131008832
56.036600524676764
56.59524398515825
57.10113785696372
57.55431870089969
57.95503537623242
58.30371921069185
58.6009444275422
58.84745066570076
59.04411926731462
59.19194847867201
59.29206175373349
59.345704918581475
59.35407647238206
59.318607631822296
59.24077261194792
59.122145761208785
58.964148144480745
58.768405651863006
58.536426545844094
58.26973139733717
57.96982703768757
57.03158299119491
56.64321597460021
56.22767571279816
55.78652095376121
55.3211171466275
54.83277304574547
54.32268923747863
53.79191224598668
53.24133360313543
52.671718106057035
52.08362912827023
51.477459556197076
50.85341257388217
50.21146646826284
49.551368828024856
48.872554742526404
48.17412822402728
47.45472829560516
46.712467107269404
45.944749904613744
45.14805784896576
44.31757675020565
43.44664427767024
42.52574215972499
41.54060875142885
40.468205003416486
39.266683504308595
37.84158335713912
35.82276947328119
31.93571448306774
30.254512903137964
28.96303647463072
27.854682302264848
26.85645416522362
25.931600480542574
25.058184230046777
24.221702295545477
23.411897351238604
22.62109991932842
21.84344672703893
21.074222430325946
20.30966756113814
19.546654647830195
18.782625371165445
18.015444782085776
17.243347795150186
16.46487441658298
15.6788361171884
14.884335722358951
14.08067682496967
13.267396090818249
12.444235671898475
11.610290667318596
10.767320417885358
9.915556038165546
9.053800110253373
8.183481705123047
7.305319719218346
6.4202528292189305
5.52932286643739
4.633763922298864
3.7349381094571537
2.834337194749475
1.9336438163770062
0.21675295144375695
0.0
0.0
0.0
0.0
0.0
0.0
0.0
0.0
0.0
0.0
0.0
0.0
0.0
0.0
0.0
0.0
0.0
0.0
0.0
0.0
0.0
0.0
0.0
0.0
0.0
0.0
0.0
0.0
0.0
0.0
0.0
0.0
0.0
0.0
0.0
0.0
0.0
0.0
0.0
0.0
0.0
0.0
0.0
0.0
0.0
0.5553151049332382
2.869349170693579
6.043350142241864
12.812328266604695
15.902849624391214
18.25348149048138
20.290240544188997
22.144014964469175
23.87617609850847
25.52110949287638
27.1000013107953
28.626562446870686
30.109832312701634
31.55573465517149
32.96799698355191
34.34873920668082
35.69890051961765
37.01856567795937
38.30720532234775
39.56384565840567
40.78726915139467
41.976184678555256
43.129310919728056
44.24550967470316
45.323871714828414
46.363797189436255
47.365023353961035
48.327706375368955
49.25236833583841
50.13994347093447
50.99173181545425
51.80937898243846
52.59500716797807
53.350207203853415
54.07776310956058
54.7797650652122
55.458391172362056
56.11562124150958
56.75316132466678
57.372326607856806
57.97400141473186
