17.295946282898733
17.265789467315237
17.296165443566196
17.3865825266356
17.534771843079643
17.737122762203622
17.98927022711829
18.286551771717193
18.624443487294684
18.998725856349324
19.405595955946776
19.841629402642763
20.303777111677828
20.789261991470102
21.29554824460895
21.82023179825002
22.36102340144975
22.91572309377035
23.482098582273395
24.05802278649565
24.64130439646559
25.229793112489688
25.821323902114628
26.413767669276485
27.005005959550672
27.592951397300585
28.175563029857443
28.750857190929747
29.316896666995618
29.87181293461636
30.413819269015008
30.94121707056623
31.452377315162195
31.945782811311094
32.420044243536395
32.87385699354961
33.30607512230543
33.71566611051551
34.10172899882373
34.46347694637759
34.80026069368493
35.111525330584946
35.39684648046512
35.65589689621787
35.88846263015113
36.094416303960664
36.27374610381614
36.426524018608816
36.5529333615141
36.65322092703007
36.72775821601762
36.776981612541654
36.801424528164674
36.80169466849508
36.77850512119783
36.73263627169879
36.66495425489422
36.576432873096984
36.468121376633356
36.34119152387783
36.196867365310645
36.03652434714058
35.861596231540204
35.67364024968424
35.474294272343975
35.265305777221094
35.04850188482004
34.82580022856956
34.59918313055133
34.37070422536015
34.14242867603832
33.91645469036716
33.69484958778509
33.479647659551304
33.27280560171926
33.07619924683445
32.891556355585884
32.720464185867826
32.56429196735586
32.42418873120972
32.30099009683379
32.195238494495676
32.10712935917392
32.03648755187566
31.982785430876895
31.945119915836912
31.92225678100257
31.912630565047802
31.914414537338672
31.925527773783937
31.94368669866618
31.966420272943548
31.991144618783657
32.01515611886096
32.03568598495086
32.049920443885824
32.05501280657372
32.04805166353959
32.026096812857396
31.986152490160126
31.9251110775284
31.839785475444998
31.72679390224311
31.582532763332146
31.40302358930395
31.18380224870338
30.919590884774298
30.60388801961717
30.228226293963168
29.780685618600927
29.242859557527837
28.582107812487443
27.72527759118764
26.36673157842992
23.811694735796095
22.64432468649352
21.687708508656307
20.82750738951719
20.023804859672854
19.257486522929884
18.517995053175966
17.799023713360036
17.096684566742756
16.408564796469506
15.733248441208445
15.069974264259617
14.418509577993127
13.779003025235413
13.15190136690944
12.537923682938077
11.937986159765078
11.35319229051423
10.784797323502149
10.234202838275996
9.702925491458066
9.19257844220388
8.704899932696003
8.24171732632567
7.804942564650628
7.396557921567021
7.01863951212745
6.673319829067357
6.362791847947319
6.089317202905175
5.855202980236179
5.662824553282628
5.514613557404551
5.413048557505444
5.36067913006033
5.360120735289541
5.414085342303749
5.525405754604824
5.697069488932903
5.932309530893922
6.234626075216938
6.607978987571485
7.056939827588533
7.586984824511501
8.204922826027673
8.919654929779409
9.743425061766269
10.694231117005812
11.80083864993033
13.115252177604471
14.753088210562717
17.144516162402276
21.95602113965982
24.09408493620701
25.767188497318106
27.224546792545326
28.54648159954747
29.769998825040183
30.91503526149558
31.993178951434015
33.0113802761404
33.973791933909
34.88271956333682
35.739260731809935
36.543613434230366
37.29536646548463
37.99365865320173
38.637285785988915
39.224810818181275
39.75461186948971
40.224959871873516
40.63403764132143
40.97999376813029
41.26093563973661
41.47499028657622
41.62027647727171
41.69485339400879
41.69680733010939
41.624144075626084
41.47479872679741
41.246541853780876
40.93693113067469
40.54318444075511
40.06201805305192
39.489410752442346
38.8202504561215
38.04778521113539
37.16270238855547
36.15153341305189
34.99356898270267
33.65405789476772
32.06617520753911
30.063514863069667
26.618387801630696
21.846312738458384
19.661999995139755
17.889858547599953
16.332422569873863
14.914098511199638
13.597041589930466
12.359683286879397
11.188809323893409
10.076033978029239
9.016006296956608
8.0053914269498
7.042246997584036
6.12566510329764
5.25549825456902
4.432141826059235
3.656458496847506
2.9296529733748504
2.2531482661381963
1.6286066899712932
1.0578080850389688
0.5426560931499489
0.08507539610812728
0.0
0.0
0.0
0.0
0.0
0.0
0.0
0.0
0.0
0.0
0.0
0.0
0.19986075540197817
0.7307853520022468
1.3445740474106833
2.0439915855928916
2.832738208266899
3.7160173899104554
4.701467740592834
5.800711475347835
7.03251575731007
8.42968117442307
10.057246526620018
12.08055838641948
15.577154737597665
20.01267088312414
22.019290403361857
23.614556401013807
24.980141995701235
26.185402561194323
27.265022012359278
28.238802400904987
29.11892431887527
29.91318483344861
30.626673354226604
31.26273936947624
31.823543928942573
32.310449177809595
32.72423220911571
33.06529694876465
33.33377823721397
33.52963137256487
33.652707460848944
33.702828441311325
33.679786196909554
33.5834231400341
33.4135983322206
33.17023176374684
32.85327493872731
32.46272291272128
31.99852361533373
31.460558971864764
30.848474971704363
30.161486537610273
29.397952856244537
28.55474501751857
27.625893446807233
26.59980870801758
25.452454315391865
24.126344022656514
22.424572445646692
18.753252092019686
17.06491437361422
15.93889194890014
15.082546668423202
14.415205479864685
13.902523718771027
13.52770546364241
13.282471463988154
13.16345551047244
