0.0
0.0
0.0
0.0
0.0
0.0
0.0
0.0
0.0
0.0
0.0
0.0
0.0
0.0
0.0
0.0
0.0
0.0
0.0
0.0
0.0
0.0
0.0
0.0
0.0
0.0
0.0
0.0
0.0
0.0
0.0
0.0
0.0
0.0
0.0
0.0
0.0
0.0
0.0
0.0
0.0
0.0
0.0
0.0
0.0
0.0
0.0
0.0
0.0
0.0
0.0
0.0
0.0
0.0
0.0
0.0
0.0
0.0
0.0
0.0
0.0
0.0
0.0
0.0
0.0
0.0
0.0
0.0
0.0
0.0
0.0
0.0
0.0
0.0
0.0
0.0
0.0
0.0
0.0
0.0
0.0
0.0
0.0
0.0
0.0
0.0
0.0
0.0
0.0
0.0
0.0
0.0
0.0
0.0
0.0
0.0
0.0
0.0
0.0
0.0
0.0
0.0
0.0
0.0
0.0
0.0
0.0
0.0
0.0
0.0
0.0
0.0
0.0
0.0
0.0
0.0
0.0
0.0
0.0
0.0
0.0
0.0
0.0
0.0
0.0
0.0
0.0
0.0
0.0
0.0
0.0
0.0
0.0
0.0
0.0
0.0
0.0
0.0
0.0
0.0
0.0
0.0
0.0
0.0
0.0
0.0
0.0
0.0
0.0
0.0
0.0
0.0
0.0
0.0
0.0
0.0
0.0
0.0
0.0
0.0
0.0
0.0
0.0
0.0
0.0
0.0
0.0
0.0
0.0
0.0
0.0
0.0
0.0
0.0
0.0
0.0
0.0
0.0
0.0
0.0
0.0
0.0
0.0
0.0
0.0
0.0
0.0
0.0
0.0
0.0
0.0
0.0
0.0
0.0
0.0
0.0
0.0
0.0
0.0
0.0
0.2977540500000208
0.7252558500000132
1.1356504500000202
1.5296951999999964
1.9082811000000033
2.272343699999992
2.622729450000005
2.960507550000007
3.2866580999999853
3.6022057499999898
3.908219700000006
4.205947350000024
4.496457900000023
4.781043300000011
5.0610400500000035
5.337829200000015
5.612880900000019
5.887754399999994
6.164098050000026
6.443604750000016
6.728056499999996
7.019413500000013
7.319502300000016
7.630416750000005
7.9542061499999965
8.29291980000001
8.648696099999993
9.023673449999995
9.420034800000012
9.839874000000007
10.285374000000015
10.75853955
11.261509050000017
11.796242700000015
12.364611600000023
12.96848685
13.609605899999995
14.28952800000002
15.009723300000008
15.771528300000007
16.57605675000002
17.42424420000002
18.316848000000007
19.254313650000014
20.236997550000005
21.26485515
22.337574600000018
23.454665850000033
24.615237900000018
25.818176999999995
27.061968450000023
28.344874800000028
29.66480220000001
31.019300400000013
32.40569640000001
33.8208717
35.2616187
36.72423975
38.204814450000015
39.69928875
41.2032522
42.71216070000001
44.22124740000002
45.72556725
47.22021975000001
48.7000371
50.159896050000015
51.56322105000001
52.915981800000004
54.232879800000006
55.509237300000024
56.7405102
57.92251080000001
59.051274150000026
60.12314715000004
61.13487765000001
62.08383720000001
62.96779830000001
63.785424450000036
64.53609195
65.22055815000003
65.84100600000001
66.40175685
66.9104733
67.37994120000003
67.83190095000002
68.30511105000002
68.87383635000002
69.31252020000001
69.5387451
69.65666895000001
69.67653825
69.60793125
69.45989160000003
69.24097289999999
68.95963965000003
68.62417815
68.24256285000001
67.82272364999999
67.37236770000001
