29.476004618666348
29.504826066540456
29.463097961603772
29.34915802369448
29.16068516397771
28.89443417591461
28.545825812854815
28.108153239294353
27.571265984149814
26.918798715355866
26.1217280475181
25.119532649215945
23.733351342028463
20.36710799407548
18.56369657781243
17.248771722953933
16.113015729224607
15.07743906213535
14.10768416438596
13.185418590429208
12.299668086999477
11.443389422828982
10.611841361404165
9.801738272392997
9.010754728879279
8.237248198920941
7.4800591979184246
6.738393566126797
6.011739928508139
5.299800123474402
4.602475640674413
3.9198291483785055
3.252070778484533
2.5995136608153917
1.9626150521290993
1.3419250630210218
0.7380954312928316
0.15187963321236567
0.0
0.0
0.0
0.0
0.0
0.0
0.0
0.0
0.0
0.0
0.0
0.0
0.0
0.0
0.0
0.0
0.0
0.0
0.0
0.0
0.0
0.0
0.0
0.0
0.0
0.0
0.0
0.0
0.0
0.0
0.0
0.0
0.6764983427732159
1.909181986933727
3.364204359871933
5.163917360300748
7.729045583188397
13.184003844074756
15.677114657864232
17.613961297155974
19.31098930456628
20.866839024105598
22.327502506069305
23.71843064693323
25.05547762239366
26.34885672671552
27.605531014049568
28.83026630593049
30.026359991176577
31.196012413072005
32.34063087988024
33.460988491849086
34.55736880841063
35.62965167972265
36.6773962737035
37.69989418610786
38.69622645778856
39.66528416358953
40.60584379051978
41.51656475512814
42.39603302282187
43.242782486050565
44.05530322174884
44.832079038889354
45.57160353305673
46.272404698289556
46.93303169215694
47.55210619137035
48.12832073064842
48.66044740752526
49.14734207359892
49.58795275318249
49.981320271255306
50.32657642989996
50.62295673672537
50.869769708445546
51.06641450410576
51.21238917621486
51.307160529428515
51.35036512346806
51.34162608418897
51.28060657970858
51.16698754721383
51.000426531219155
50.78057549554991
50.5070203658806
50.17926339334726
49.79671659720327
49.10971382349209
48.61128143629649
48.05619515401113
47.44287353251488
46.76921865940192
46.03247939094035
45.22897567069148
44.353799286484616
43.400234297907616
42.358858040388085
41.2159133021759
39.95017966682181
38.52597447260033
36.8742142545961
34.81932383150004
30.60973399084433
26.782928649316638
24.73271433988002
23.072655459389548
21.620159794974562
20.30179371735721
19.079225023038187
17.929583354127836
16.838083366974764
15.79463532644056
14.792191398488603
13.825641064916224
12.89129853147688
11.986488423048609
11.109315974752827
10.25847064994125
9.433093553494968
8.632704805287705
7.857119814951379
7.106358260209622
6.132825705304908
5.172545827130744
4.22463800711932
3.5479299988845105
2.900291759663678
2.282625559276703
1.6958646550914547
1.1409850999639002
0.6189258798669426
0.13063609056841868
0.0
0.0
0.0
0.0
0.0
0.0
0.0
0.0
0.0
0.0
0.0
0.0
0.0
0.0
0.0
0.0
0.0
0.0
0.0
0.0
0.0
0.0
0.0
0.0
0.3692737651088328
0.8711489303386452
1.4072327989919087
1.9773237095800824
2.5814674371127375
3.220036624124198
3.8938506075447776
4.604391413040501
5.354064996532379
6.146700508517782
6.9883473519370725
7.888825365239094
8.864913510902781
9.948171456921646
11.209846600027332
12.904953573050507
16.303889114281887
17.76188254038167
18.822281524475404
19.69274904124637
20.440562548700072
21.098096609023933
21.683945645536777
22.21008051910019
22.684749106127796
23.113934152005594
23.50222344585214
23.853146461310285
24.169661371740933
24.45417147386868
24.708733244365067
24.9351560172124
25.13502007092563
25.30976781925393
25.460727726191763
25.589121355733578
25.696101445513545
25.78277277052622
25.850191561385977
25.89938558910557
25.931354867662996
25.947106569592385
25.947637539685015
25.933919154788832
25.906943599728308
25.867711214428486
25.817208582666478
25.75645909299621
25.686481986889746
25.608310645029626
25.522984354292653
25.4315133392639
25.33487904671493
25.234028564869504
25.129823697696256
25.023095019204533
24.91456248927113
24.80491228349214
24.694695115355696
24.5844395763267
24.474557136944867
24.365399881839764
24.257221813852166
24.15019380816014
24.044411936104744
23.93989337304629
23.836579145461908
23.734333751966854
23.632968985453136
23.53223563089747
23.431831713776518
23.331386160753272
23.230502910080222
23.128752336134436
23.025638220341044
22.920690177418127
22.813369931912522
22.70317167474143
22.589576867915746
22.4720707527767
22.350171324401916
22.2234103885281
22.091383280529193
21.95373591675655
21.81016198881806
21.660424281482673
21.5043594651957
21.34185297897981
21.172811996018215
20.997173973822267
20.814818450244896
20.62558322882635
20.429164790354598
20.225019619772638
20.0122097619819
19.789040873236
19.55228690127574
19.29535852130357
19.001470489252952
18.59073250933557
17.925018387494514
17.6653129014001
17.485109236391622
17.35186647062781
17.253753414996915
