39.44418662731388
39.613143823367395
39.796191613606396
39.99278507719917
40.201834305624125
40.42176548540615
40.6506146924929
40.88606123109899
41.125537748140054
41.3662908763518
41.60547000424134
41.84018594802537
42.06756387893415
42.28480378089456
42.48921406013254
42.67824333137771
42.84951920357174
43.00084547625278
43.13024193137817
43.23591787127858
43.31629773954126
43.370027733313044
43.21544187436717
43.20816037473167
43.17164511367229
43.10530729481777
43.008686464100705
42.88144257645702
42.72330237126153
42.534087065884094
42.31361456793622
42.061751574706385
41.778307131236836
41.463014876624456
41.115531424160054
40.73533197658208
40.32166926552619
39.873497559154316
39.38930628703629
38.8669772493511
38.30347075166942
37.69442343076055
37.03331483031423
36.31000332982593
35.50756804132181
34.59445440778115
33.49853351903653
31.939432317743584
28.903629222237406
27.583254833884805
26.57436720405046
25.71574280251216
24.951780365527075
24.25518253543547
23.610080962685807
23.00633159468988
22.436970006081385
21.8970127195049
21.38273272098938
20.891293465274558
20.420436181564632
19.96835345375615
19.53356437005415
19.114819777300315
18.711065979062074
18.321384855869645
17.944980234919775
17.58112306773321
17.229182308242475
16.888547517615045
16.558667305727628
16.238992195327295
15.929008024152525
15.628192841488886
15.336044277374295
15.052062903718172
14.775729698206044
14.506555510644702
14.244016657332295
13.98759677086561
13.617248240701517
13.24905018726791
12.88292954392731
12.639168223691138
12.398985030917302
12.161807848107028
11.927062393573243
11.694184467752216
11.462639524447665
11.2318848731997
11.001428780162346
10.77079610942112
10.539540322988506
10.30725745722389
10.073577441791006
9.838178000300713
9.600776249246369
9.361125023132566
9.119049182520149
8.874403235301946
8.627109331144727
8.377130802959476
8.124476378089938
7.869217078582563
7.611472611240747
7.351418549110283
7.089287116609783
6.825361608526073
6.5599724671162924
6.293507821253599
6.026392123183761
5.75911622813717
5.492197033359787
5.226201485980316
4.961741804839963
4.6994597855931515
4.440055937984823
4.184249022666379
3.9328262503596445
3.6865775458389045
3.446361002045035
3.213054947282519
2.9875781222295905
2.7708777326875453
2.563937263068608
2.367744671897167
2.183329503196719
2.0117155469032264
1.853961621328267
1.7111260913547472
1.5843098459559268
1.474592770146137
1.38309990168289
1.3109544829233573
1.259290451242141
1.229272277820969
1.2220800348592797
1.2389146185000437
1.280999132812208
1.34958594535967
1.445986066670264
1.5715290298622382
1.7276050272384804
1.915693543572536
2.1373665766454883
2.3943441408263175
2.6885432702053413
3.022119080910345
3.3975640589236766
3.8178296774560456
4.286459156318651
4.8078739011504465
5.387738418490025
6.033610000965106
6.756094980422736
7.571009601087273
8.504005768584474
9.602498428102967
10.977177509393496
13.144840155428366
16.744228209605332
18.325084248290423
19.60014231005899
20.725504762002902
21.757912346887235
22.725471916514138
23.644269066536513
24.52440733761097
25.37258827474735
26.19342740033465
26.990138733117874
27.765005549164115
28.519598402593985
29.254989310197153
29.971839754648244
30.670493314041597
31.35103677956845
32.01333960656577
32.657107892007254
33.2818989706382
33.88713612607366
34.472146291258866
35.036182361193255
35.578411609768914
36.09796143358573
36.593917318941294
37.06535567964656
37.511331384653694
37.93090154678371
38.323137761476055
38.687120339936904
39.02196419993706
39.326782993376774
39.60074856820137
39.84305778512361
40.05294364121564
40.229708230312845
40.37268214376601
40.481281191035386
40.55496473791088
40.593251292516634
40.595743755109545
40.56208375152768
40.49200077240655
40.38527293704759
40.24171330373812
40.061210319345854
39.84367565913509
39.58905056165922
39.29727450251611
38.96825205592391
38.60188694818921
38.197982558290796
37.756248979505855
37.276254254969054
36.75733750425704
36.19852853289685
35.59842777912272
34.95499986078981
34.265247369476285
33.52472506619265
32.72664201284496
31.86013895549305
30.906675191095033
29.830687174048105
28.548052523954
26.70516427660008
23.307452745823724
21.866923122393743
20.774297927252903
19.858666729576637
19.05949959736383
18.346951880435306
17.703828971725898
17.119271266831678
16.58601443749089
16.099018245178915
15.654683212212321
15.250427592533256
14.884357525268317
14.555134650565591
14.261801110082596
14.003723994781339
13.780537632846027
13.592071520186625
13.438342532963391
13.319520897024987
13.235920050189705
13.187998193999478
13.176357379229225
13.20172095360986
13.264990587821393
13.367226067383127
13.509664465930573
13.693792689644047
13.921354042825383
14.194463738305998
14.515697153272223
14.88828221300234
15.316393484033329
15.80563915380802
16.36384159007606
17.00256832151309
17.74021490960262
18.609492365459907
19.680624313221628
21.18812992866262
24.4569100756549
25.96367926508723
27.111461333425293
28.104942676699988
29.00631056964731
29.843929085848494
30.633285886887297
31.383669928514948
32.10102993291108
32.78932888054855
33.45124960330038
34.08865903432881
34.7028094009796
35.294563013829105
35.86447972620199
36.41289787638171
36.940002482227754
37.445860631202
37.93046884020156
38.393769454807675
38.83566663620746
39.256053303068406
39.6548123580858
40.03181508524809
40.386959612181464
40.7201224489579
41.031200994201974
41.32006927977391
41.58661989428261
41.830709489395495
42.05219354669418
42.250887059689504
42.42655973648299
