10.932062648270916
10.744610643352443
10.579166899546497
10.43658343759006
10.317491801647796
10.222280156851202
10.15111687500955
10.10390611260575
10.080329259079317
10.07986381958369
10.101767816567763
10.145144411772916
10.20894252828981
10.291987632684126
10.393016419869678
10.510700149965654
10.64367033756545
10.790546884272121
10.949926912050632
11.120427745904735
11.300676457608049
11.489325508418089
11.68504275025434
11.886519971388084
12.092447972374284
12.30152725855542
12.512437811517529
12.723857394016777
12.93441518911131
13.142694974023089
13.347197887617458
13.546379619558769
13.738579107211454
13.922041564125369
14.09491905786524
14.255247712102323
14.40100538207735
14.53007571302349
14.640319225838253
14.729595560968985
14.795825053462353
14.837065227630552
14.85157863151655
14.837928447142577
14.794992298062521
14.72207610184382
14.618905901242027
14.485645659687258
14.322871149777605
14.131517325648533
13.912842373113461
13.66835575140488
13.399787513070846
13.108971127287521
12.797873911159897
12.4684938465403
12.122867526380794
11.763055426305055
11.391107660081188
11.009064950274828
10.618961993661605
10.222788105577955
9.822517382704682
9.420105616957748
9.017470807678857
8.61652667477966
8.219153955404256
7.827212004156975
7.442530203788756
7.066927027462232
6.702187508615728
6.350082578883105
6.0123623347945045
5.690750699969917
5.3869581518908625
5.102646760956843
4.83946909530441
4.599032932429305
4.382898326849595
4.192585682130555
4.029597027643369
3.895372791080904
3.7913273911541774
3.718851138775501
3.679296449506073
3.673983290329843
3.704196806562409
3.7712093901270305
3.876278614254218
4.020672978870382
4.205647155261322
4.432510057399443
4.702623857544888
5.017458789560096
5.378675286724924
5.788219755017831
6.248485928589514
6.762560370506349
7.334609248214134
7.970515416081598
8.67903076911825
9.474100800670094
10.38006703152641
11.446180327528438
12.806504512433245
15.930315252951818
17.839046716439093
19.053143986166585
20.040253472959527
20.894839711806846
21.655658520275487
22.34275542107592
22.96781208325158
23.538198963999964
24.058775897187225
24.532953868675595
24.9631805575976
25.35128510683744
25.698701722450206
26.006613644056806
26.276072972766183
26.50803619060868
26.703484019800563
26.86341028711936
26.988885565654787
27.081056556185267
27.141164758578807
27.170572492425418
27.170737399518575
27.143261052643766
27.08984546879725
27.012325952532446
26.912647548431565
26.792874239311836
26.655152802565667
26.501725089831048
26.33493393619073
26.157169925110622
25.97091955176483
25.778730284246564
25.583175525809096
25.386903533270285
25.19256141603923
25.002828526866928
24.82031044667267
24.647645037065903
24.487313386302322
24.341715428997315
24.21308980752392
24.103427670962642
24.014458288339128
23.94756131599771
23.903726680117007
23.883522704581438
23.887029140474723
23.913857363282755
23.963164438156657
24.03368086351783
24.123795620153814
24.23159916510247
24.35497040286304
24.49165302911594
24.63931432728437
24.79561441200302
24.958217727750867
25.124877986332045
25.293371974391693
25.461605460967384
25.627547990157872
25.78930105169645
25.945040823646245
26.09306246209063
26.231767734207324
26.359648080995807
26.47528424433056
26.577367051423334
26.664694515071517
26.73617376110564
26.790802927980135
26.82769784958631
26.846065389951193
26.84521940203904
26.82457253725442
26.783623834126047
26.721992059514598
26.63938053989893
26.535630042237557
26.410686759775878
26.26460814503334
26.09759626324166
25.90993965410934
25.702070313691394
25.474489722156513
25.22779416619178
24.96266181344979
24.679780734293036
24.379895983755322
24.063711905660004
23.731849774353773
23.384736337685435
23.02239887341073
22.644100570741536
22.24756820532122
21.826968301211664
21.366559733005506
20.804001293497656
19.7440911857383
19.335625985639023
19.104161208248964
18.978475345452207
18.94038501306547
18.987552515022735
19.129576022832666
19.39800860032398
19.938940784210214
21.02758861819602
21.586850310679957
22.08691373488231
22.56691249860921
23.03935454275159
23.50961469822854
23.980319255780234
24.452794252559215
24.927688505291176
25.40525441752183
25.88550179430933
26.36829066185684
26.853385245049203
27.340460366478343
27.82914386889318
28.319036077739284
28.809689096582442
29.300623606788754
29.791312331812208
30.281221867134565
30.76973774552519
31.256247649518482
31.740088583879253
32.22057343004995
32.69699657485456
33.16862433872123
33.63472030674106
34.09453672634125
34.54730910796846
34.99229556521411
35.42876898949572
35.85600842268671
36.27333410343339
36.68009566379747
37.07565218124017
37.45941083271814
37.83078786097096
38.18922339039246
38.53417850014924
38.865112315179665
39.181530098507295
39.48292693885652
39.76883455141791
40.03878173749401
40.2923031648478
40.52894029359202
40.74823919420153
40.949724393016034
41.13292540189373
41.297356756090394
41.44251861028517
41.56789875115455
41.67297268944295
41.75720677730211
41.82005787867577
41.86098739211428
41.8794592137928
41.874956644952256
41.84695959861476
41.79499045219514
41.71861198780829
41.61742052501017
41.491103883101644
41.33945395398988
41.16238478260782
40.803804621028036
40.57557998945224
40.32328018046052
40.047726466287585
39.75006846164358
39.4318355351378
39.09498361168268
38.741981158818376
38.375863668690464
38.00034241127198
37.61988033861362
37.23979613975853
36.8663145651244
36.50666513094458
36.16907362634107
35.86267391525497
35.59734134160754
35.38326573633392
35.23027453050964
35.14701390592788
