38.21631504432645
38.364253917175105
38.518778867134934
38.679537485693515
38.84596028452134
39.01722844260634
39.19232928720822
39.37003971237114
39.548992992521875
39.72766682128298
39.904434221414675
40.0775985705585
40.24540553692784
40.406072416656784
40.557821135949844
40.69886839378798
40.82747934503102
40.94193561302762
41.04058720433598
41.12182034794789
41.184090857651185
41.225899171565736
41.24579434500927
41.24238643073093
41.21431228446183
41.16027652345246
40.92058412275602
40.808723694135026
40.667469899392465
40.495545991099
40.29163089134055
40.05428909971637
39.78196696998118
39.472889957760366
39.12500205509536
38.73583024744533
38.30232378619963
37.82061691188207
37.28560406399892
36.69030621772591
36.02466156872766
35.27323895769886
34.40995335298036
33.38348978034134
32.057408726822985
28.936176456323714
26.922458201896426
25.616611393751374
24.525791755949314
23.55078208122066
22.649861079829716
21.80072435852122
20.98979609136074
20.208118948807893
19.449433996847684
18.709184580442052
17.98395816471425
17.271127500686237
16.5686668880527
15.874968605786322
15.188788121447923
14.509140756381418
13.835274472802755
13.166619957248388
12.502771619863971
11.843425793426182
11.188489547230063
10.049387193519236
9.377410187252629
8.709877474049616
8.047030751447137
7.38918483832379
6.736691829776184
6.089997612837026
5.4495995802988455
4.816051373962341
4.189955488594847
3.5719651726201302
2.9627941228081274
2.3631637236324194
1.77385303503836
1.1956812927680995
0.6294785591125629
0.07612316443102372
0.0
0.0
0.0
0.0
0.0
0.0
0.0
0.0
0.0
0.0
0.0
0.0
0.0
0.0
0.0
0.0
0.0
0.0
0.0
0.0
0.0
0.0
0.0
0.0
0.0
0.0
0.0
0.0
0.0
0.0
0.0
0.0
0.0
0.0
0.0
0.0
0.0
0.0
0.0
0.0
0.0
0.0
0.47693860927175363
1.3833718621634308
2.39042671631672
3.5296512936404634
4.862308032026765
6.5450019954459595
10.271832103932283
13.04836833105285
14.687058445664798
16.032457138316378
17.220219364988452
18.30508651317505
19.31548442651445
20.2685768743715
21.175396627591734
22.043569346269607
22.878551683309944
23.684373225295854
24.464064884455983
25.219957264731235
25.953821862026068
26.66704132307852
27.360678264560804
28.035532076032123
28.692186232937722
29.331066443972315
29.95246411438424
30.556554083647963
31.143415330454335
31.713074223071764
32.26548972563331
32.80059565803392
33.31827152334179
33.818405395425756
34.300828721995984
34.765382491475506
35.211899112707
35.64019846041448
36.05010973762138
36.44145918004819
36.81409156907158
37.167839430930435
37.502552369764125
37.818091337319046
38.11431564816741
38.391105358743125
38.64835424719492
38.88595765495013
39.10382183137509
39.301870797350546
39.480035286052455
39.638258129506774
39.77649042023079
39.89469525374452
39.992834844022994
40.07088116904876
40.12879114570178
40.16652504775903
40.184055461468
40.18131969080251
40.158274458911926
40.11487818884281
40.051089459732296
39.96688061453584
39.862229823628404
39.73707309234546
39.591388297496536
39.425127802840464
39.23821838569995
39.030593306569706
38.802163117197814
38.552807473069066
38.282383326214095
37.990699017406676
37.67750657610412
37.34250070768894
36.985279881394995
36.60530714818358
36.201926837046415
35.774273799646735
35.32124701540727
34.841431086061775
34.3329498325938
33.79333482519948
33.219215553463286
32.60591232490978
31.94664849789503
31.231083666901082
30.44227160975608
29.54884368701472
28.479354853712326
26.954173593789037
24.005008491614554
22.726899314417725
21.749159372967366
20.916479843574024
20.17487773266706
19.49766087170885
18.869276493835446
18.27972706140726
17.722132383467343
17.191541376403542
16.684261037765317
16.197449701584805
15.728901455904293
15.276854883931456
14.839890271964137
14.416853240105857
14.006797792171401
13.608945891484858
13.22268461299069
12.84750446977701
12.482998885374396
12.128871667761445
11.784886050992426
11.450880068462764
11.126734414666846
10.812370656716991
10.507763772681594
10.212895862508322
9.927818481502845
9.652582848873843
9.387280370912093
9.13204177725507
8.886989596273429
8.652295593961389
8.428123902436
8.214698142582744
8.012229837456559
7.82098420833353
7.641238125773298
7.473297652060197
7.317495367697225
7.174200748797191
7.043799613068682
6.926707258834037
6.823398013327453
6.734329661599429
6.660019323686288
6.600976602810847
6.557736684716024
6.530815053342749
6.520749410380656
6.528063789759697
6.553255989953116
6.596811516713679
6.659163955237926
6.740686095047827
6.841673130836137
6.962315723719119
7.102714582275983
7.262818481867671
7.442450071087476
7.641240563966042
7.858624199680214
8.093823576915975
8.345786518921253
8.613172904604275
8.89433364135337
9.18721931867032
9.489390940456978
9.797966865134784
10.109570493394163
10.420319933587773
10.725781231531514
11.02095272381343
11.300269372787739
11.557633721179048
11.786534661532476
11.980251708024332
12.132175966384352
12.236262653682182
12.287507730288448
12.282512612127015
