75.547967
74.62070329999997
73.69106359999995
72.82465520000001
71.84268410000001
70.85584220000003
69.8632682
68.8641305
67.8578351
66.84378799999999
65.82166249999996
64.7913101
63.75270110000002
62.7060731
61.65184189999998
60.59060149999998
59.5231835
58.45056800000001
57.37388359999996
56.29446680000001
55.21380259999996
54.1334354
53.05505809999996
51.98045269999998
50.911460600000005
49.849952900000005
48.797830399999974
47.75705329999997
46.7295521
45.71722759999999
44.721921199999976
43.74556339999999
42.789876800000016
41.8566434
40.947556099999964
40.0642187
39.208175600000004
38.38091180000003
37.58376380000003
36.81806809999997
36.085012700000014
35.38575589999998
34.72130749999998
34.092617900000015
33.50054840000003
32.94590090000002
32.42932880000002
31.951485499999993
31.512875899999973
31.11388609999999
30.75493190000001
30.436250899999983
30.157991599999995
29.920302500000012
29.723153899999986
29.506611200000005
29.31492740000002
29.222797999999983
29.214036499999995
29.278307300000005
29.40857149999999
29.599780099999993
29.848131499999983
30.150625999999978
30.50473909999998
30.908332399999995
31.359445699999974
31.856237599999986
32.396985500000014
32.98002619999996
33.603577699999974
34.26600650000002
34.9655306
35.700427399999995
36.46888519999997
37.26903289999999
38.09899939999998
38.95688390000001
39.840666799999994
40.74841759999998
41.678027599999986
42.62750689999997
43.59471710000001
44.57760890000001
45.574073600000006
46.58200249999997
47.59925719999998
48.623758699999975
49.65342799999996
50.6861861
51.72001339999999
52.75289029999999
53.78282689999997
54.80789270000002
55.826127500000005
56.835689899999984
57.83470879999999
58.82143189999997
59.794077200000004
60.751011199999986
61.69054100000003
62.6111222
63.511240100000016
64.38938000000002
65.24423510000001
66.07443919999999
66.87874489999999
67.6559939
68.40508729999999
69.1250153
69.81491660000002
70.47390019999996
71.1013127
71.6965304
72.25913749999997
72.78877760000002
73.29234110000002
73.74630559999999
74.16795650000002
74.5579175
74.91716869999999
75.2471951
75.55016480000002
75.82919629999999
76.08880399999998
76.3354328
76.57882429999998
76.79804000000001
76.8936443
76.9441343
76.9499852
76.91176130000002
76.8300566
76.70552449999998
76.53890749999997
76.3310075
76.08271550000002
75.7950116
75.4688462
75.10534789999997
74.70567499999999
74.27104519999999
73.80273559999999
73.3021124
72.8108447
72.22842770000001
71.61639979999997
70.97642420000001
70.31025319999998
69.61963909999999
68.90645299999997
68.1725957
67.41996799999995
66.65053009999997
65.8662422
65.06918329999999
64.2612839
63.44465269999998
62.62127959999996
61.79318419999997
60.96238610000002
60.13090490000001
59.30064140000002
58.47361519999998
57.65163799999999
56.83661059999998
56.0303447
55.234562900000014
54.451017499999985
53.681282600000024
52.926961999999996
52.18957040000001
51.47050369999998
50.77112809999999
50.0927504
49.436558600000005
48.80368129999998
48.195158000000006
47.6119391
47.05497499999996
46.52500819999999
46.02275149999998
45.54885830000002
45.10386319999999
44.68824139999997
44.30228990000003
43.946365099999994
43.62061549999996
43.325189600000016
43.06011709999999
42.825368300000015
42.620824400000004
42.44630719999998
42.30157910000001
42.18631340000001
42.02634920000001
41.91987469999998
41.8662068
41.859019399999994
41.893501100000016
41.965790899999995
42.07274059999997
42.211677200000004
42.38025439999999
42.57636349999999
42.79810370000001
43.04360390000003
43.31123059999997
43.59932059999999
43.90632949999999
44.2306832
44.570956100000004
44.9256929
45.293408600000014
45.67276669999997
46.062371299999974
46.46085619999997
46.8669146
47.27923969999999
47.69658409999998
48.117641000000006
48.54122239999999
48.966169999999984
49.39129579999999
49.815500899999996
50.2376864
50.65684249999997
51.07195940000001
51.48205700000002
51.886274000000014
52.283689700000004
52.67350219999999
53.05499869999999
53.42740700000002
53.79004400000003
54.14237510000002
54.4837766
54.81380299999999
55.13197910000003
55.43794849999999
55.73138449999998
56.01204949999997
56.27976529999999
56.534383400000024
56.775874100000024
57.00423740000001
57.21959209999998
57.42205700000001
57.611839999999994
57.789267800000005
57.95472650000002
58.10860219999998
58.2514592
58.38389149999999
58.506493099999986
58.62006589999999
58.72532270000003
58.772872400000004
58.79975089999997
58.8105023
58.80551269999998
58.785197899999986
58.75012219999996
58.7007608
58.6377671
58.561705399999965
58.47331820000001
58.37331830000002
58.262448200000016
58.141509799999994
58.01139410000001
57.87296240000001
57.72713540000003
57.574893199999984
57.417156499999976
57.254935099999976
57.08923879999997
56.92107739999999
56.751431000000004
56.581309399999974
56.4116927
56.243531299999965
56.077716200000005
55.915138400000025
55.75662950000002
55.60293200000002
55.454729
55.312644200000015
55.1771231
55.048640899999995
54.92743519999998
54.8137139
54.70747699999997
54.6086651
54.51698119999998
54.43209860000001
54.35342329999998
54.28027220000002
54.211873099999956
54.147275599999965
