12.849574099999968
15.161570599999987
17.469082399999976
19.773208399999987
22.07478020000003
24.37409479999999
26.670944299999974
28.96437830000001
31.25264450000001
33.5333075
35.80301120000002
38.057716400000004
40.29255230000001
42.502024400000025
44.68010359999995
46.82019649999999
48.91550179999997
50.95886179999998
52.94317819999999
54.86138239999998
56.7065246
58.47213019999998
60.15205130000002
61.74076370000002
63.23336689999998
64.62567319999998
65.91441559999998
67.097129
68.17247689999998
69.1403405
70.00202659999998
70.76089129999998
71.42332010000001
72.00056929999998
72.513221
73.0024097
73.55690869999997
73.97805469999997
74.1657587
74.21488250000003
74.13276199999999
73.92596089999998
73.60044889999998
73.16163139999998
72.66166160000002
71.98750129999998
71.207609
70.32652879999999
69.348983
68.27975330000001
67.12379959999998
65.88626
64.57259930000002
63.18846049999999
61.73987270000003
60.23316199999998
58.6749812
57.07228009999999
55.43233519999998
53.762690299999996
52.07115649999999
50.365693399999984
48.654498199999985
46.945708699999976
45.247551799999975
43.568254400000015
41.91577609999999
40.2979577
38.7222836
37.19597089999997
35.7257021
34.3176845
32.97759079999999
31.710440299999963
30.52065829999997
29.41189789999999
28.38718849999998
27.448757599999997
26.5981496
25.836166400000018
25.162897100000006
24.577807099999998
24.079678699999985
23.66678929999998
23.236644199999986
22.945079299999996
22.889273000000006
22.99794530000002
23.235723499999988
23.581282999999978
24.01968470000002
24.53901890000001
25.129009400000008
25.780211599999983
26.483656099999994
27.23052199999999
28.01225569999999
28.82039269999997
29.646527899999974
30.48252349999998
31.320390199999988
32.15240599999999
32.97117559999998
33.76977890000002
34.541652200000016
35.28094460000001
35.98236949999997
36.64150160000001
37.254776899999975
37.81987880000002
38.3360054
38.80440410000002
39.22941109999999
39.6205007
39.9961463
40.393621400000015
40.7745239
40.95129829999997
41.036507599999965
41.03098339999998
40.93600280000002
40.753199299999984
40.484651899999996
40.13264749999998
39.69982940000003
39.18910819999999
38.603691500000004
37.94693539999995
37.222522699999956
36.434373800000024
35.586616999999954
34.68364789999997
33.730099700000004
32.73081349999999
31.690957099999984
30.615935899999993
29.51133349999999
28.383089899999984
27.237234200000007
26.080062799999986
24.918050299999987
23.757760399999988
22.605875599999997
21.46910809999999
20.354110699999975
19.26747679999997
18.21568099999997
17.204871199999975
16.24098739999998
15.32949439999998
14.475441199999985
13.683312500000017
12.956939600000029
12.299411299999989
11.713044199999997
11.199145100000004
10.758010999999982
10.345388899999975
9.94170649999998
9.83110370000003
9.921837200000004
10.173960500000009
10.566624199999968
11.087265199999988
11.727300200000006
12.480076400000018
13.339891399999987
14.301369499999982
15.359342900000003
16.508525000000024
17.743510400000012
19.05859670000002
20.44787359999998
21.905133799999994
23.423932400000005
24.9974681
26.618791100000006
28.280654600000013
29.975633599999977
31.696095200000006
33.43431739999998
35.18248909999999
36.93276949999999
38.67731779999999
40.40844169999999
42.118448900000004
43.79994409999999
45.44571019999999
47.04891619999999
48.6029687
50.10174949999998
51.53955619999999
52.91122100000002
54.21205130000001
55.4379782
56.58558620000003
57.65202409999999
58.63533170000003
59.5343507
60.34890289999999
61.08008719999999
61.730665699999975
62.3057171
62.81421079999998
63.271650199999975
63.70660669999998
64.17752989999997
64.60027969999997
64.793597
64.872302
64.84108729999997
64.704497
64.4669564
64.13277200000003
63.706279999999964
63.19169780000001
62.59339129999998
61.91563729999997
61.16274229999997
60.339101899999996
59.44914140000001
58.49737520000001
57.488287999999976
56.42651299999998
55.31674280000001
54.16378879999998
52.97243269999999
51.74763439999998
50.49441319999999
49.2178181
47.923046599999985
46.615325899999995
45.29985349999999
43.982005099999995
42.667097
41.360475200000025
40.0673966
38.79317749999996
37.543015399999966
36.32201869999998
35.135177000000006
33.987272000000004
32.882996299999974
31.82671579999998
30.82261819999997
29.874505099999993
28.985910800000006
28.15995379999998
27.39936649999998
26.706317000000016
26.08258730000003
25.529276300000017
25.046948300000004
24.63533600000002
24.249651799999956
23.868689899999996
23.751463999999974
23.818556299999994
24.033524899999982
24.376559899999975
24.835335799999985
25.401091100000016
26.06684630000001
26.826453499999996
27.674180600000014
28.60423609999999
29.610798799999987
30.687809900000016
31.828972999999984
33.0277541
34.27735190000003
35.570757199999996
36.900693500000024
38.25991399999999
39.640934299999984
41.03632939999999
42.438793100000005
43.8410786
45.23620640000001
46.61743459999999
47.978496499999984
49.313541199999996
50.61719300000001
51.884789000000005
53.11220089999999
54.29616169999999
55.43405779999998
56.52407750000001
57.56527039999997
58.557428599999994
59.50117580000002
60.39793760000002
61.24982269999997
62.05968229999999
62.83099130000003
63.567878000000015
64.2750053
64.95757070000002
65.62130630000001
66.27233030000001
