68.01286305
66.74497005000002
65.47823534999999
64.20441720000001
62.915496600000004
61.60274175000001
60.257821800000016
58.872895950000014
57.44074710000001
55.95518280000002
54.41045610000003
52.80264659999999
51.12854669999999
49.4090058
47.68946490000002
45.52936904999999
43.28716755000001
40.96646894999999
38.572307400000014
36.110875349999986
33.58956810000002
31.01671650000002
28.40149785000002
25.75380225000001
23.083965300000028
20.402723550000033
17.721080850000003
15.04995194999999
12.400385250000014
9.782983650000025
7.20808275000001
4.685572650000034
2.2247197500000038
0.0
0.0
0.0
0.0
0.0
0.0
0.0
0.0
0.0
0.0
0.0
0.0
0.0
0.0
0.0
0.0
0.0
0.0
0.0
0.0
0.0
0.0
0.0
0.0
0.0
0.0
0.0
0.0
0.0
0.0
0.0
0.0
0.0
0.0
0.0
0.0
0.0
0.0
0.0
0.0
0.0
0.0
0.0
0.0
0.0
1.0069009500000186
2.811933300000011
4.614025349999989
6.406984650000011
8.184663299999993
9.941047049999993
11.670210750000024
13.36649655
15.02438025000001
16.638471300000013
18.20378010000001
19.71540615000003
21.168894449999993
22.559923650000034
23.88461790000001
25.13941320000002
26.321191049999992
27.42718935
28.455358799999992
29.40422925000002
30.273355199999987
31.063583100000017
31.77780870000001
32.42209079999999
33.00859155000003
33.56123429999998
34.13111790000003
34.844987100000004
35.76383084999999
36.29183745
36.6560337
36.86377035000001
36.920883450000034
36.832273500000014
36.60212820000002
36.23414519999999
35.73171029999999
35.09794200000002
34.3358697
33.44838915
32.43848520000001
31.309142700000024
30.063435600000027
28.704526950000012
27.23571345
25.66051455000003
23.982672450000017
22.20601845000001
20.33474025000001
18.37324830000002
16.326131250000014
14.198334150000006
11.99511389999999
9.721950150000024
7.384589850000005
4.989091800000018
2.541826650000029
0.04934324999999433
0.0
0.0
0.0
0.0
0.0
0.0
0.0
0.0
0.0
0.0
0.0
0.0
0.0
0.0
0.0
0.0
0.0
0.0
0.0
0.0
0.0
0.0
0.0
0.0
0.0
0.0
0.0
0.0
0.0
0.0
0.0
0.0
0.0
0.0
0.0
0.0
0.0
0.0
0.0
0.0
0.0
0.0
0.0
0.0
0.0
0.0
0.0
0.0
0.0
0.0
0.0
0.0
0.0
0.0
0.0
0.0
0.0
0.0
0.0
0.0
0.0
0.0
0.0
0.0
0.0
0.0
0.0
0.0
0.0
0.0
0.0
0.0
0.0
0.0
0.0
0.0
0.0
0.0
0.0
0.0
0.0
0.0
0.0
0.0
0.0
0.0
0.0
0.0
0.0
0.0
0.0
0.0
0.0
0.0
0.0
0.0
0.0
0.0
0.0
0.0
0.4502041500000141
1.0081928999999878
1.684417350000012
2.582857200000011
3.088499700000022
3.412467300000006
3.5642046000000223
3.551418750000015
3.3806586000000065
3.0578047500000283
2.58833685000001
1.977422700000012
1.2301855499999856
0.35183775000003326
0.0
0.0
0.0
0.0
0.0
0.0
0.0
0.0
0.0
0.0
0.0
0.0
0.0
0.0
0.0
0.0
0.0
0.0
0.0
0.0
0.0
0.0
0.0
0.0
0.0
0.0
0.0
0.0
0.0
0.0
0.0
0.0
0.0
0.0
0.0
0.0
0.0
0.0
0.0
0.0
0.0
0.0
0.0
0.0
0.0
0.0
0.0
0.0
0.0
0.0
