32.62230253339163
32.62699214530066
32.431575019440444
32.02932987138331
31.407734084780028
30.54446743736751
29.397466558363178
27.875117528410733
25.693692406208513
20.25833576669964
17.350397768078903
15.20707023424188
13.35166418029855
11.66518992564633
10.098266210782654
8.626089397463252
7.234834336633519
5.916246905805476
4.665127040167403
3.4779722319966604
2.3523084303617336
1.286166940734046
0.27788811297045524
0.0
0.0
0.0
0.0
0.0
0.0
0.0
0.0
0.0
0.0
0.0
0.0
0.0
0.0
0.0
0.0
0.0
0.0
0.0
0.0
0.0
0.0
0.0
0.0
0.0
0.0
0.0
0.0
0.0
0.0
0.0
0.0
0.0
0.0
0.0
0.0
0.0
0.0
0.0
0.0
0.0
0.0
0.0
0.0
0.0
0.0
0.0
0.0
0.0
0.0
0.0
0.0
0.0
1.1008926395373781
2.3815183177873402
3.895018651960909
5.961807703231114
10.14160920557446
11.958933545289279
13.3052620816134
14.42921457482456
15.410273783801564
16.28576366814251
17.076437966253085
17.79501062969161
18.449715252578343
19.04611911723008
19.588021235432223
20.07808014964901
20.518132172453853
20.909458728240068
21.252912370219406
21.549083779150145
21.798297412367365
22.000739720817947
22.15645096442616
22.26538783276323
22.327433082003054
22.342432295993053
22.310184011883976
22.230437475167378
22.102863302235505
21.927048095842235
21.702459858551613
21.428407526456184
21.103976582043742
20.727908320334052
20.298534226480946
19.813524185741233
19.269636962756554
18.662234100367577
17.98443209332426
17.225563725419384
16.368083871436827
15.380000444323256
14.19200613354565
12.580531636091976
8.943016663901512
7.196369459877019
5.913609050912393
4.827427934750383
3.8599392724813195
2.9755064700587743
2.1543886481228745
1.384404619286131
0.6575429137917093
0.0
0.0
0.0
0.0
0.0
0.0
0.0
0.0
0.0
0.0
0.0
0.0
0.0
0.0
0.0
0.0
0.0
0.0
0.0
0.0
0.0
0.0
0.0
0.0
0.0
0.0
0.0
0.0
0.0
0.0
0.0
0.0
0.0
0.0
0.0
0.0
0.0
0.0
0.0
0.0
0.0
0.0
0.0
0.0
0.0
0.0
0.0
0.0
0.0
0.0
0.0
0.0
0.0
0.0
0.0
0.0
0.0
0.0
0.0
0.0
0.0
0.0
0.0
0.0
0.19746138605560418
1.0212004132703898
2.095146717375767
4.50924817890627
5.717354778456919
6.574526356806171
7.293210308917759
7.931683655050291
8.516605754076679
9.062883602487812
9.579827550692954
10.073729972577448
10.54902007809364
11.00894123909862
11.455875743293898
11.89160653797523
12.317455287030313
12.734386696433376
13.143082152301512
13.543995740796998
13.93739558953818
14.323370019915387
14.70192024814295
15.072919489841468
15.436178799741299
15.791413300840254
16.13831431963913
16.476462853615143
16.80544545257447
17.12478791462072
17.43397639109509
17.732502034283804
18.01984022117898
18.295440508183198
18.55877716035209
18.8093141974095
19.046526753897155
19.269917662274853
19.478992305032726
19.673248396026093
19.852246305623115
20.015549206963055
20.162747656036203
20.293458856305126
20.407279283521262
20.503854881859244
20.58281200782009
20.64382008086777
20.686513629125162
20.710545162253304
20.71555306504602
20.70110577218026
20.666852784286352
20.612216724291642
20.536704355266014
20.43970354886115
20.32057388830188
20.178682683086222
20.012993137081914
19.822935699236893
19.60750705974263
19.365678488759745
19.096337400142904
18.79819499243689
18.46977027096411
18.109337382381835
17.71484719478576
17.283781916777286
16.81301123915499
16.298517093063275
15.734903916492613
15.11451664085266
14.425868191201488
13.650003214840794
12.751580540673832
11.647667841149682
9.970146304032518
7.007652162129209
5.7197866796665195
4.708600807200667
3.838553063751956
3.0609548038819554
2.352036215322154
1.6983996061015603
1.0918991032739405
0.5273193977259962
0.0013086477754541193
0.0
0.0
0.0
0.0
0.0
0.0
0.0
0.0
0.0
0.0
0.0
0.0
0.0
0.0
0.0
0.0
0.0
0.0
0.0
0.0
