0.0
0.0
0.0
0.0
0.0
0.0
0.0
0.0
0.0
0.0
0.0
0.0
0.0
0.0
0.0
0.0
0.0
0.0
0.0
0.0
0.0
0.0
0.0
0.0
0.0
0.0
0.0
0.0
0.0
0.0
0.0
0.0
0.0
0.0
0.0
0.0
0.0
0.0
0.0
0.0
0.0
0.0
0.0
0.0
0.0
0.0
0.0
0.0
0.0
0.0
0.5221712269347291
1.9161455077507004
3.7072677285301667
7.823477249874045
10.064365399071544
11.590693901883512
12.864869840356427
13.99753073266226
15.036804617556099
16.008666030916938
16.92894517682976
17.807922129583478
18.652633820093982
19.467967644016877
20.257337530420237
21.023124391844327
21.76690625726819
22.48968516154875
23.191985793236274
23.87402129826725
24.53569002935787
25.17669040621115
25.79659215488936
26.39481845654649
26.97073864969913
27.523707336554338
28.05304998262298
28.55814249495075
29.038353773983907
29.49314438180253
29.921996564500184
30.32446303245858
30.700159602770825
31.04877845039001
31.370068724102573
31.663863837659058
31.930043369571692
32.16855567422292
32.379378331425926
32.56253720617883
32.71808739155651
32.846090324542786
32.94665208134221
33.01981753710585
33.06565858468385
33.08417241784577
33.0752876948565
33.03886909938849
32.97468284204989
32.882374967683596
32.761473100875094
32.61134211993972
32.43117415998495
32.22027977337128
31.976540851492615
31.6994397057205
31.386985839587673
31.037226190345137
30.647853127453104
30.216166591391833
29.73899577579968
29.212559034492422
28.632293656292926
27.99258178379335
27.2863354238177
26.50427708226728
25.63371287096647
24.65614331353478
23.542231857133256
22.23877128707608
20.623971876603306
18.180206603513703
13.608170846121276
11.588132866491017
9.977786786372535
8.561097247747977
7.261679660264665
6.042267074020572
4.8817635263886405
3.767139715839853
2.6900335217646876
1.6449246991219844
0.6281575131181865
0.0
0.0
0.0
0.0
0.0
0.0
0.0
0.0
0.0
0.0
0.0
0.0
0.0
0.0
0.0
0.0
0.0
0.0
0.0
0.0
0.0
0.0
0.0
0.0
0.0
0.0
0.0
0.0
0.0
0.0
0.0
0.0
0.0
0.0
0.0
0.0
0.0
0.0
0.0
0.0
0.0
0.0
0.0
0.0
0.0
0.0
0.0
0.0
0.0
0.0
0.0
0.0
0.0
0.0
0.0
0.0
0.0
0.0
0.0
0.0
0.0
0.0
0.0
0.0
0.0
0.0
0.0
0.0
0.0
0.7394012845717862
1.6642998249100036
3.7232303652202576
4.869843483978332
5.616063770694686
6.217743328594983
6.735218664102863
7.195171751584339
7.612457874332943
7.996274216219098
8.353105853332496
8.687508900679717
9.003016979811635
9.302405008284001
9.587989460249753
9.861746198364553
10.125391175006735
10.38049335383911
10.62849392704288
10.870755539459205
11.10857129473699
11.343160355342102
11.575730474345207
11.80743910133458
12.039407705444244
12.272732658815304
12.508452595908034
12.747591168494527
12.991145868373955
13.240015958354293
13.495096984140089
13.757197147457486
14.026992254092654
14.3051477309937
14.59217621647726
14.88849858275491
15.194394274884738
15.510036354833101
15.835465553799384
16.170602807993085
16.51520716240725
16.86892731607591
17.231268479822003
17.601569200859046
17.97909377479737
18.36290735818027
18.7520213440121
19.145259234574024
19.541380868449753
19.939040961873406
20.336731669560642
20.732935503065256
21.12600884099119
21.514271993434267
21.895954347711594
22.269245893583605
22.63233089870143
22.983355651733774
23.320484450801157
23.64185845005389
23.94564051540017
24.230007268385503
24.49317857255192
24.73340617576933
24.949053367506743
25.13852939153538
25.30039469907108
25.433330389865358
25.536192603758195
25.60802973985485
25.648100305519385
25.65590610946395
25.631212469938063
25.57407834872292
25.48483552491262
25.36418742713341
25.213139392429227
25.033120248648395
24.82592490203006
24.593775361245157
24.339353179009045
24.065812109576765
23.776774700665772
23.476404071167245
23.169319044822544
22.860642349844916
22.555942135560073
22.26121783585059
21.98277910470874
21.72713788898878
21.500878120587704
21.31037747313233
21.161630771522564
21.059926649795717
21.009540182795433
21.013536783958585
21.07351219959415
21.189527372312945
