75.98443820000003
75.53522570000001
75.0910622
74.64728480000001
74.1991415
73.74182089999998
73.2704819
72.81838850000001
72.2868179
71.72652740000002
71.13332929999999
70.5035111
69.8336276
69.12082760000001
68.3625866
67.5569147
66.7022378
65.7973382
64.84150310000003
63.83437609999997
62.77589780000001
61.666454299999984
60.506609899999994
59.29731499999996
58.03972789999998
56.735155400000025
55.38526069999998
53.991766400000024
52.55657330000001
51.08176039999999
49.56949579999999
48.02203670000001
46.441759099999985
44.831039000000004
43.192430599999994
41.52839899999998
39.84158749999999
38.134550299999994
36.4099604
34.6704314
32.918636299999974
31.157188699999974
29.3887913
27.616087400000016
25.8416906
24.068244199999985
22.2983321
20.53453819999997
18.779416699999995
17.03549209999998
15.305199799999995
13.591004900000009
11.895253699999968
10.220233100000007
8.568259700000018
6.941501599999973
5.342067499999989
3.7720067000000017
2.233309100000009
0.7278458000000131
0.0
0.0
0.0
0.0
0.0
0.0
0.0
0.0
0.0
0.0
0.0
0.0
0.0
0.0
0.0
0.0
0.0
0.0
0.0
0.0
0.0
0.0
0.0
0.0
0.0
0.0
0.0
0.0
0.0
0.0
0.0
0.0
0.0
0.0
0.0
0.0
0.0
0.0
0.0
0.0
0.0
0.0
0.0
0.0
0.0
0.0
0.0
0.0
0.0
0.0
0.0
0.0
0.0
0.0
0.0
0.0
0.0
0.0
0.0
0.7759003999999876
2.0613460999999997
3.3570382999999686
4.661016799999995
5.971380800000022
7.2863186000000235
8.603988800000007
9.922609399999995
11.240457799999993
12.55578169999999
13.866977299999986
15.1723814
16.470449599999966
17.759637500000025
19.038489800000008
20.305580899999978
21.559485199999976
22.79892559999999
24.022565599999965
25.229217199999994
26.417692399999993
27.586862600000025
28.735658599999965
29.863100300000006
30.968177899999993
32.0500301
33.107825299999966
34.140731900000006
35.148066799999995
36.129117199999996
37.0833188
38.010077599999995
38.90891839999998
39.7793957
40.62112340000001
41.43383419999997
42.21723109999999
42.971135899999986
43.6954595
44.3900831
45.055036399999985
45.6904085
46.29625879999997
46.87279520000001
47.42031469999999
47.93911429999998
48.4295504
48.892127899999984
49.32732199999998
49.735756400000014
50.118114199999994
50.47507849999997
50.80751060000002
51.11624210000001
51.40228279999997
51.6665534
51.91021219999997
52.134031400000026
52.34017909999999
52.528863199999996
52.7017469
52.86007760000004
53.00510270000002
53.138069600000016
53.2359014
53.27712499999997
53.29767739999999
53.29871689999998
53.28140180000002
53.246831000000014
53.1962519
53.130793099999984
53.051672299999986
52.960047799999984
52.85710760000002
52.74406939999997
52.62206179999999
52.49227280000003
52.3558904
52.21404319999997
52.06788950000001
51.918498499999984
51.76699880000001
51.6144596
51.4619501
51.3104801
51.161059399999964
51.0146384
50.87216749999999
50.73456739999999
50.60272909999997
50.4774248
50.35954550000002
50.24980399999996
50.14894279999998
50.05767470000001
49.97665309999999
49.906442299999995
49.84769569999996
49.77582170000002
49.702403300000014
49.649507599999986
49.61719400000002
49.60537339999999
49.61395669999997
49.64276569999999
49.691651900000025
49.76040740000003
49.84870549999998
49.95630859999999
50.082919700000005
50.22818239999998
50.39171060000002
50.57314789999999
50.77210819999996
50.98811629999999
51.22072669999996
51.46946419999998
51.733853599999996
52.0133603
52.307449699999985
52.61558719999996
52.937178799999984
53.27163049999999
53.618377999999986
53.97679759999997
54.34620620000001
54.725980100000015
55.115406500000006
55.51389139999999
55.9206626
56.335037000000014
56.756301800000024
57.1837145
57.61659200000001
58.05419179999997
58.495741699999996
58.94049919999999
59.38775149999997
59.836726399999996
60.28668139999999
60.736844300000016
61.186472599999995
61.634794100000015
62.08100690000001
62.52439819999998
62.964136399999994
63.39944929999998
63.829535
64.25362129999998
64.67090629999997
65.08055839999997
65.48186479999997
65.87396419999997
66.25614379999998
66.62763140000001
66.9877736
67.33585759999998
67.67128939999999
67.99353439999999
68.30205799999999
68.5964444
68.8763966
69.1416473
69.392048
69.62756899999998
69.84818060000002
70.05403129999998
70.24523989999999
70.42195489999999
70.58423570000001
70.73214170000001
70.86555409999998
70.9841759
71.08747250000002
71.17479050000001
71.2453577
71.29730299999999
71.31274700000003
71.31666740000001
71.3110244
