0.0
0.0
0.0
0.0
0.0
0.0
0.0
0.0
0.0
0.0
0.0
0.0
0.0
0.0
0.0
0.0
0.0
0.0
0.0
0.0
0.0
0.0
0.0
0.0
0.0
0.0
0.0
0.0
0.0
0.0
0.0
0.0
0.0
0.0
0.0
0.0
0.0
0.0
0.0
0.0
0.0
0.0
0.0
0.0
0.0
0.3170442000000051
3.2338663500000084
6.058380900000024
8.778470250000005
11.382952350000009
13.861224300000028
16.203796950000026
18.40323045000001
20.452307700000006
22.344702599999998
24.075336450000023
25.640422500000014
27.03791145000002
28.268204250000004
29.33575590000003
30.252104849999988
31.044783000000002
31.78426845
32.702889450000015
34.18404330000002
35.04920429999999
35.55444585000001
35.739952050000014
35.63365575000001
35.25627270000001
34.6242864
33.7513737
32.64960765000001
31.33003665000001
29.80312995000002
28.07926769999999
26.16869640000002
24.081974400000007
21.829838250000005
19.423603649999997
16.874898150000003
14.196017549999997
11.399703150000008
8.49931995
5.508678450000022
2.442123750000004
0.0
0.0
0.0
0.0
0.0
0.0
0.0
0.0
0.0
0.0
0.0
0.0
0.0
0.0
0.0
0.0
0.0
0.0
0.0
0.0
0.0
0.0
0.0
0.0
0.0
0.0
0.0
0.0
0.0
0.0
0.0
0.0
0.0
0.0
0.0
0.0
0.0
0.0
0.0
0.0
0.0
0.0
0.0
0.0
0.0
0.0
0.0
0.0
0.0
0.0
0.0
0.0
0.0
0.0
0.0
0.0
0.0
0.0
0.0
0.0
0.0
0.0
0.0
0.0
0.0
0.0
0.0
0.0
0.0
0.0
0.0
0.0
0.0
0.6229690499999934
3.3561561000000135
6.004876350000009
8.558526900000022
11.007128550000022
13.341637650000026
15.554569800000024
17.63875245000002
19.58781495000002
21.39636675000002
23.059952850000034
24.575410200000036
25.940867700000005
27.156414450000028
28.22476800000002
29.153145449999997
29.957495700000013
30.67305780000002
31.389199050000023
32.40832485000003
33.642448949999995
34.332840300000015
34.72670685
34.85233785
34.73071635000001
34.378058550000034
33.80781855
33.03140115000002
32.059052850000015
30.900351899999997
29.564208300000022
28.059532049999994
26.395054950000013
24.5795979
22.622160000000008
20.53200765000001
18.31858545000002
15.991828050000006
13.561892850000014
11.039382750000005
8.435167950000025
5.760519599999999
3.0270207000000067
0.24656610000001308
0.0
0.0
0.0
0.0
0.0
0.0
0.0
0.0
0.0
0.0
0.0
0.0
0.0
0.0
0.0
0.0
0.0
0.0
0.0
0.0
0.0
0.0
0.0
0.0
0.0
0.0
0.0
0.0
0.0
0.0
0.0
0.0
0.0
0.0
0.0
0.0
0.0
0.0
0.0
0.0
0.0
0.0
0.0
0.0
0.0
0.0
0.0
0.0
0.0
0.0
0.0
0.0
0.0
0.0
0.0
0.0
0.0
0.0
0.0
0.0
0.0
0.0
0.0
0.0
0.0
0.0
0.0
1.528002299999998
3.9658674000000103
6.345416549999998
8.658630750000015
10.898159250000003
13.05700769999999
15.128805450000012
17.1078501
18.9891966
20.768568150000014
22.442578950000012
24.008823299999992
25.465697400000018
26.812622100000013
28.05017655
29.180009100000007
30.204970950000025
31.129205250000012
31.958147099999994
32.6985681
33.35848725000002
33.947037300000034
34.473796500000034
34.94794215000002
35.37655770000001
35.76209340000001
36.09969330000002
36.376393350000036
36.57455175000004
36.681427199999995
