61.8952334
63.35130559999998
64.79603239999997
66.2227016
67.62483859999999
68.99629549999999
70.33128079999999
71.6244485
72.87080900000001
74.05441340000003
75.1720541
76.23139369999998
77.2294919
78.16394300000002
79.03293529999999
79.835162
80.57002909999999
81.2377445
81.8394071
82.37748199999997
82.85621629999999
83.2827677
83.66904589999999
84.03595969999998
84.4227428
84.71894089999999
84.84697759999999
84.88386499999996
84.8326622
84.69622039999999
84.47747989999999
84.1792622
83.80444820000001
83.35585939999997
82.83637669999999
82.24899979999996
81.59669869999998
80.88256219999995
80.1097385
79.2814946
78.40115689999998
77.47214089999999
76.4980403
75.48247849999997
74.42916799999999
73.34191040000002
72.27909589999997
71.07630529999997
69.8502596
68.60553259999996
67.3468169
66.07880509999998
64.80627890000004
63.53387150000001
62.26627549999998
61.00812409999998
59.76393169999998
58.5381533
57.33509539999997
56.15891599999999
55.013594900000015
53.902933699999984
52.830555800000035
51.799787599999995
50.813747599999964
49.875316699999985
48.98704910000002
48.1512614
47.369913799999985
46.64475860000001
45.97716199999998
45.368193200000036
44.81868380000001
44.329108999999974
43.89964700000002
43.53026810000003
43.22061589999999
42.95884009999997
42.63977300000003
42.49857920000003
42.4879763
42.582303500000016
42.765700999999986
43.02732830000001
43.35907729999996
43.75429520000002
44.20730930000001
44.7129518
45.26638159999997
45.86296549999999
46.49815940000003
47.16750829999999
47.866616599999965
48.591088699999986
49.33658839999997
50.09880919999998
50.87350399999999
51.6564554
52.443535100000005
53.23073360000001
54.01410079999999
54.78983509999998
55.55422400000001
56.30376290000001
57.03509570000001
57.745044499999985
58.43066899999999
59.08926649999998
59.71834219999998
60.315757699999985
60.87970129999999
61.408688000000005
61.90182679999999
62.358701899999986
62.779699400000034
63.16621519999998
63.52110050000002
63.84937460000001
64.15959109999997
64.46633269999997
64.79561660000003
65.0082686
65.11700030000002
65.16330259999998
65.14708639999999
65.0684111
64.92754399999998
64.72484150000001
64.46089760000001
64.13642509999995
63.75225559999999
63.3093395
62.808894499999965
62.252078899999994
61.640348
60.9752165
60.25834759999999
59.49149359999998
58.67658499999996
57.81570080000003
56.91094970000002
55.96467799999996
54.97926169999997
53.957225299999955
52.90127150000003
51.814102999999974
50.69857099999996
49.55761579999998
48.3942074
47.21146430000001
46.01250500000001
44.80047770000001
43.57856029999999
42.35001979999998
41.118004400000004
39.88575139999999
38.65637929999997
37.432976899999986
36.21863299999997
35.01625819999999
33.8287631
32.658850399999984
31.509193099999987
30.382315699999996
29.28050509999999
28.20604820000001
27.16099429999999
26.14718480000002
25.166342299999997
24.22007060000002
23.309706200000004
22.43646679999999
21.601391899999985
20.805313099999985
20.048972899999985
19.332876199999962
18.657409100000013
18.02280919999999
17.429195300000018
16.876478299999988
16.364509699999978
15.893022199999985
15.461600000000004
15.06976789999997
14.71693189999999
14.402468299999995
14.125634599999998
13.885658600000006
13.681679000000004
13.512834500000013
13.378174699999983
13.228456999999985
13.099054099999977
13.029912499999979
13.011884599999997
13.0382285
13.1037764
13.204459399999966
13.336832299999987
13.498073600000012
13.684500500000015
13.897390099999974
14.131277599999972
14.38556899999999
14.658601099999961
14.948918600000018
15.255155300000023
15.576063799999998
15.910545199999977
16.257560000000005
16.616217200000015
16.985685200000002
17.36525119999998
17.754291499999976
18.15227150000002
18.558805099999987
18.973506199999978
19.3961372
19.826549599999993
20.264624599999976
20.710421600000004
21.164029699999976
21.625597399999986
22.09539199999999
22.5737105
23.061028099999994
23.55773089999997
24.064383199999984
24.58157899999997
25.109941999999993
25.65018499999999
26.203020800000015
26.769280999999996
27.3497081
27.945163399999966
28.556508199999996
29.18460379999998
29.830341199999992
30.494552000000002
31.1781569
31.881957800000002
32.606815999999974
33.3535334
34.1228822
34.91557519999998
35.732295499999985
36.57366679999996
37.440253399999975
38.3325305
39.25094359999999
40.19581940000003
41.1673361
42.16564219999999
43.190707999999994
44.24244439999998
45.32055439999998
46.42462220000003
47.55414290000001
48.7084037
49.88654329999997
51.08752219999997
52.310211800000026
53.55321619999998
54.81505039999997
56.09405119999996
57.38837719999996
58.69603850000002
60.0148967
61.34266489999997
62.6769374
64.01518969999997
65.3548379
66.6931199
68.0273627
69.35477449999999
70.6725338
71.97796760000003
73.2716996
74.52019849999998
75.74832319999999
76.9538462
78.13468849999998
79.28900869999998
80.41523269999998
81.51205370000001
82.5784322
83.6137445
84.6176639
85.5901904
86.53176950000001
87.44281699999998
88.32550099999999
89.18032639999998
90.0094613
90.81513320000002
91.5997775
92.36615629999999
93.1173287
93.85647259999999
94.5868847
