14.512144349999996
16.377586500000014
18.228817200000012
20.046947250000017
21.813488400000008
23.51097704999999
25.123063350000024
26.634867600000003
28.033470299999983
29.3081349
30.45133245000001
31.460122650000027
32.339361450000006
33.1094082
33.830227200000024
34.70060055000001
36.15974670000003
37.043796899999975
37.576793099999996
37.79490990000001
37.72474365000002
37.38741105
36.80091030000003
35.9813685
34.943754450000014
33.70263600000001
32.272269150000014
30.666999000000025
28.901304300000014
26.98984199999999
24.947580900000034
22.789757100000024
20.531829450000018
18.18952410000001
15.778567200000026
13.314863100000007
10.814227050000015
8.292251550000021
5.764306349999998
3.2453602500000174
0.7497137999999919
0.0
0.0
0.0
0.0
0.0
0.0
0.0
0.0
0.0
0.0
0.0
0.0
0.0
0.0
0.0
0.0
0.0
0.0
0.0
0.0
0.0
0.0
0.0
0.0
0.0
0.0
0.0
0.0
0.0
0.0
0.0
0.0
0.0
0.0
0.0
0.0
0.0
0.0
0.0
0.0
0.0
0.0
0.0
0.0
0.7804087500000134
2.662378950000022
4.506704400000017
6.304475100000014
8.047360200000002
9.727474350000005
11.337600450000018
12.87114510000003
14.322316800000014
15.68612595000003
16.958429399999993
18.13606410000001
19.21706985
20.2007784
21.088036200000026
21.88213995000002
22.589460300000013
23.22180300000003
23.800596600000027
24.367807200000016
25.016722500000007
25.969646999999988
26.518859400000032
26.890896450000017
27.100771499999997
27.161136750000004
27.083307900000023
26.877531450000014
26.55347475
26.120181450000032
25.586472450000016
24.960856800000006
24.251620800000012
23.466872550000012
22.614586500000005
21.7025589
20.738318700000004
19.729305750000012
18.68260350000002
17.605206300000006
16.503707550000033
15.384388800000007
14.253308850000014
13.116036449999985
11.977873050000026
10.843674600000023
9.71785155000002
8.604457950000006
7.507146900000004
6.4289923500000015
5.372800950000006
4.340800199999998
3.3349503000000262
2.3566323000000295
1.4069154000000228
0.48637875000003505
0.0
0.0
0.0
0.0
0.0
0.0
0.0
0.0
0.0
0.0
0.0
0.0
0.0
0.0
0.0
0.0
0.0
0.0
0.0
0.0
0.0
0.0
0.0
0.0
0.0
0.0
0.0
0.0
0.0
0.0
0.0
0.0
0.0
0.0
0.0
0.0
0.0
0.0
0.0
0.0
0.0
0.0
0.0
0.0
0.0
0.0
0.0
0.0
0.0
0.0
0.0
0.0
0.0
0.0
0.0
0.0
0.0
0.0
0.0
0.0
0.0
0.0
0.0
0.0
0.0
0.0
0.0
0.0
0.0
0.0
0.0
0.0
0.0
0.0
0.0
0.0
0.0
0.0
0.0
0.0
0.0
0.0
0.0
0.0
0.0
0.0
0.0
0.0
0.0
0.0
0.0
0.0
0.0
0.0
0.0
0.0
0.0
0.0
0.0
0.0
0.0
0.0
0.0
0.0
0.0
0.0
0.0
0.0
0.0
0.0
0.0
0.0
0.014148750000031214
1.9523856000000137
3.844067700000001
5.684873700000013
7.470705000000022
9.19764120000001
10.862118300000024
12.460750500000024
13.990508400000007
15.448629900000011
16.83253110000001
18.140162700000015
19.36960905000002
20.519489100000026
21.5887782
22.577075400000034
23.484558900000025
24.31234245000001
25.062698100000013
25.73990265000003
26.351039550000003
26.90827095000002
27.43360455000001
27.96963015000001
28.611061050000007
29.449224750000027
29.91811350000001
30.243818550000015
30.43422524999999
30.496105200000006
30.435606300000018
30.258297300000024
29.969657850000015
29.574944850000012
29.079415200000017
28.488504000000006
27.807646350000002
27.042544650000004
26.19907950000001
25.283309700000014
24.301605900000023
23.26051695000001
22.166814450000007
21.02749275000003
19.849590749999983
18.64041465000002
17.407270650000015
