22.67297929837168
22.530039837828042
22.321459260272277
22.045981036402615
21.70250093420868
21.290088768652584
20.80801950280621
20.25589488739046
19.633627202161456
18.94148560314968
18.180118556413305
17.35050924613789
16.454022924592678
15.492338176920082
14.467456509832015
13.381710361689713
12.237674305925243
11.038256851135198
9.786580588774118
8.486084426837863
7.139103051911805
5.752518237074725
4.329829202607087
2.8736596592087382
1.3899391027773391
0.0
0.0
0.0
0.0
0.0
0.0
0.0
0.0
0.0
0.0
0.0
0.0
0.0
0.0
0.0
0.0
0.0
0.0
0.0
0.0
0.0
0.0
0.0
0.0
0.0
0.0
0.0
0.0
0.0
0.0
0.0
0.0
0.0
0.0
0.0
0.0
0.0
0.0
0.0
0.0
0.0
0.0
0.0
0.0
0.0
0.0
0.0
1.5784920918916168
7.647782744705324
10.206122601711185
12.17954167374345
13.877978428578839
15.411088033019414
16.83206197026756
18.170132984297574
19.44190077639429
20.656365816769828
21.817515918385
22.925939403528496
23.979723860132218
24.9753195134232
25.907759663902958
26.77147659764961
27.560350954420215
28.26803648540796
28.888192956719998
29.414607286958507
29.841361262666375
30.16288259417012
30.373961728680484
30.46986320730762
30.44621636816379
30.298981727658372
30.02437280207394
29.618693194186243
29.078169282759333
28.398627799529407
27.575116095468424
26.601224123609825
25.4681086461488
24.162683077461175
22.66427500714331
20.9374813547384
18.91411178366294
16.431590411349447
12.797578434087496
5.913061466498879
2.9221733667227205
0.6088724972584839
0.0
0.0
0.0
0.0
0.0
0.0
0.0
0.0
0.0
0.0
0.0
0.0
0.0
0.0
0.0
0.0
0.0
0.0
0.0
0.0
0.0
0.0
0.0
0.0
0.0
0.0
0.0
0.0
0.0
0.0
0.0
0.9605746303143441
6.118243857045874
9.69616176123482
11.903770470711493
13.741588786095338
15.386335923407529
16.909943274274205
18.349539678584605
19.72651974138336
21.053744078647313
22.338732847878262
23.58555895104891
24.795767301353173
25.96906014968141
27.103753167368588
28.197128483339522
29.245790804803903
30.24585180993568
31.19306325587688
32.08331877535519
32.912473238960715
33.67666682648558
34.372443821146234
34.99682518087631
35.54743234707112
36.022512353607695
36.42102376974217
36.74265825321528
36.987856488407374
37.157841467550384
37.254573566936
37.28081507236164
37.24007649261048
37.136630710201764
36.975470256588565
36.7623160596393
36.50360790106049
36.20648167322841
35.8787489841445
35.528893965365675
35.16632448972763
34.79981263324952
34.440482333265116
34.09863921682566
33.78522488452617
33.5112815278003
33.287769687522776
33.12527224879346
33.03365230180828
33.021733870041075
33.09693208276516
33.264969139375445
33.529687989769066
33.89290152231958
34.3544934452973
34.91248882104376
35.563314930861964
36.302113126205924
37.122988697851575
38.01937909178447
38.98419326298708
40.01011754298711
41.08970070002249
42.21545751318932
43.37996824740692
44.57590879927113
45.79604800005266
47.03325735684991
48.28053418753211
49.530916145445445
50.77757014301132
52.01370594504898
53.23262575648246
54.427712947607816
55.59241755789781
56.72031745282399
57.80507236131143
58.84054717022786
59.82066751055903
60.739744625600814
61.592265018571915
62.37294338430735
63.07676172656696
63.69898099028877
64.23514845622105
64.68111107529627
64.274846981571
64.46276411476659
64.54935725916098
64.53246149238349
64.41012275738797
64.18077061949069
63.842788854365395
63.39455231380895
62.834238201731125
62.15967791663829
61.368041834298495
60.45561147107959
59.417348073753644
58.2463607097566
56.93311789484134
55.46417961030667
53.820134412178426
51.9717949161132
49.872459291954364
47.43919976341126
44.49447132940849
40.43427281365957
31.8978161753037
28.048050231297907
25.14659925991574
22.659784039410866
20.419590908032326
18.34788981301439
16.401896535952254
14.556176009914095
12.795086237432924
11.109014043266354
9.49233044427045
7.942227245707679
6.457872276285123
5.039911470767756
3.690021962257039
2.410670417663507
1.2034641668535893
0.07566283920439901
0.0
0.0
0.0
0.0
0.0
0.0
0.0
0.0
0.0
0.0
0.0
0.0
0.0
0.0
0.0
0.0
0.0
0.0
0.0
0.0
0.0
0.0
0.0
0.0
0.0
0.0
0.0
0.0
0.0
