23.74890324166381
23.730660942817476
23.6969164322404
23.648410957178857
23.586406096009345
23.512565621558412
23.428915144994136
23.337616908782252
23.240951948675164
23.141241549376755
23.04074118283638
22.941659675993225
22.84611304483354
22.756105344728304
22.673518008878972
22.600097130536387
22.537504380456323
22.487280909642365
22.450888774428112
22.429780794779536
22.425421823805372
22.439357540535504
22.47325076305442
22.529001356980622
22.608775472392118
22.715189252534188
22.851465993910388
23.021790918462383
23.231901531485818
23.490263431684554
23.81062652219986
24.21913209550444
24.783224528581265
26.19100690347898
27.092385439661097
27.716820387894415
28.262790385851268
28.77088133285828
29.25777549930641
29.73210740157324
30.198864955559248
30.661133063957422
31.12082638837892
31.579138564345204
32.036747137643985
32.493947513894
32.9507337450891
33.40689816363466
33.86198600929099
34.31541032534352
34.76644665816004
35.21423016091395
35.65780948712522
36.096138217035545
36.5280708349706
36.95239792651077
37.367813997839875
37.77296136150023
38.166416348646536
38.546691154950125
38.91228747388538
39.261641772094215
39.59317799396417
39.90530165615083
40.19639864109182
40.46484515413169
40.70898367608048
40.927182224645506
40.95989223649626
41.11634760698933
41.24207076642188
41.33538877796524
41.3945850364371
41.417903817522856
41.403527217798086
41.349551241700674
41.25394655660986
41.11453993319772
40.92896756676286
40.694557015410744
40.40829693560484
40.06664645229788
39.66534215716193
39.199090335853334
38.661078125977355
38.042127905792455
37.32917659935736
36.50223650438323
35.527295031358214
34.33573012672079
32.730225543891954
28.886113501945967
26.807010586610918
25.317624027575555
24.040056557938232
22.879036937137666
21.79288303322226
20.759124805303294
19.76417749284008
18.799284833760733
17.85850521347523
16.937740445549007
16.034138717385233
15.145740975436514
14.271239802200608
13.409881015793987
12.561306657906282
11.725512626480539
10.902790775395538
10.093698807135084
9.299006349531387
8.519723157201327
7.120535333939943
6.341981110559654
5.583562957545223
4.847106250253192
4.134595610416272
3.4481185762728503
2.7898966975478836
2.162231602987813
1.5675361287665146
1.0082780781487872
0.4869826525850203
0.006223383767360246
0.0
0.0
0.0
0.0
0.0
0.0
0.0
0.0
0.0
0.0
0.0
0.0
0.0
0.0
0.0
0.0
0.572547277450858
1.279784366984659
2.0867231098117647
3.0016267936438523
4.035863732780115
5.205957212862115
6.537514026326103
8.074234457569025
9.902164798764163
12.245903404717733
17.58674457670199
21.34922973578472
23.65564965480462
25.56244873655166
27.24797627420995
28.78366648984307
30.206125605736297
31.536574070790127
32.78817314275925
33.96938907957497
35.08574086441367
36.14080490984211
37.13679832605416
38.074999868752755
38.95598435067067
39.77984263340522
40.54630847587168
41.25484819205436
41.904772198849436
42.49526111510942
43.025426729463206
43.49435734089125
43.90110616705504
44.24475858998538
44.524405064343135
44.73913626418527
44.88807319596929
44.97032823596117
44.98501528268838
44.931229214041835
44.80793457032756
44.61407115249774
44.34838977352332
44.00946338150993
43.59557607134522
43.1046238693414
42.53398677671734
41.8803005021491
41.139187837261474
40.30483460087061
39.36923139459915
38.32104116453294
37.14333903777821
35.80915458882126
34.270767388024005
32.427344661753935
29.963315981453004
24.342431092884066
21.578781954073854
19.57318620168072
17.873508871975023
16.353106799650003
14.954929693518443
13.647893726430503
12.413233638868379
11.238859778493971
10.116764511103172
9.041513187751328
8.00944823523324
7.018181981734065
6.0662157847346245
5.152760328177137
4.277540362441532
3.44070112560687
2.642702079520441
1.884257207373812
1.1662844432458632
0.4898542408635376
0.0
0.0
0.0
0.0
0.0
0.0
0.0
0.0
0.0
0.0
0.0
0.0
0.0
0.0
0.0
0.0
0.0
0.0
0.0
0.0
0.0
0.0
0.0
0.06950260982073588
0.8479547776333084
1.7076234211617294
2.6553763358281754
3.7014561049124564
4.861878869275556
6.163392035132054
7.6556575008925165
9.449979901820697
11.94522208144776
17.047147209069266
19.29267324518101
20.987955300516752
22.427618577695103
23.705922300899356
24.86763030255323
25.938153180007088
26.933564089467716
27.86476337613307
28.739514631388246
29.56358647537368
30.341391806534038
31.076407982218836
31.771410559614452
32.42869090487547
33.05016476500299
33.63745875421506
34.191991869079814
34.71502053264278
35.2076824648279
35.67102115177594
36.10603246055591
36.51366870902125
36.894868875467765
37.250559485209486
37.58172064886423
37.889330138229724
38.1744433176114
38.43816969953021
38.68169835434232
38.906311440231185
39.11339501834333
39.304440236959884
39.48105675624111
39.64498271186133
39.79805120550224
39.942221094111694
40.079567407644994
40.21222927998604
40.34242437108777
40.47239940900197
40.604402606476
40.740664985046024
40.883266854005306
41.034182132097634
41.195136033943776
41.367564775015175
41.552523831870516
41.750665571835626
