44.822277500000006
45.65138269999998
46.47921080000001
47.30700919999999
48.13608469999999
48.96753619999999
49.80240319999998
50.64157669999997
51.48571009999999
52.33533799999998
53.19075739999998
54.05205740000001
54.91908949999999
55.79155670000001
56.668924400000016
57.550479800000005
58.43539129999997
59.32258969999998
60.21097609999998
61.0992734
61.98614510000004
62.87019529999996
63.74996869999999
64.62395059999997
65.49068569999999
66.34868900000001
67.19650520000002
68.03264930000003
68.85578479999997
69.66454549999997
70.4576543
71.2339232
71.99216420000002
72.73133779999998
73.452632
74.13674179999998
74.79914089999997
75.438968
76.05554000000001
76.64817380000001
77.21624569999997
77.75922109999999
78.2766545
78.76810040000001
79.23329150000002
79.6719902
80.0840777
80.46961340000001
80.8288349
81.1621877
81.47047369999997
81.7548512
82.01713189999998
82.2599888
82.48728289999997
82.70471659999998
82.9210811
83.07213529999999
83.14193029999998
83.1717788
83.16141350000001
83.11062650000001
83.0192693
82.88716369999999
82.71427999999997
82.50064789999999
82.24623769999998
81.9512276
81.6157364
81.24003139999998
80.82440959999998
80.36922739999997
79.8749006
79.34193409999999
78.7708922
78.16233919999998
77.5169879
76.83552139999999
76.1186822
75.36736129999998
74.58239030000001
73.7646899
72.9870845
72.0663251
71.11378670000002
70.1306573
69.1182437
68.07785269999998
67.0109396
65.91893000000002
64.803398
63.6659771
62.508360199999956
61.332359000000004
60.139814899999976
58.9326881
57.71302789999998
56.48294299999999
55.24472029999998
54.00058730000001
52.75300909999998
51.50442109999998
50.25734779999999
49.01446219999998
47.77843730000001
46.551975800000015
45.337899199999995
44.13896960000002
42.95806789999997
41.79798589999999
40.66154510000001
39.551566999999984
38.470813699999994
37.421898800000015
36.40749529999998
35.43012770000001
34.49217200000001
33.5959151
32.74352509999998
31.936962199999982
31.178127199999995
30.468623899999997
29.80993729999997
29.203314799999966
28.649855299999995
28.15039039999998
27.705514099999995
27.315642199999996
26.980893499999972
26.701149199999982
26.38897249999999
26.153421799999975
26.072964500000012
26.114663299999993
26.260074499999977
26.497852699999985
26.820394700000016
27.222265400000026
27.699217700000023
28.24774699999999
28.864764500000007
29.547359599999982
30.292859299999964
31.098501500000005
31.961524100000016
32.879135300000016
33.84848390000002
34.866540499999985
35.93024600000001
37.03648189999999
38.18189209999999
39.363209600000005
40.576929799999995
41.81960749999998
43.087619299999986
44.377430899999986
45.685359500000004
47.00781139999999
48.34107409999998
49.68161329999996
51.025805600000005
52.370116700000004
53.711071699999984
55.0453442
56.36963749999998
57.68074399999999
58.97569369999998
60.251516600000016
61.50551000000001
62.735030599999995
63.93770240000001
65.11123850000001
66.25353020000003
67.36270639999998
68.4370445
69.47497040000003
70.47514759999999
71.4364178
72.3577712
73.24413799999999
74.06718440000002
74.8489478
75.58922030000001
76.28797220000001
76.945352
77.56168640000001
78.13745059999997
78.6733871
79.17032750000001
79.62934099999997
80.05170469999999
80.43884419999999
80.79242269999996
81.11437070000001
81.4067672
81.6720179
81.91276609999998
82.1319521
82.3327538
82.51867579999997
82.68594619999998
82.7513159
82.7837483
82.78529269999997
82.75805779999997
82.70412259999996
82.62559580000001
82.52455639999998
82.40311309999997
82.26337460000002
82.10733079999999
81.93706070000002
81.75458389999996
81.56183089999998
81.36076189999997
81.15324799999999
80.9410712
80.72598380000002
80.50967870000002
80.29370029999997
80.07959299999996
79.86875270000003
79.66248620000002
79.46195180000001
79.26827809999999
79.08238580000003
78.9051956
78.73739060000001
78.57959450000001
78.43228250000003
78.29587039999998
78.17056609999997
78.05651809999998
77.95372639999998
77.8620722
77.78128819999999
77.71104769999998
77.65084579999998
77.6000885
77.5580927
77.5240268
77.49697009999998
77.47591279999997
77.45975599999998
77.44734139999997
77.43742159999998
77.4287195
77.41992829999997
77.40962239999999
77.39649499999999
77.37915020000001
77.3562218
77.32637330000003
77.28835729999997
77.24092639999999
77.18292229999999
77.11324609999998
77.03088799999998
76.93492729999998
76.8245918
76.69913900000002
76.5580046
76.40065399999999
76.22673079999998
76.03593799999999
75.82812709999999
75.60320899999996
75.36118370000001
75.10219969999999
74.82646489999999
74.53427630000002
74.22599029999999
73.90205239999999
73.56296750000003
73.20927019999999
72.86834389999999
72.47401699999996
72.0663251
71.64589190000001
71.21348960000002
70.7697122
70.31533189999999
69.85091299999996
69.37713860000001
68.894573
68.4037805
67.90523629999997
67.39941559999998
66.8867639
66.3676079
65.8422743
65.31108979999996
64.77426229999999
64.2320294
63.68456929999999
63.13208989999999
62.57476940000002
62.01275629999999
61.446317900000004
60.875662099999964
