0.0
0.0
0.0
0.0
0.0
0.0
0.0
0.0
0.0
0.0
0.0
0.0
0.0
0.0
0.0
0.0
0.0
0.0
0.0
0.0
0.0
0.0
0.0
0.0
0.0
0.0
0.0
0.0
0.0
0.0
0.0
0.0
0.0
0.0
0.0
0.0
0.0
0.0
0.0
0.0
0.0
0.0
0.0
0.0
0.0
0.0
0.0
0.0
0.0
0.0
0.0
0.0
0.0
0.0
0.0
0.0
0.0
0.0
0.0
0.0
0.0
0.0
0.0
0.0
0.0
0.0
0.0
0.0
0.0
0.0
0.0
0.0
0.0
0.0
0.0
0.0
0.0
0.0
0.0
0.0
0.0
0.0
0.0
0.0
0.0
0.0
0.0
0.0
0.0
0.0
0.0
0.0
0.0
0.0
0.0
0.0
0.0
0.0
0.0
0.0
0.0
0.0
0.0
0.0
0.0
0.0
0.0
0.0
0.0
0.0
0.0
0.0
0.0
0.0
0.0
0.0
0.0
0.0
0.0
0.0
0.0
0.0
0.0
0.0
0.0
0.0
0.0
0.0
0.0
0.0
0.0
0.0
0.0
0.0
0.0
0.0
0.0
0.0
0.0
0.0
0.0
0.0
0.0
0.0
0.0
0.0
0.0
0.0
0.0
0.0
0.0
0.0
0.0
0.0
0.0
0.0
0.0
0.0
0.0
0.0
0.0
0.0
0.0
0.0
0.0
0.0
0.0
0.0
0.0
0.0
0.0
0.0
0.0
0.0
0.0
0.0
0.0
0.0
0.0
0.0
0.0
0.0
0.0
0.0
0.0
0.0
0.0
0.0
0.0
0.0
0.0
0.0
0.0
0.0
0.0
0.0
0.0
0.0
0.0
0.0
0.0
0.0
0.0
0.0
0.0
0.0
0.0
0.0
0.0
0.0
0.0
0.0
0.0
0.0
0.0
0.0
0.0
0.0
0.0
0.0
0.0
0.0
0.0
0.0
0.0
0.0
0.0
0.0
0.0
0.0
0.0
0.0
0.0
0.0
0.0
0.0
0.0
0.47247915000002194
1.5249729000000167
2.5441432500000047
3.5286537000000067
4.477256850000007
5.388928050000027
6.262598100000016
7.0974205500000185
7.8927716999999955
8.648027850000005
9.362832600000024
10.037007749999999
10.67064239999999
11.2640484
11.81789400000002
12.333337500000006
12.81207180000002
13.256547150000017
13.670327549999989
14.058580799999994
14.42901405000001
14.793254850000023
15.169969650000004
15.590744400000016
16.06373175000001
16.308444900000005
16.49020890000002
16.610493900000026
16.67081460000002
16.672596599999984
16.617310050000007
16.50646965000002
16.341590100000012
16.124230649999998
15.85590600000001
15.538264500000006
15.17299905000002
14.761757999999997
14.306234250000006
13.808254350000023
13.269555749999999
12.692054100000004
12.077531400000034
11.427858750000018
10.74504090000002
10.030904399999992
9.287409450000013
8.5164717
7.720051349999997
6.900019500000006
6.058291799999996
5.1967393499999925
4.317188700000006
3.42142185000003
2.511265350000017
1.5883675500000065
0.6544213500000067
0.0
0.0
0.0
0.0
0.0
0.0
