26.564737099999984
25.97088559999998
25.37341069999997
24.774658700000014
24.177005600000026
23.58285709999997
22.99452979999999
22.414251199999992
21.844248800000003
21.28663130000002
20.74341830000001
20.21651059999998
19.707749600000017
19.21879850000001
18.751261100000004
18.306592699999953
17.886070399999976
17.4909713
17.12230520000002
16.781081899999972
16.46813299999999
16.184171299999967
15.929820499999973
15.705615200000008
15.51188210000001
15.348977600000007
15.217079899999964
15.045205999999984
14.921446099999994
14.860056200000006
14.853581599999977
14.8964684
14.984410099999973
15.113902100000008
15.28191499999999
15.485864899999983
15.723316399999973
15.992042000000014
16.289903300000013
16.614880700000015
16.96495459999996
17.338135099999985
17.732491699999976
18.146064199999987
18.57695180000001
19.0231646
19.482890899999976
19.954140799999973
20.43513229999999
20.924023999999978
21.41897449999999
21.918261199999986
22.420161499999967
22.923041900000005
23.42532830000003
23.9254763
24.42206029999998
24.91374379999997
25.39919029999996
25.87730089999999
26.34691729999998
26.807089100000013
27.2568956
27.695534899999995
28.12229419999997
28.536609199999962
28.937915599999968
29.325797600000012
29.6999285
30.060041000000012
30.406016299999965
30.737705899999984
31.055109799999983
31.358287399999984
31.647327799999978
31.922409199999965
32.18368010000001
32.431467199999986
32.665978400000014
32.887599800000004
33.09659869999999
33.29339089999999
33.47833279999999
33.65181049999997
33.81421009999998
33.96600680000001
34.1075867
34.239484399999995
34.362204799999994
34.47634190000001
34.582549099999994
34.681598599999994
34.77438139999998
34.861966699999975
34.94551279999998
35.02635620000002
35.10607100000001
35.18629069999997
35.268856699999965
35.355729199999985
35.4489872
35.5507097
35.6630648
35.78822060000001
35.92828580000002
36.0853691
36.261490100000024
36.45857930000003
36.678448399999965
36.92284970000001
37.19335729999999
37.49148589999999
37.81857199999998
38.17589269999999
38.564517199999976
38.985484999999976
39.43962769999999
39.927687799999966
40.45025930000001
41.00787679999999
41.60083730000001
42.22937840000001
42.89358919999998
43.59343999999999
44.32878229999999
45.09925969999997
45.90445639999999
46.74383779999997
47.61666139999998
48.52212529999996
49.45921969999998
50.42684569999998
51.4237856
52.44861380000002
53.49984530000001
54.57584659999997
55.67483570000001
56.79494149999999
57.93414439999999
59.09033569999998
60.2612879
61.444684399999986
62.638149200000015
63.8391281
65.0451263
66.2534708
67.46151829999998
68.6665364
69.86582240000001
71.05658449999997
72.23606060000003
73.40279540000002
74.52943520000001
75.6365324
76.72144369999997
77.78167429999999
78.81475909999999
79.81835179999997
80.79016549999996
81.72806180000003
82.62999140000002
83.4941129
84.31867400000002
85.1020709
85.8429374
86.54005580000002
87.19253510000001
87.79966249999997
88.36108160000002
88.87688150000002
89.3476562
89.77474219999999
90.16042639999998
90.50859949999999
90.82549849999997
91.12139959999999
91.413707
91.69036250000002
91.80741020000004
91.85790019999997
91.84236709999999
91.76134549999998
91.61531059999996
91.40479699999999
91.13030960000002
90.79235329999999
90.39146269999996
89.92814270000002
89.40289819999998
88.81623409999997
88.1687147
87.46084489999997
86.69321870000002
85.8664004
84.980984
84.03762289999999
83.03697050000001
81.97976929999999
80.86679149999998
79.6988687
78.47686219999999
77.20178180000002
75.87463729999997
74.496587
73.00403329999999
71.51147959999999
70.01892589999999
68.3551319
66.6435506
64.88623129999999
63.08525300000002
61.242872899999995
59.361556100000016
57.44382709999999
55.492418299999976
53.51009179999997
51.49987699999998
49.464892400000004
47.40831590000003
45.333533300000006
43.24398980000003
41.14321969999999
39.03484640000002
36.92258239999997
34.810199600000004
32.7014402
30.600135499999997
28.510116799999995
26.435215399999983
24.379203200000013
22.345822400000007
20.338785499999965
18.36174559999999
16.418177600000003
14.511526700000003
12.645119299999985
10.822073900000015
9.045479300000016
7.318157
5.642839399999988
4.021991600000002
2.457959899999987
0.9528529999999767
0.0
0.0
0.0
0.0
0.0
0.0
0.0
0.0
0.0
0.0
0.0
0.0
0.0
0.0
0.0
0.0
0.0
0.0
0.0
0.0
0.0
0.0
0.0
0.0
0.0
0.0
0.0
0.0
0.0
0.0
0.0
0.0
0.0
0.0
0.0
0.0
0.0
0.0
0.0
0.0
0.0
0.0
0.0
0.49342369999997177
1.6668112999999931
2.8605730999999817
4.072719199999981
5.301319100000012
6.544471999999978
7.800247399999982
9.066803899999991
10.342329799999975
11.625013399999995
12.91307269999999
14.204725699999988
15.498249799999988
16.791922399999994
