0.0
0.0
0.0
0.0
0.0
0.0
0.0
0.0
0.0
0.0
0.0
0.0
0.0
0.0
0.0
0.0
0.0
0.0
0.0
0.0
0.0
0.0
0.0
0.0
0.0
0.0
0.0
0.0
0.0
0.0
0.0
0.0
0.0
2.2099302418860622
6.808222565403285
8.756584981331695
10.273239577921455
11.587200604384698
12.782610357005773
13.902242649313333
14.971415936859106
16.006341849470886
17.017936084258363
18.013622039897783
18.998376956857513
19.975345093244762
20.946303380592212
21.911893003671924
22.87184701620947
23.825127764191166
24.770119201271555
25.704570282584978
26.625928030229836
27.531238300198062
28.417308753345125
29.280718392758317
30.117919312276392
30.925291044843227
31.699220944920896
32.43608818686031
33.132360361712074
33.78462395318635
34.38957766005643
34.9440990945807
35.44523843498609
35.89024400072189
36.276591036867586
36.601942099567836
36.86421000659145
37.06150597286721
37.192179864535284
37.254790034942445
37.24810957807845
37.17112125282171
37.02296596155286
36.802939056352905
36.51048247994983
36.145093455760104
35.70631964157269
35.193679795118605
34.60663866968944
33.94476024241897
33.20615422429756
32.3903050051448
31.49482255679269
30.51690853994163
29.45118107598519
28.291472706702116
27.026617315845925
25.63874724803423
24.096168767642673
22.33499918939691
20.188708332874754
16.489235468146447
11.834140813915266
9.73537219725091
8.088836756722797
6.694947337539005
5.47590269989689
4.392263896884247
3.421172316279965
2.548333018231485
1.7643613558846891
1.0629211889552357
0.43963094622446985
0.0
0.0
0.0
0.0
0.0
0.0
0.0
0.0
0.0
0.0
0.0
0.0
0.0
0.0
0.0
0.363257152129022
1.032495451569687
1.8066120555658631
2.6992061579718554
3.731205853654551
4.93730331627683
6.382646594901777
8.221643757650213
11.203795955043686
16.050192917951648
18.21398172608106
19.990388134352052
21.58100068191184
23.059252050518467
24.461506386563514
25.808713418206928
27.114076910632896
28.3863845795033
29.63168382627635
30.854159418449854
32.05670756136094
33.24128023436957
34.40906535286463
35.56067829312433
36.69624626532011
37.81552279619098
38.91790198199718
40.00250399257669
41.068174096909345
42.11354985861435
43.13708960553097
44.137106660723795
45.11179942421872
46.059271719649935
46.97757517771148
47.8647011545425
48.718649129476724
49.53738010856708
50.31889647746564
51.061206456527216
51.762367443232634
52.42048727425628
53.03375862322484
53.600473859550675
54.11902446632141
54.58791986185208
55.00577263586389
55.37130416304383
55.68338063774306
55.940934737832315
56.143066423686186
56.288827423614705
56.37748887085627
56.40836145850733
56.38077481585077
56.294136422108394
56.14782556508932
55.94125432230875
55.67377842335996
55.34470722457505
54.95328480616784
54.49852529951066
53.43734979244766
52.840211478575114
52.17877019296036
51.4513381522178
50.655601143314186
49.78856122976571
48.84627458013908
47.82349312154889
46.71309684816405
45.5052129324432
44.185546452119944
42.73232715216083
41.10962365129089
39.24983803429359
36.990769278007434
33.51664551665639
27.885949813493035
25.480086280573076
23.596071514849935
21.980681179162065
20.539217318778366
19.224143374090534
18.007990930543546
16.87349745763612
15.80930521370411
14.807733736918024
13.863549722978915
12.973185902986426
12.134297563658414
11.345418051568279
10.605786778643338
9.915169263501653
9.273769695798649
8.682091790665643
8.140947852234074
7.651370259546313
7.214559225014931
6.831928098993739
6.073623610859755
5.3225516127347
4.5783611644523745
4.4418073949332015
4.376011563899288
4.38300035579514
4.464814396052865
4.623590579880615
4.8615894744806365
5.181228537319344
5.585209660985189
6.076619941015408
6.659072360818223
7.337007283719554
8.11601045352854
9.003416969105192
10.00922293699358
11.147705962566734
12.440360352185785
13.922025088951585
15.655540261396151
17.777537626552224
20.747180123974324
27.20529287549053
30.16894635346435
32.43660835358592
34.40367862211512
36.18860981154572
37.84587184122698
39.405496838725576
40.88573186183497
42.298224091780675
43.650626731761356
44.947944786283635
46.193317478408275
47.388536899817794
48.53435767654322
49.63075859514869
50.6770064959515
51.671898362279265
52.613773585184155
53.500621434801275
54.33008501990538
55.0995567687007
55.806223076315106
56.44711388225281
57.01914853412481
57.519219973255005
57.316528910811925
57.62037934287095
57.84304065327973
57.98204235197598
58.035117922394335
58.000237681913966
57.875605182072334
57.659700320140104
57.35128690761704
56.94935839691034
56.45321044623658
55.86246598867154
55.17690824399006
54.396597406751425
53.52179654638411
52.55288643731559
51.49030224807112
50.3343550980927
49.08487783934039
47.74073179905046
46.298698552465346
44.751234206848025
43.08112503339454
41.24645657001435
39.12083128093395
35.68623112829461
31.757808925332093
30.184423844763757
29.131903774975395
28.42548026566741
28.002972982069245
27.84034235659045
