0.0
0.0
0.0
0.0
0.0
0.0
0.0
0.0
0.0
0.0
0.0
3.0607213999999896
6.318395600000011
9.489523999999994
12.570691099999996
15.559134799999983
18.452776099999973
21.249951799999984
23.949711500000014
26.55152060000001
29.055587000000006
31.462534399999992
33.773521100000025
35.99012119999998
38.11438400000001
40.14865580000001
42.09566899999998
43.95836390000001
45.739918400000015
47.44371829999999
49.07317910000001
50.631864799999974
52.12330969999999
53.55107780000002
54.91864399999997
56.22936439999998
57.486565399999975
58.69330609999999
59.85258619999996
60.96716779999998
62.03957539999998
63.072214699999975
64.06716469999999
65.02641530000001
65.95160000000001
66.8442038
67.70556319999999
68.53671770000003
69.33852859999998
70.11176809999999
70.8569411
71.57449309999997
72.2646914
72.92774390000002
73.56412579999997
74.16076910000002
74.73068240000002
75.27383600000002
75.79025960000001
76.27992349999998
76.74291680000002
77.17935829999999
77.5894559
77.97350660000001
78.3319559
78.66530870000001
78.97421839999997
79.25948689999997
79.52203490000001
79.76281279999999
79.98297889999998
80.1836618
80.36601980000002
80.5312409
80.6803349
80.81416309999997
80.92687459999998
80.9693753
80.98977920000002
80.98983859999998
80.97127609999997
80.93596279999998
80.88571040000004
80.8223603
80.7477539
80.66376229999997
80.57213779999998
80.47469210000003
80.37305870000002
80.2689008
80.16379249999997
80.05915939999998
79.95636770000002
79.85669449999999
79.76132779999999
79.67124770000001
79.58740459999999
79.51063009999997
79.4415479
79.38072229999997
79.32856909999997
79.2853556
79.2511709
79.2225995
79.18704859999998
79.16397169999998
79.1525966
79.15203229999997
79.1613878
79.1796236
79.20578929999999
79.2389048
79.2781385
79.32271820000001
79.3721687
79.4262821
79.45918969999998
79.4810786
79.495691
79.50109640000004
79.49542369999999
79.47671269999996
79.44312199999999
79.39272110000002
79.32372800000003
79.23436069999998
79.12301539999997
78.98808829999997
78.82812410000001
78.64184570000003
78.4280651
78.1857131
77.91386899999999
77.6117903
77.2788533
76.9145531
76.51856300000001
76.09067509999998
75.63083
75.1390574
74.61553549999998
74.06059099999996
73.47466939999998
72.90921110000001
72.23704070000001
71.53401199999999
70.80107539999999
70.03927039999998
69.24978500000002
68.43383689999999
67.5927923
66.72807680000003
65.8412051
64.93378099999997
64.0074677
63.06398779999999
62.10512329999998
61.13271559999998
60.14866549999999
59.15490350000001
58.153330399999994
57.14599549999996
56.134859
55.121970200000014
54.1093487
53.099014099999984
52.0930157
51.0933434
50.10201679999999
49.121025800000005
48.15227119999998
47.19765379999997
46.25907439999999
45.338285299999995
44.43706850000001
43.5570575
42.699826400000006
41.866978999999986
41.059851800000025
40.279810999999974
39.52807429999999
38.80579999999996
38.11393849999999
37.453469899999995
36.82510699999997
36.229503199999996
35.66719309999996
35.13862219999999
34.6439984
34.18347019999998
33.75712669999997
33.364819399999995
33.0063404
32.681363
32.38947139999999
32.130071599999994
31.902569600000003
31.7061635
31.539992000000012
31.403134400000003
31.294491799999957
31.198174699999985
31.086472999999984
31.01863820000002
30.98777990000001
30.988581800000013
31.01664829999998
31.068237199999974
31.140170600000015
31.229656700000014
31.33414130000001
31.4513969
31.579344500000005
31.716142700000002
31.86003920000001
32.00948959999997
32.16306829999996
32.31952790000003
32.47768039999996
32.63654569999999
32.795173399999996
32.9528804
33.108924199999976
33.262829599999996
33.4141511
33.56259170000001
33.7080029
33.85026589999999
33.98946979999999
34.12585220000002
34.25973980000001
34.3916078
34.52210959999997
34.65201739999997
34.7822816
34.914001099999986
35.04833419999999
35.1866471
35.33030599999998
35.4807662
35.63951269999999
35.80803050000001
35.98771550000002
36.179933899999966
36.38593310000001
36.60684169999999
36.843639799999984
37.097099599999986
37.36781509999999
37.65620210000002
37.962409099999974
38.28643610000001
38.627897000000004
38.986376
39.36101180000002
39.750824300000005
40.15459579999999
40.570781899999986
40.99771939999998
41.433477799999984
41.87585929999998
42.322577
42.77113609999998
43.21889329999999
43.66308650000002
44.1008942
44.52952459999998
44.9461562
45.34820509999998
45.73326560000001
46.099407199999995
46.44535279999998
46.771013299999986
47.07790339999999
47.370567200000025
47.658479
47.96070619999999
48.26418079999996
48.409384100000004
48.494712199999995
48.51657139999997
48.471902600000014
48.358092200000016
48.173090900000005
47.91541369999997
47.584110200000026
47.178913099999974
46.70011940000003
46.14867950000002
45.526197200000006
44.83492970000002
44.077787600000015
43.25830520000001
42.380729600000016
41.44984249999998
40.4709602
39.450022699999955
38.3933264
37.3076429
36.199951699999986
