0.0
0.0
0.0
0.0
1.3512724499999937
3.404537399999989
5.45379285000001
7.496053949999997
9.528113100000004
11.546673600000032
13.54826055000002
15.529265400000028
17.485990499999993
19.414649100000005
21.311320800000026
23.172085200000016
24.99297735000001
26.76998775
28.49928510000001
30.17694900000003
31.799237250000004
33.362585850000016
34.86351990000003
36.298831800000016
37.66553670000003
38.96100615
40.18292355000002
41.329328700000005
42.39875145000002
43.39038990000001
44.30406585
45.140403000000006
45.901450650000015
46.590772800000025
47.21478464999999
47.78408910000002
48.31739715000003
48.8490123
49.45008089999999
50.29537260000001
50.81629575000002
51.14471835000002
51.34666349999999
51.43126395
51.40631595000001
51.27890295
51.05521740000001
50.741095350000016
50.3122125
49.88332965000001
49.45444679999999
48.77880150000003
48.0262629
47.20146420000001
46.308994049999995
45.35348565000003
44.33943854999998
43.271307750000005
42.15341460000002
40.990080450000015
39.785537549999994
38.54388450000002
37.2691308
35.96519685
34.63582485000003
33.2846679
31.915200900000002
30.53085420000002
29.134746300000014
27.729951149999998
26.319409050000033
24.905793
23.491776000000005
22.079719199999996
20.672028300000015
19.270841700000005
17.87820869999999
16.496089500000018
15.126310650000011
13.77065415000002
12.430812900000017
11.108435250000017
9.805035900000028
8.522174100000004
7.261320000000001
6.0239882999999965
4.811560050000013
3.625460849999999
2.4671608500000395
1.3379965500000193
0.23939355000001555
0.0
0.0
0.0
0.0
0.0
0.0
0.0
0.0
0.0
0.0
0.0
0.0
0.0
0.0
0.0
0.0
0.0
0.0
0.0
0.0
0.0
0.0
0.0
0.0
0.0
0.0
0.0
0.0
0.0
0.0
0.0
0.0
0.0
0.0
0.0
0.0
0.0
0.0
0.0
0.0
0.0
0.0
0.0
0.0
0.0
0.0
0.0
0.0
0.0
0.0
0.0
0.0
0.0
0.006040650000018105
0.49845180000000766
0.9705481500000348
1.421706
1.8515244000000006
2.2598697000000185
2.6466973500000153
3.0124083000000206
3.357626250000007
3.6832422000000076
3.9905926500000075
4.281459600000028
4.558204199999997
4.823944950000018
5.082780450000001
5.34014579999999
5.603569950000036
5.883477600000029
6.093219000000003
6.211098300000003
6.296500650000015
6.350183399999992
6.373082100000012
6.36595410000003
6.329734950000024
6.265226550000028
6.173230800000013
6.054683250000021
5.910252150000011
5.740828500000017
5.547125100000006
5.329854750000016
5.0897302499999935
4.8274644000000295
4.543680900000011
4.2390034500000064
3.914100300000006
3.56941695000003
3.2056216500000003
2.823204450000015
2.4226108500000145
2.0043754500000226
1.5688546500000173
1.1165384999999988
0.6477834000000193
0.1630348500000281
0.0
0.0
0.0
0.0
0.0
0.0
0.0
0.0
0.0
0.0
0.0
0.0
0.0
0.0
0.0
0.0
0.0
0.0
0.0
0.0
0.0
0.0
0.0
0.0
0.0
0.0
0.0
0.0
0.0
0.0
0.0
0.0
0.0
0.0
0.0
0.0
0.0
0.0
0.0
0.0
0.0
0.0
0.0
0.0
0.0
0.0
0.0
0.0
0.0
0.0
0.0
0.0
0.0
0.0
0.0
0.0
0.0
0.0
0.0
0.0
0.0
0.0
0.0
0.0
0.0
0.0
0.0
0.0
0.0
0.0
0.0
0.0
0.0
0.0
0.0
0.0
0.0
0.0
0.0
0.0
0.0
0.0
0.0
0.0
0.0
0.0
0.0
0.0
0.0
0.0
0.0
0.0
0.0
0.0
0.0
0.0
0.0
0.0
0.0
0.0
0.0
0.0
0.0
0.0
0.0
0.0
0.0
0.0
0.0
0.0
