11.486808228203785
11.562339039995807
11.647231016513254
11.741186045935505
11.843559548322387
11.953431049767463
12.06966214132904
12.1909147389541
12.315763933718795
12.442660157938779
12.570090071762525
12.696496262440228
12.820415677143016
12.940464966659018
13.055362579173346
13.163972249719695
13.265303900858346
13.358528018176123
13.44294857522036
13.518072846532567
13.583534036335752
13.63915984188818
13.684932429381435
13.721032089559873
13.74776745912813
13.765632320183279
13.775258139044396
13.777434878897093
13.7730944848971
13.763327803880436
13.749349232588859
13.73246435346832
13.714104548452433
13.695786925201904
13.679082110367602
13.665617951935065
13.657027324982304
13.654983717136393
13.661105092350834
13.676964660913157
13.704058825027461
13.743825900970155
13.797563292929107
13.866470764303145
13.951603754447891
14.053847298231275
14.17394236182378
14.312497760052683
14.469929532670907
14.646489293940608
14.84224451666687
15.057120450418711
15.290863373097237
15.543138710726094
15.813489921432854
16.10140668430551
16.406288361011434
16.72749919271454
17.06435457265818
17.41612859791485
17.782084918105408
18.16147090122537
18.553509596504092
18.957398416303256
19.3724201240799
19.797717739071416
20.232566114105254
20.676190523094228
21.12779083015409
21.586600011197746
22.05180811068797
22.522597742794908
22.998149422525177
23.47762474046929
23.960145712354553
24.444822703411976
24.930749563819745
25.416986203369305
25.90255676194549
26.38646417693876
26.86766740252242
27.345116429077045
27.81776432521624
28.284542411116988
28.7443642594972
29.196156462717973
29.638857337772365
30.071395205686642
30.492746486901076
30.901890197912167
31.297883225832727
31.679788900806535
32.046748608765235
32.39790730329837
32.732482013219375
33.04969258055945
33.34880387686141
33.62907932463137
33.889822116131356
34.130330862231645
34.34992990934935
34.547952409513556
34.72374799252467
34.87700189065456
35.00617511196505
35.1115955654101
35.192404903608036
35.24805340304383
35.27800507940832
35.28175646681729
35.25882823302255
35.20871535156502
35.13097145386425
35.025125450225616
34.89071403386401
34.72729041573372
34.53439779741317
34.31154281950713
34.05822187344689
33.77384419436504
33.45780647257319
33.10939184069665
32.72779412631156
32.312086652304465
31.86122159942036
31.373923240696584
30.848657907147214
30.283533542689938
29.676113790397842
29.02320638730464
28.320493011229317
27.561917128149258
26.738587617704894
25.836812242421203
24.83351718955199
23.68451795671138
22.28194820882742
20.074930982038904
16.54130269871117
15.01348949251628
13.810542420838363
12.776770329383044
11.853453244621967
11.010859153945306
10.231571715296337
9.504394047492788
8.821738971732074
8.178179919217158
7.5697153362029805
6.993306825406778
6.44662635210061
5.927834965597899
5.435428888397984
4.968195207712663
4.5251201685040865
4.105324301238947
3.7080588374154764
3.3326303450580363
2.9784325239458784
2.6449108775453354
2.3315590141134543
2.0379359998951614
1.7636508584937167
1.5083261213852222
1.2716557455765054
1.0533238269536764
0.8530517836171931
0.6705794207092538
0.5056814060217436
0.35814973208531453
0.22782465761134174
0.11456239471334811
0.018228987112072444
0.0
0.0
0.0
0.0
0.0
0.0
0.0
0.0
0.0
0.0
0.055757458468101505
0.1573340794349133
0.27495569645928525
0.4085145058183298
0.5579501258657944
0.7231830360228719
0.9041877337838582
1.1008984767389858
1.3133341347487
1.5414779647988621
1.7854106326292185
2.0452249535607643
2.3211021410019588
2.613262047098019
2.9220050768133765
3.247748225053365
3.591000371911703
3.952447289547556
4.333003860229045
4.733846805155897
5.156539055090175
5.603179768166713
6.076526933282453
6.580413603808692
7.120329492618698
7.70444643577702
8.345981287203461
9.068540802193178
9.92331052835987
11.083268032637946
13.514728162455203
14.600238378012673
15.40152921768681
16.074707464990574
16.668700467227268
17.206554958367935
17.701217372684294
18.160729584819457
18.590416306527235
18.994002873766362
19.37412679446394
19.732766534589125
20.07137955919838
20.39106470687814
20.692640958376476
20.97669253296431
21.24363004854408
21.493709626784906
21.727090644105466
21.943801556639677
22.14379993792208
22.326960531770734
22.493112081024528
22.64198662826185
22.773330332887078
22.886809544744928
22.982094007416375
23.058835195440068
23.11665534736331
23.155187569718482
23.174046385354796
23.172831872373884
23.151134011310123
23.10851590743045
23.044525815256826
22.958639462979765
22.850357540795354
22.71908293627097
22.56417179585397
22.384909613117856
22.18049710192004
21.950013034660476
21.692380989450527
21.40635391444742
21.090360275983016
20.7424390768456
20.360006361675904
19.939511770326476
19.47592881244693
18.96163676450863
18.384432510627004
17.722368230973796
16.92870143144963
15.855404807986243
13.428967793892836
12.260540635761746
11.407951752113087
10.689519076324716
10.052667145639349
9.473348425900364
8.938298282994282
8.439295550865243
7.97096363433118
7.529500165505958
7.112250906854797
6.717217747390166
6.342964886674079
5.9883849152242945
5.6526565088294385
5.335147772564714
5.035367384280427
4.752928830535623
4.487517549698589
4.238861921396908
4.006697726321956
3.7907936572522045
3.590873255318782
3.406699772695789
3.2379786674692266
3.0844440057327356
2.9457742691139472
2.8216990126909822
2.71187809277332
2.616010228385487
2.533766157672519
2.464901655783914
2.409143770237324
