37.761075954887914
37.89029781150638
38.03771775219258
38.2024755074989
38.38288658255726
38.5765126145546
38.780215616876575
38.99028159161804
39.20250035740506
39.412284473752436
39.6147921716214
39.805015526472644
39.97785101327053
40.12824698917504
40.25117954913807
40.34178886667895
40.395343580229735
40.407345167429234
40.37345343353694
40.28956460099001
40.151705586284024
39.956041909747206
39.698769484419465
39.23582360691475
38.84492626810012
38.38052299112414
37.83690856121424
37.20664020948955
36.47931077149715
35.639123241802615
34.65965343944383
33.4900240451665
32.00362170386579
29.432906950420676
25.842213677903487
24.19187101365794
22.849473610596434
21.66690291059767
20.586975033879707
19.58046701186316
18.630093628187456
17.724624209863777
16.856260282499836
16.01932002060075
15.209487223886454
14.423361229498449
13.65823302217035
12.911807238718756
11.76714329229724
11.025571490632256
10.29823438214508
9.58414607982733
8.882540491870005
8.192851828926411
7.514701171516597
6.847866997289059
6.192323435394383
5.548209302203411
4.915830000493311
4.295671224427847
3.688364016299197
3.0947446547174104
2.515772649336427
1.9525933653041057
1.406486581985664
0.8788873431328011
0.37132536571289165
0.0
0.0
0.0
0.0
0.0
0.0
0.0
0.0
0.0
0.0
0.0
0.0
0.0
0.0
0.0
0.0
0.0
0.0
0.0
0.0
0.0
0.0
0.0
0.0
0.0
0.0
0.5043876089860919
1.219312728218606
2.0015241500707703
2.8565618217450854
3.7925985572736978
4.822238295351872
5.966071887294712
7.260908482758882
8.783736218455944
10.760931229446298
15.270293729247882
17.58648639038922
19.18818341150563
20.515875147491226
21.680642247850074
22.731420630459322
23.694928793396212
24.587747499995327
25.420959255386453
26.202466135980178
26.93812734666448
27.632489227760452
28.289150253746598
28.91105985609576
29.500684215288658
30.0601320006039
30.59120460162293
31.095498354401006
31.574417770948095
32.029228271678065
32.46106777261448
32.87095137023136
33.25982484772547
33.628524826434116
33.97779439557185
34.30831501140004
34.62067386919596
34.91538957520238
35.19289309524097
35.45355310987805
35.697663498652254
35.92545295362093
36.1370691532609
36.332620619814556
36.512130576118196
36.67558373353114
36.82292288300342
36.95401405113222
37.068714796837206
37.166805362793184
37.2480577725645
37.312205959511594
37.358953823068596
37.38798493861223
37.398980007336995
37.3915977936371
37.365515099138214
37.32039495232441
37.25587615406754
37.17163106559817
37.06730001678234
36.9425239016838
36.79694090459669
36.63018142322363
36.441898232118945
36.23172076999711
35.99928357737514
35.74421150002239
35.46609067440662
35.16445177197071
34.83877440744189
34.48844511607829
34.11271167502908
33.71068779494717
33.28121900105013
32.822857744666386
32.3336510291776
31.810963763460997
31.251147223439713
30.64891275795921
29.996299808705132
29.28052273009612
28.478956615063662
27.544522812553105
26.339330163197097
23.569792430189008
22.118744974282464
21.122904036038072
20.303046508753283
19.587688945228646
18.945044191814194
18.35770762991677
17.81501836322668
17.309967863398256
16.837709097811963
16.394827161851712
15.978889569909464
15.588138997747096
15.221358625563804
14.8777115783794
14.55668396271791
14.258012622716281
13.98163023146784
13.727633197646623
13.496270711464966
13.287887020214045
13.102941179399572
12.941962114773828
12.805549543540106
12.694357961807661
12.609093415410044
12.550492802906385
12.51931078233249
12.516348555926387
12.542407301328286
12.598326364118156
12.68497457675368
12.803268180556444
12.954192999150013
13.138814287182305
13.358348848716437
13.614166435498412
13.90792317966781
14.241630690995148
14.617835099692797
15.039879304203733
15.512288584679773
16.041545619311652
16.63738204884166
17.315663138171875
18.10523596298017
19.070286257301902
20.444963549582532
23.225287442356905
24.450975643782296
25.387973499209785
26.189858936403436
26.906386368895756
27.560806922474445
28.165834297294133
28.729092953270555
29.25534141181279
29.74766181715628
30.207982242312077
30.637501332405463
31.036870596880263
31.40635293497634
31.74590004019972
32.055222613016156
32.33384712126812
32.581136100585255
32.79629700918332
32.97840880034709
33.126401718715286
33.23910773729368
33.315226421443775
33.353359992998
33.352001995081096
33.30953214839993
33.224153351005874
33.09391941874555
32.91663028795111
32.68976425848994
32.41037530590273
32.074899567506264
31.678907018908
31.216616812990196
30.68020802939193
30.058352350698893
29.33335383459533
28.474358984862597
27.416655470356233
25.95945016762661
22.56683945013577
20.877874444003588
19.62790257502152
18.554813019275564
17.58557795877552
16.68773783615422
15.84392383977075
15.043855483485618
14.281060563512419
13.551317616551426
12.85177388765379
12.180489251742856
11.536082380159103
10.917549724829057
10.324111113504594
9.755132336302797
9.21003011421598
8.688229681617447
8.18914256436324
7.712126255690633
7.2565134499386525
6.821571719104411
6.406540181423679
6.01063290114917
5.6330552658723585
5.273028505628429
4.9298082213829915
4.6027132700633775
4.2911442262409105
3.9946018349922725
3.7127209479089833
3.445274680778348
3.192173435782895
2.9534876670601897
