58.71234379999999
58.79978060000003
58.9096706
59.042251400000005
59.198117
59.27913859999999
59.34210260000001
59.38005919999998
59.386355599999995
59.35508149999998
59.28080179999996
59.158883299999964
58.98537590000001
58.757071999999965
58.471447100000006
58.1266301
57.72137360000002
57.255053900000014
56.72755220000001
56.139284300000014
55.491081799999975
54.784192100000006
54.020248699999996
53.2011821
52.329219799999976
51.406886300000004
50.4368843
49.42215409999999
48.36575479999996
47.27092369999997
46.1410466
44.97956870000001
43.790024300000006
42.576066499999975
41.34131869999998
40.089463699999996
38.82418429999997
37.549222699999994
36.268202299999956
34.984805900000005
33.70259750000001
32.42520049999998
31.156060099999998
29.898621500000015
28.656240799999996
27.432125599999996
26.229453800000005
25.05122510000001
23.90043919999999
22.779828500000004
21.692065999999983
20.63973560000002
19.62518359999998
18.650696899999993
17.718295099999985
16.829938399999985
15.9873494
15.19216159999999
14.445711500000002
13.749305899999987
13.103954600000014
12.510489200000006
11.9696819
11.481948499999998
11.04764539999999
10.666891400000011
10.339627100000003
10.065614899999973
9.813729200000003
9.53838049999997
9.416165000000007
9.412214899999977
9.507046999999984
9.688632799999969
9.948893900000023
10.282068499999967
10.683760999999965
11.150377699999973
11.678800099999973
12.26623640000001
12.910102699999976
13.607904200000013
14.35717580000001
15.155541499999975
16.000506499999997
16.889635399999985
17.82043339999999
18.790286899999984
19.79661200000003
20.8367357
21.907925599999995
23.00736020000001
24.132158600000015
25.27943989999998
26.44614499999999
27.62930389999999
28.825738700000024
30.032360600000004
31.245991700000012
32.46339469999999
33.68133229999997
34.89653750000001
36.10577299999997
37.30571239999998
38.49311839999998
39.664723999999985
40.81726220000001
41.9475848
43.05251390000002
44.128930999999994
45.1738364
46.18428979999997
47.15746970000001
48.090673400000014
48.98134669999999
49.82714329999998
50.62589509999998
51.3757607
52.0751957
52.72307150000002
53.31894259999999
53.86310600000001
54.35695760000001
54.80376439999997
55.20955550000001
55.5853199
55.95116450000002
56.34673879999997
56.6744486
56.830522099999975
56.90100020000003
56.88612049999999
56.786298800000004
56.602247899999995
56.3348588
55.98526009999999
55.55490709999997
55.045463000000005
54.45894740000001
53.79761749999998
53.064146300000026
52.26141469999998
51.39266
50.461475899999996
49.471753099999994
48.427709
47.33388769999999
46.19513029999999
45.01657489999997
43.803597200000006
42.56184019999998
41.29721419999999
40.015718600000014
38.723620100000005
37.427185400000006
36.1328594
34.8470573
33.576223999999996
32.32665590000001
31.104649400000014
29.91620389999998
28.767229699999987
27.663280700000016
26.609613800000005
25.6111295
24.67228280000002
23.797053500000008
22.988886800000017
22.250663600000024
21.584552
20.992036999999996
20.47380169999998
20.0296085
19.63373719999999
19.206710599999973
19.076832500000023
19.150904300000025
19.384197800000006
19.756101200000003
20.2536653
20.868098899999996
21.592571000000014
22.421349499999963
23.34902899999999
24.37044170000002
25.480330700000014
26.6732906
27.943708100000013
29.2858511
30.693631099999962
32.16084079999997
33.68106500000002
35.24774000000002
36.854183299999995
38.49356389999999
40.15908049999998
41.84390210000001
43.54119769999999
45.24425509999999
46.94645119999996
48.64137079999999
50.322717500000024
51.984491899999995
53.62090250000003
55.22651419999998
56.79615920000001
58.325055799999966
59.808719299999964
61.24316990000001
62.62466539999999
63.95002790000001
65.21640620000001
66.4213649
67.56294379999997
68.6395688
69.65014099999996
70.5939773
71.47084009999999
72.2810264
73.02524899999999
73.70240899999997
74.30674460000002
74.85168019999998
75.34051250000003
75.7777559
76.16929099999999
76.52316649999996
76.85063869999999
77.16825049999997
77.50187060000002
77.6561918
77.73421369999998
77.74784600000001
77.70080119999997
77.59661359999998
77.43875809999999
77.23062050000003
76.97549749999999
76.67656699999998
76.33697719999999
75.95969810000003
75.54772940000001
75.10386289999997
74.63089039999996
74.13142549999999
73.60802239999998
73.1142302
72.52804129999997
71.92385420000002
71.3039558
70.67045479999997
70.02531140000004
69.37033729999999
68.70719569999999
68.03743100000003
67.36240939999996
66.6833189
66.001199
65.31697039999997
64.63134590000001
63.94488979999998
63.258047600000005
62.57105689999998
61.88403649999999
61.196986399999986
60.50972839999997
59.821906100000014
59.13313340000003
58.44287570000002
57.750420199999986
57.05508379999998
56.355945799999986
55.65214489999999
54.942700999999964
54.226544900000015
53.502637099999966
52.7699381
52.02728960000003
51.273711499999976
50.508104899999985
49.7294897
48.93694519999999
48.1296101
47.30668250000001
46.46753870000002
45.61161439999998
44.73849380000001
43.847939299999986
42.9398024
42.014112800000014
41.071167499999994
40.11126349999999
39.1350245
38.14313359999998
37.136511500000005
36.11616799999998
35.0832911
34.03915790000001
32.985253399999976
31.923092300000018
