20.108469368042403
19.919476329950303
19.68069157455517
19.392785491900774
19.057456983256067
18.67732964529375
18.255730550216157
17.79652318564551
17.303915974964244
16.78228389305573
16.236076375691887
15.669650314266262
15.08728951306454
14.493031743335887
13.890704130342934
13.283893721600814
12.675937121062585
12.069918098595814
11.468677647389951
10.87485447370737
10.290853096809165
9.718874689009056
9.160917977602075
8.618926848713944
8.094513364248064
7.264224750051522
6.443807969944305
5.963936178397435
5.508613119654138
5.079018633257269
4.6762229647502
4.301199463411199
3.9548257792048616
3.6379075077018523
3.3511367822886995
3.09515105884002
2.870479995667588
2.677604891824353
2.516925043010269
2.3888028093793174
2.293537806648119
2.231399453059826
2.202619216561659
2.2073989306167845
2.2459266988672515
2.318357945780128
2.424861692491072
2.5656133020326526
2.740800799135759
2.9506420322835925
3.1954024387628284
3.4754040039450844
3.791043907370747
4.142822203494729
4.531374622827161
4.957489957919122
5.422207198700976
5.926858606426013
6.473180447261641
7.063470483334445
7.700791524847477
8.389334452567947
9.134950479267669
9.946130656507963
10.835745799023666
11.824812062667155
12.95159767464773
14.300704562364498
16.173233354686182
19.98891036649407
21.66437110137676
22.927251435359455
23.99983810808583
24.95368969018671
25.822699400761845
26.62602548845678
27.37562973885917
28.079512752660932
28.743271605974098
29.37093476460611
29.965477019833493
30.5291386827765
31.06360692711767
31.570181723413334
32.049844006568385
32.50335097470416
32.93127641735479
33.33403964031544
33.71194783691085
34.06522317916316
34.394009878810714
34.69839810893088
34.97845744917782
35.23419493809483
35.46562388451336
35.67273286523017
35.85548098591378
36.01386139053346
36.14786129814099
36.25747010369729
36.34268188560727
36.40351030393838
36.43999168592808
36.45217004387772
36.440101322880835
36.403854654781746
36.34350279349937
36.25913582673322
36.150838718570725
36.01869737295459
35.86280731846184
35.68326885237425
35.480175364262244
35.2536410162245
35.00377047555115
34.73066552387664
34.43439974584427
34.1150441132948
33.772620082814186
33.407087784109
33.01831319987682
32.60604908139646
32.169850023483505
31.70899841961144
31.222351959191396
30.708164279307955
30.163651084785826
29.584427914982175
28.963206088955854
28.287047804289163
27.53026733928192
26.628698433554625
25.244745360946887
23.141376722548994
22.262579559246756
21.59788641731893
21.05291939049909
20.59172588586348
20.196116096369092
19.855475663588578
19.563149939023603
19.314745194323336
19.10730375100874
18.938831815117947
18.808018000584845
18.714087289818373
18.656675254543075
18.635777158085485
18.651742059449955
18.70527342871677
18.797436093780515
18.929743948196283
19.104279069680114
19.32389310994251
19.592568566330847
19.9159638808213
20.3025583317618
20.765969797291028
21.330578909598195
22.04961107622153
23.11225275935914
25.3445529441026
26.367462632616085
27.17496461797462
27.888521764969564
28.54704385854043
29.16855066219701
29.762876946862384
30.335855298192598
30.891130928294682
31.43105920768253
31.95711513255865
32.47021989222816
32.97089011213286
33.45933754233731
33.93558987859531
34.39949985378909
34.85081839247746
35.28920533252128
35.71426766738151
36.125550399383286
36.52257751505934
36.904831119437794
37.2718011115224
37.6229419153402
37.957731476022964
38.27563885677556
38.57616045939918
38.85880129819445
39.123107674479336
39.36865126740707
39.5950311458324
39.80187890075571
39.98887964554423
40.15573582555158
40.30221567721317
40.42813777591127
40.53333825029993
40.61776830004209
40.68134301142889
40.724075298914556
40.74600691950899
40.74721753322086
40.72784610250063
40.53346552362403
40.47112035329371
40.38909947222155
40.28769693564099
40.167245834938534
40.028095140720126
39.87065949875405
39.695358048909775
39.502665901536005
39.29308287696508
39.067131035282635
38.82536306378164
38.568352600511176
38.296690599099556
38.010973528829894
37.71180812356648
37.39981023680464
37.0755805257008
36.73973229173196
36.3928725729481
36.03555544392414
35.66827236532571
35.29142762679263
34.905224492117576
34.509622844275775
34.10414828323903
33.687688068779096
33.2579221964286
32.81102528603697
32.33858124046499
31.823351602362667
31.21684376820693
29.948970351124245
29.144691108591104
28.689286447084413
28.350626618628976
28.082489289061872
27.864295353510215
27.68403066855804
27.53353654738784
27.40656111702494
27.29792751123123
27.20308695722354
27.117873005359158
27.038386117784167
26.960903930412574
26.881897528672148
26.798036070541695
26.706248428116556
26.60377324040236
26.488200875936766
26.357526292330014
26.210177940191354
26.045028849981364
25.86138363354484
25.65895795167566
25.43780222481595
25.19831843258865
24.941158571819805
24.66722213702872
24.37757048254571
24.07342032105308
23.75606318506141
23.42687517100746
23.08722535028739
22.738489732699982
22.382003552435737
22.019069566448376
21.650923878444956
21.278756325202522
20.90370323730098
20.52681392649328
20.149097678781995
19.77148552819504
19.394878200184298
19.020102461508863
18.64795310826378
18.279164630658066
17.914469450834122
17.554554424309387
17.20010731841457
16.851821926312706
16.51037956364714
16.176490649305972
15.850883931516794
15.534300503560903
15.22749680212892
14.623808824877665
14.330771424671855
14.050543592607019
13.784057577808174
13.532277252357485
13.296152681721637
13.076640110945249
12.874630609195084
12.690988305279234
