3.0592606563270417
2.9434337415176617
2.773799719894041
2.551012339988713
2.2768188223696644
1.9538664073852012
1.585632745653252
1.1761554594329708
0.7299223932268342
0.251698729512907
0.0
0.0
0.0
0.0
0.0
0.0
0.0
0.0
0.0
0.0
0.0
0.0
0.0
0.0
0.0
0.0
0.0
0.0
0.0
0.0
0.0
0.0
0.0
0.0
0.0
0.0
0.0
0.0
0.0
0.0
0.0
0.0
0.0
0.0
0.0
0.0
0.0
0.0
0.0
0.0
0.0
0.0
0.0
0.0
0.0
0.0
0.0
0.0
0.0
0.0
0.0
0.0
0.0
0.0
0.0
0.0
0.0
0.0
0.0
0.0
0.0
0.0
0.0
0.15861030029195833
1.2331742578121112
2.6405074545541414
5.752993372113773
7.254961825277775
8.327200136499565
9.222712712496229
10.01311540447446
10.731102388170648
11.394766760445515
12.01523271998337
12.599753759072083
13.153297733878215
13.679287081555323
14.180114988252573
14.657429917709148
15.112328358397544
15.545477591566893
15.957232575263852
16.347690071142104
16.716793754556896
17.064310620794206
17.389907684211256
17.69321389501321
17.973773989064473
18.231139023769046
18.464855514411543
18.674503412877034
18.85964048479339
19.019929741996194
19.15507902248243
19.264809479683258
19.34893950258748
19.407315675470038
19.439821125979712
19.44642512853384
19.427114696413863
19.38193947214218
19.310975210836805
19.214297321657288
19.09202956101715
18.944259103970822
18.771086019418796
18.572555104842394
18.348666696479548
18.099273290074564
17.824177528018833
17.52296944720782
17.195092026271194
16.83972173518486
16.455765299952716
16.041713049912214
15.59552887245723
15.114411168197002
14.594414471810708
14.029870202044151
13.41222427110053
12.727722070826406
11.951830329154568
11.032765184326871
9.809332285718774
7.050966392027979
5.709194703312988
4.742363715971697
3.933139778184322
3.2197954409620526
2.5742730208268347
1.9811353072602185
1.4309991489991067
0.9177620483846738
0.4373362781845844
0.0
0.0
0.0
0.0
0.0
0.0
0.0
0.0
0.0
0.0
0.0
0.0
0.0
0.0
0.0
0.0
0.0
0.0
0.0
0.0
0.0
0.0
0.0
0.0
0.0
0.0
0.0
0.0
0.0
0.0
0.0
0.0
0.28942757123466434
0.9428301324396033
1.694126915729661
2.5851983816455855
3.7203700963170787
6.028172277470326
8.272733911834544
9.462956343490204
10.444757727582278
11.319144379332736
12.12628987653065
12.886998330999118
13.61364161451683
14.314260710834219
14.994437538379522
15.65813793854806
16.308338472080223
16.9473093988782
17.576799277785078
18.198144748007714
18.812394541891134
19.420346666533494
20.022610456026634
20.61965612616881
21.211831332586744
21.799375787473103
22.382452765917165
22.961184086685364
23.53553380468547
24.105459452905272
24.670812923443044
25.231388997635364
25.786929566313553
26.337105757082355
26.881547245773202
27.419851232416853
27.95159514662778
28.476289119548614
28.99344069124517
29.50252056992769
30.0029650281032
30.494189206688436
30.975569757810604
31.44647610428766
31.906208750484375
32.35406705493228
32.789300100139
33.211147609907094
33.61881496068085
34.011473213598045
34.38829611794955
34.74840447550513
35.09094026512966
35.4150230312664
35.719740451991115
36.004212611715765
36.26751681099833
36.50872995937124
36.7269044033815
36.92109786099807
37.09034849451507
37.23370289224119
37.350222329535775
37.4389469437228
37.49895021725666
37.529305965003815
37.52907082134627
37.49733553452498
37.43317855682825
37.33567373227798
37.20388683537864
37.036908871471944
36.83379901793509
36.59360934854766
36.31537037347414
35.998073015477054
35.64062883518265
35.24185532773044
34.80038931680932
34.31470429587868
33.782970559591355
33.20297595919732
32.57199869445068
31.88655074330729
31.142121000452462
30.33265717105495
29.44972572709704
28.481013106620324
27.40720324361613
26.19489563202843
24.77623875618424
22.960567021721605
18.690385551023205
16.20022277286648
14.550419029142498
13.188059522935387
11.988960192263983
10.899978174236312
9.892736006011909
8.950111439789666
8.061024709750654
7.217940261333995
6.41556698901411
5.65010819680924
4.918790642216154
4.219610194282712
3.5511398301706483
2.912341554498563
2.3025508348922075
1.7213802846445505
1.168620999443184
0.6442765703818054
0.14845712920085136
0.0
0.0
0.0
0.0
0.0
0.0
0.0
0.0
0.0
0.0
0.0
