34.02548364929439
34.02577287201598
33.985553242066466
33.90568297009214
33.787237921666076
33.63144366342382
33.43962916470191
33.21313268162862
32.953206153959805
32.66093321912966
32.33710512700838
31.98208904146226
31.5955846893718
31.176343233186536
30.721603816069592
30.22601929526556
29.679369077228895
29.060552427785943
28.315924532781345
27.15921412922044
25.40825002418656
24.670038260907305
24.108067709460766
23.644738670451574
23.250478840240593
22.91023725319259
22.615177862075463
22.35963550001973
22.139748167744788
21.95278682249898
21.79676444180623
21.670159769395728
21.571826411398117
21.500832615985217
21.456450847141305
21.438099987114583
21.44531922684579
21.477763588394488
21.535183370596982
21.617417359794707
21.724441783213543
21.85637158951484
22.013483505208313
22.19629280611597
22.40564467182858
22.642826399154547
22.909827046012698
23.209716952161333
23.54747325533269
23.931702547735117
24.379248342345154
24.931538009002026
25.79930817988557
27.153639751947907
27.733315968797832
28.182531681098062
28.55943539602983
28.885178738062695
29.16989285203986
29.419008969517183
29.63555200836471
29.821167217080557
29.97662064302152
30.10203774379369
30.197105709561303
30.26108493447438
30.29292009147021
30.291156106341898
30.253928893617804
30.17885996418831
30.06286459597575
29.901862253477145
29.690245417475804
29.41986260679222
29.077904585959814
28.64163708179581
28.06091358805815
27.142951251763236
25.278204696835548
24.406458306022824
23.689776673814745
23.040617208441553
22.4297833992041
21.843680045373908
21.27490084002985
20.719086900216162
20.173566170658898
19.636662195077097
19.10734822283234
18.585019997015618
18.069375475473386
17.56032668795246
17.057942670466858
16.56239388042826
16.073982655028647
15.593044106587008
15.120008034602714
14.655326370386405
14.199486928829057
13.753018319428673
13.316462473888764
12.890389460815152
12.475404875346447
12.07212469632012
11.68120294142102
11.303285595208362
10.939043832607675
10.589126200987192
10.25419330525971
9.934889020435607
9.631859128853183
9.345731406617947
9.077132252242132
8.826660073174194
8.594906976173052
8.382457208783274
8.189889175647929
8.017773621870123
7.866664032816182
7.737135197238092
7.6297302371028515
7.545013891268518
7.483549346122986
7.445920425393199
7.432748184592879
7.444658006495954
7.482321379588277
7.546431927233309
7.63773065407182
7.7569973453313
7.905078805083522
8.082870121652146
8.291376790622147
8.531704477439613
8.805133167040166
9.11311995935082
9.45741915554922
9.840129125364136
10.263855407725366
10.73190793802116
11.248575066435915
11.819641559977159
12.453185982410483
13.161134861696018
13.962395622087708
14.890455690648423
16.016929397619126
17.579124259002985
20.950654028544996
22.498250987987834
23.66693156523799
24.673111583605145
25.582862023953957
26.42675711362624
27.221778606422387
27.97839650515799
28.70352141678025
29.401928152459053
30.077003984892464
30.731230740257192
31.36640865261418
31.983888963213005
32.58465983197038
33.169433955523075
33.7387276156225
34.29287755855502
34.83207912922361
35.35642909118927
35.865910609547775
36.36043669795176
36.83985169306677
37.30393383447109
37.7524195418657
38.18500534200113
38.60135518563481
39.001107720617554
39.38385631346005
39.749209193874826
40.09676022376638
40.42607779065381
40.73674454041462
41.028343081900786
41.30044591109446
41.55261551672725
41.78443520891837
41.99548039278979
42.185344004175484
42.35363559244625
42.49995402803145
42.62392610133064
42.72520978406018
42.80345459188122
42.85835308608511
42.889609210343394
42.89695159142383
42.880111311554735
42.83884903630841
42.77293565490936
42.68215482073345
42.566335016712635
42.42526376820092
42.25878674704397
42.06674404562474
41.848991925162046
41.44064334529895
41.17037708370379
40.874445653605065
40.55269309034281
40.20495175152454
39.83097074056535
39.43043267490149
39.00285131540925
38.54757008077096
38.06362327265841
37.549652430355074
37.0036983217319
36.42292483694007
35.803050611849905
35.13745954896415
34.41530602112351
33.617315644332514
32.703994670157975
31.56659815715558
28.995467826676403
27.424159626455435
26.43806503701894
25.648344461304
24.973218156289803
24.377677009817766
23.84270693197327
23.35655825676965
22.911304983438804
22.501249738789937
22.122105283333152
21.77051207506616
21.4437288369083
21.139476012237655
20.85578721150263
20.590919886060743
20.34331192916441
20.111506228533713
19.894133796665653
19.68988928415056
19.49751608114487
19.31580636950394
19.14357595258146
18.979711062447432
18.823150086468434
18.67288233978646
18.527971622944648
18.38751516450432
18.250698106504224
18.116758942121766
17.985007285062323
17.85482487945646
17.508811706494104
17.377215804911902
17.245935118124464
17.114733196569905
16.983469417325495
16.85211473813457
16.720726967451842
16.58946244632334
16.458556086649814
16.328343811435637
16.1992301386002
16.07170307230871
15.94627454651795
15.823525686389006
15.70408008688097
15.588558794259257
15.477604615563589
15.371838905726207
15.271848103310875
15.17815252429072
15.091183078671225
15.011293341960684
14.938705220123708
14.873504628961923
14.815651083827268
14.764960436089982
14.721076189522606
14.683510038133871
14.651622155263588
14.624635257888396
14.60164859534598
14.581616133275471
14.563432243911418
14.545875535821844
14.527684660997748
14.507571908059585
14.48426231782426
14.456522485633698
14.423203383281594
14.38328430143275
14.335867776880166
14.280220693083562
14.215747926473389
14.142002749017548
14.058674287546262
