38.86767071057172
38.84959453138469
38.72435659568481
38.49160962922642
38.15058330782672
37.699568638943184
37.135027477739676
36.44988562454379
35.63001645314837
34.64551748286807
33.42217323247188
31.664432172269482
28.11155490077012
26.5557449394355
25.39051519275071
24.425070991801523
23.598233791800013
22.882211915297315
22.262454216160155
21.730797835638096
21.282655841229943
20.915566499695032
20.62844874215427
20.421198747849513
20.29445528000343
20.249469663096146
20.288044852841683
20.412632241277045
20.626423327633624
20.933641010876414
21.340063641751126
21.853915180632395
22.487649037346483
23.2616083055325
24.213089775739473
25.424854781321883
27.189150799103437
30.95664348810709
32.67632983821305
34.00159206831335
35.14469099271131
36.1693390221675
37.103225349525935
37.960226392108396
38.74771954503258
39.46958107295037
40.12764232628416
40.722484546943605
41.253847381738396
41.72093139951964
42.12254349450961
42.457187617662115
42.72313999326736
42.91848192906082
43.04107821767356
43.08857464879662
43.05834194568676
42.94736403631756
42.75212273423936
42.46839231632136
42.09092222440602
41.61298770922651
41.02559739513617
40.31617614218486
39.46603178172051
38.445017515606104
37.19794181758179
35.598144874089975
33.103112701895476
28.4637838956044
26.374230646158246
24.679600294671765
23.16849242669688
21.766286918808724
20.436642674088716
19.158925672966415
17.920349177243548
16.71256160076266
15.52988077907133
14.368529234809753
13.225898657867878
12.10033315825801
10.99083315846901
9.896994993665581
8.818829035308768
7.756711644308052
6.711288716342701
5.6834786442177805
4.67438080308627
3.685252549605648
2.207419889537032
0.7597476624156798
0.0
0.0
0.0
0.0
0.0
0.0
0.0
0.0
0.0
0.0
0.0
0.0
0.0
0.0
0.0
0.0
0.0
0.0
0.0
0.0
0.0
0.0
0.0
0.0
0.0
0.0
0.0
0.0
0.0
0.0
0.0
0.0
0.0
0.0
0.0
0.0
0.0
0.0
0.0
0.0
0.0
0.0
0.0
0.0
0.0
0.0
0.0
0.0
0.40849183876453027
1.4439555679925684
2.5934726369541248
3.9268827541056703
5.659042451402557
9.471208234520672
11.288614748612492
12.57315107945502
13.638178540600205
14.571872857828264
15.41480115546524
16.18984211331753
16.911465568051263
17.589567964293146
18.231224879225717
18.84170886228904
19.42503802885117
19.984294800308763
20.521893647786996
21.039720527269694
21.539240814212757
22.02157756671363
22.48764479313357
22.93790467573408
23.372943637228868
23.792961454050616
24.198059213129664
24.58819601494821
24.96322480067049
25.32288146152443
25.666825811273508
25.994650919020188
26.305890801801358
26.60004279436347
26.87657309488858
27.134929351375195
27.37455125401816
27.594885584550322
27.795381916646747
27.975517087407063
28.134779823959217
28.272705161142305
28.388862834710018
28.482876460229438
28.554420911390473
28.60323459503099
28.629132875153932
28.632030523478733
28.61193853345919
28.56901195048666
28.50354106366948
28.41597072391297
28.306931241290442
28.177246847903543
28.027937284861956
27.860283928946608
27.67579229175036
27.476248663937177
27.263719857787866
27.04058176151225
26.809514423034063
26.57356055375664
26.33610701366899
26.1008968289154
25.87207213720124
25.654109892584994
25.451860108298035
25.270446255524234
25.11522511217971
24.991618548095076
24.905016973123757
24.86056603420388
24.86297553073764
24.916264672999322
25.023629990842903
25.18723740327838
25.408196685212854
25.686530034383537
26.021290609239088
26.410651789380637
26.852087566821268
27.342543294678563
27.87861028070831
28.456652439949195
29.072905207926635
29.72357685757275
30.404898333743088
31.113162073744046
31.844727995219174
32.59606385240078
33.36371151681604
34.14429228324404
34.93450245776485
35.73113119050254
36.53099971542125
37.331003151789474
38.12807438235642
38.919212375691615
39.70144395374579
40.471858235150606
41.2275841651187
41.965810153657415
42.68376443327659
43.37874380791783
44.04811441893937
44.68932113441169
45.29986023642414
45.8773305664754
46.419400770762095
46.923814194897595
47.38842710186875
47.81112346168695
48.18993914082629
48.52299452275725
48.80850130904599
49.04477158777687
49.2301829448722
49.36319320651104
49.442322961219475
49.466123390268166
49.43316405259792
49.34201393435745
48.95130726904888
48.732546864381376
48.45177171469862
48.10714147361794
47.69653138247128
47.217412805128255
46.66669808290075
46.040555822268765
45.3341284981073
44.54110605616193
43.65311145363152
42.65860157719413
41.54094517407999
40.27463096762157
38.81661409188872
37.082016942039516
34.84109826151562
29.580599633517963
26.38220155346533
24.27145290527386
22.51210869058783
20.947428730459116
19.512028701364365
18.172041238501624
16.908051907965973
15.708366649911671
14.565996649942326
13.476899078225571
12.439106191531987
11.45209177964141
10.516449377821319
9.633568435645882
8.805439962807796
8.034519946752507
7.323560752547878
6.675587205459338
6.093744852138484
4.819662453214132
