40.06881036385454
40.64574913259363
40.431389167384864
40.33551395556765
40.0477731589532
39.562217298214016
38.87186532311092
37.96788334289712
36.838201501721024
35.46508587003028
33.820672886101235
31.85720961528643
29.482205882932117
26.469282478157144
21.64122365225903
13.763909413726134
10.27956615229935
7.47409681467573
5.017247640829298
2.790523250416734
0.7375049432679759
0.0
0.0
0.0
0.0
0.0
0.0
0.0
0.0
0.0
0.0
0.0
0.0
0.0
0.0
0.0
0.0
0.0
0.0
0.0
0.0
0.0
0.0
0.0
0.0
0.0
0.0
0.0
0.0
0.0
0.0
0.0
0.0
0.0
0.0
2.295613087844423
7.11905830333999
13.98764315809429
17.109054653229713
19.678945167333147
21.977129834427053
24.111098525498853
26.135761551918463
28.083215608986283
29.973498499423883
31.819418762383975
33.628996686459594
35.40693269523084
37.15539342169217
38.87467302313468
40.56357732271997
42.21974469451324
43.83996454535883
45.42031215825865
46.95636426480078
48.443235624877026
49.876117709807104
51.25019385363811
52.560694063421394
53.802972598366836
54.97262095912844
56.06547531878087
57.07766444288049
58.00566803246382
58.84629420976147
59.59674461142217
60.254562314310945
60.8176913436902
61.28443172155109
61.65343408616185
61.92369285641595
62.09448782422244
62.16536022146967
62.136091372963804
62.00666606127653
61.77708651343868
61.44756695761977
61.01827032706559
60.4893162527065
59.86086988025846
59.13265662986475
58.303984627788296
56.77142972242956
55.72586623300103
54.57930513668624
53.32757560044736
51.96457777190554
50.48119335279871
48.863927209280874
47.09236355675761
45.13415663926108
42.93372555956811
40.38086573783299
37.17850877832167
29.909934695546703
25.483475879856115
22.67856192532738
20.39465012553495
18.401107963888116
16.60024704840882
14.939994635032853
13.389010494972355
11.927031736784182
10.540344486943717
9.219376430749467
7.957359425517932
6.749539659287926
5.592522303226003
4.4839886290727815
3.422450210661208
2.4069784092055952
1.437167117131146
0.0
0.0
0.0
0.0
0.0
0.0
0.0
0.0
0.0
0.0
0.0
0.0
0.0
0.0
0.0
0.0
0.0
0.0
0.0
0.0
0.0
0.0
0.0
0.0
0.0
0.0
0.0
0.0
0.0
0.0
0.0
0.0
0.0
1.2179318656958595
2.5309314401012504
3.950575347487386
5.502628767151519
7.235320278715967
9.255323765483631
11.915264097140795
17.59771022458562
20.16169893825777
21.99510313211065
23.49871356214954
24.78911365424894
25.91940410134381
26.918543666468658
27.80396496703274
28.586688063621303
29.273848616713835
29.870269035720636
30.378104566396377
30.799661639234856
31.13541395064562
31.385324410735542
31.548814826231087
31.624832475837273
31.61191080995898
31.508167964134792
31.311247382996456
31.018253713031875
30.625579426182817
30.128653698721685
29.521463222537577
28.795895966177536
27.94040559606298
26.937670574129456
25.759551058892626
24.354692953927923
22.60845479916987
20.10358948877242
14.73244511510377
12.279666387129057
10.386332368227425
8.744484607462635
7.256835766008457
5.8786577805140725
4.5858653420184945
3.3643095716517863
2.205381723527959
1.1037316112368503
0.0561323189576342
0.0
0.0
0.0
0.0
0.0
0.0
0.0
0.0
0.0
0.0
0.0
0.0
0.0
0.0
0.0
0.0
0.0
0.0
0.0
0.0
0.0
0.0
0.0
0.0
0.0
0.0
0.0
0.0
0.0
0.0
0.0
0.0
0.0
0.0
0.0
0.30550418681824115
1.4225731573973486
2.639004184786038
3.9945491697759725
5.583449529175051
7.784407906311063
11.86577477845542
13.549865585705824
14.786202770104357
15.790441044294422
16.63577203085506
17.357273718772973
17.97469180675449
18.50017104481023
18.9416565279762
19.30458463327526
19.592784130020963
19.80907614361619
19.955602111045053
20.034086805331007
20.0459835042599
19.99255973258942
19.875001184997174
19.694422952600604
19.45188520598177
19.14839353075589
18.784828517694823
18.361878415626766
17.87984320165593
17.338264114625012
16.735427273214526
16.067220271203723
15.325035332858448
14.490437970780455
13.519339703794731
12.263033786678518
9.52609685084602
8.251028724933892
7.390441341557155
6.724372115191069
6.1908707950951465
5.761855926864028
5.42175208081542
5.160705272647895
4.971789004517365
4.8497347155142805
4.790175386570687
4.789332700712877
4.843779924348928
4.950376842937507
5.106330696956307
