49.200489903903375
49.485367169273175
49.792404804191705
50.120033887490706
50.465624465313525
50.82554487498062
51.19535526341141
51.56980251014133
51.94318516557528
51.80313986171352
52.127618550811704
52.431349579296224
52.708045013406526
52.951434494655366
53.15545119697868
53.31425487342797
53.422249806250306
53.474122055292895
53.464818017462235
53.38951279947997
53.24356808287298
53.02246059216529
52.72167995475711
52.336557142849884
51.86213978846541
51.29286639636118
50.62229260721196
49.84255185852412
48.943632229791035
47.9122060822433
46.729549178657685
45.367686327577104
43.78089841105937
41.88331740452802
39.46429640943602
35.04577792541312
29.589147373176687
26.9738812891028
24.821174466591575
22.901965955124886
21.126152797495656
19.447344333498926
17.838143827110745
16.28100075620225
14.764066706569851
13.27905246486957
11.820135479437567
10.383135169333148
8.965159694321919
7.564303415668833
6.178017756298844
4.808853896504586
3.455729714585397
2.1173135647419223
0.7954512370681379
0.0
0.0
0.0
0.0
0.0
0.0
0.0
0.0
0.0
0.0
0.0
0.0
0.0
0.0
0.0
0.0
0.0
0.0
0.0
0.0
0.0
0.0
0.0
0.0
0.0
0.0
0.0
0.0
0.0
0.0
0.0
0.0
0.0
0.0
0.0
0.0
0.0
0.0
0.0
0.0
0.0
0.0
0.0
0.0
0.0
0.0
0.0
0.0
0.0
0.0
0.0
0.0
2.390982283824784
8.146856791577093
10.701920686209471
12.639127860372103
14.310525774237227
15.830339961965732
17.253819209490114
18.612805163029616
19.927518081856014
21.211530929773602
22.474041489093906
23.72143665812489
24.95795268552479
26.186166753048404
27.407417560034787
28.621993751559312
29.829333749744777
31.028423031642475
32.21720020932225
33.39368318857069
34.55523325415542
35.69905328118796
36.82208015953511
37.921144742517484
38.99297784720103
40.0342663068289
41.041692928786546
42.01197826154775
42.94186749689755
43.82823536263207
44.66802370955959
45.45832316131606
46.19630142449595
46.879634825208065
47.504781508088996
48.07032383857738
48.57366545908673
49.01266277803539
49.385285483915
49.68964558278722
49.92394659062862
50.0865010569878
50.1757267046578
50.19007993323034
50.12804303080627
49.98809581411592
49.76869059314515
49.46816533439072
49.08475932684023
48.61646838582628
48.06102092496806
47.415783227028655
46.67757156047854
45.8425139358309
44.90578467632409
43.861241599664936
42.70082105247579
41.41365860101408
39.9846180073214
38.39153644113019
36.59985699399762
34.55018604494179
32.12197399639596
28.96608709927959
21.591601782502345
17.654310959400426
14.90985862433395
12.598409897051269
10.5307603244263
8.624660822373787
6.836087839410302
5.13876127269061
3.5158939390076602
1.9563709961971676
0.4527175245059869
0.0
0.0
0.0
0.0
0.0
0.0
0.0
0.0
0.0
0.0
0.0
0.0
0.0
0.0
0.0
0.0
0.0
0.0
0.0
0.0
0.0
0.0
0.0
0.0
0.0
0.0
0.0
0.0
0.0
0.0
0.0
0.0
0.0
0.0
0.0
0.0
0.0
0.0
0.0
0.0
0.0
0.0
0.0
0.0
0.0
0.0
0.0
2.686981012263832
8.782037756011734
11.838046630987238
14.019263970210927
15.871795121380924
17.540987952372525
19.09230478984135
20.561925773783
21.972136897260555
23.337495819587478
24.66781177439296
25.9696936544062
27.247479739201026
28.503846106657804
29.74018366387986
30.956888359473563
32.15355010538438
33.32916570824729
34.48225244727497
35.61096194217849
36.71315454344517
37.78651732322391
38.82860735281743
39.83693827705164
40.80900220415826
41.742304419019874
42.63443518752951
43.483077541267
44.28600697872307
45.041128972080855
45.7467678881026
46.40017258282695
47.00054049933437
47.54598284571594
48.03505128199278
48.46640547830181
48.83881717684455
49.1511987872302
49.40254272641634
49.59198276299266
49.71893519119227
49.78217880495268
49.78180448836636
49.71724605682928
49.588343614658726
49.39507275195504
49.13764895276472
48.81653325593954
48.43246175324158
47.986511942147764
47.48017553159039
46.91533222490522
46.2944223133415
45.62044125107383
44.897093726488436
44.128827477703354
43.321031675434455
42.48009116205174
41.61359469003182
40.730506648279864
39.84137631872254
38.95860539685095
38.09669310535506
37.27248077262644
36.505335195710735
35.817117584701656
35.23175992550503
34.77411554896088
34.46801848333156
34.33323212994975
34.382388245518314
