5.323474856434832
5.081588394246749
4.818407146909688
4.5343585288433585
4.230477370040214
3.9083993447474086
3.5702790654512593
3.218735690335559
2.8567309606813227
2.487515362244485
2.114556788230934
1.7414378559725265
1.371816564003659
1.0093484058853823
0.6576527106945287
0.32026051840696484
0.0006048908651791863
0.0
0.0
0.0
0.0
0.0
0.0
0.0
0.0
0.0
0.0
0.0
0.0
0.0
0.0
0.0
0.0
0.0
0.34968574643368355
0.8561620578755855
1.4338248496049346
2.088947588811195
2.8299587823120853
3.6686915973851684
4.622732233156903
5.720215389786351
7.011704126111429
8.60804742257281
10.906044155210305
15.641973946144049
17.769554789699193
19.431636979926438
20.888172261709084
22.222866285741233
23.47528491895775
24.66769825092104
25.813963101655663
26.923295851838404
28.002070194681828
29.054790090661278
30.084713958198172
31.09415607594093
32.08477514417125
33.057693356021645
34.01363301196749
34.95299787707873
35.87592092551214
36.78233273156363
37.67198053231117
38.54447923922833
39.39931447947191
40.235879066094746
41.05349611858754
41.85139447314721
42.62876103592089
43.384738113390924
44.11841192372227
44.82885169365733
45.515095929248986
46.17617309027254
46.81111943999583
47.4189716575634
47.99879377044629
48.549668030122696
49.07071170227142
49.56106031229492
50.019905331021256
50.446481556061606
50.83999967164267
51.199774375393794
51.525163004393775
51.81555019975449
52.070369157237074
52.28909076974822
52.471230368580564
52.61637152829384
52.7240444030983
52.793952683636824
52.53839790768528
52.51899101067348
52.461269458497156
52.36500774295894
52.229988049930874
52.05596441275003
51.84268701819832
51.58982073266578
51.297038993588195
50.96387149382656
50.58977239797896
50.174041496837326
49.7158311634234
49.214028255090874
48.66725533205366
48.073719160123154
47.43110238783987
46.73644340825164
45.985590285195286
45.1732268447649
44.29187851196579
43.33078651344396
42.27377357740255
41.09463842869124
39.74565924891509
38.119989639673925
35.813357151162734
31.229169568427675
29.206379770066896
27.64550933107843
26.297052453256327
25.075830687036113
23.94013864773139
22.865882983112844
21.837754480343467
20.845408072215925
19.8815819566881
18.941004728325257
18.019796491624934
17.115058836589657
16.224625921646933
15.346903322647718
14.480714744363873
13.625165163722167
12.779831669628852
11.94431936929406
11.118518331573814
10.30235370156709
9.49601074319558
8.699743570040555
7.91388743223979
7.13886952438771
6.375154776430027
5.623268690739965
4.88378822464993
4.157309402509104
3.444447195040475
2.2499962928605193
1.0718744336819372
0.37152497868012235
0.0
0.0
0.0
0.0
0.0
0.0
0.0
0.0
0.0
0.0
0.0
0.0
0.0
0.0
0.0
0.0
0.0
0.0
0.0
0.0
0.0
0.0
0.0
0.0
0.0
0.0
0.0
0.0
0.0
0.0
0.0
0.0
0.0
0.0
0.0
0.0
0.0
0.0
0.0
0.0
0.0
0.0
0.0
0.0
0.0
0.0
0.0
0.0
0.0
0.0
0.0
0.0
0.0
0.0
0.0
0.0
0.243693574694787
0.9205596217486073
1.6312084362985888
2.384691306767579
3.196930940833647
4.099678039190003
5.174415053213147
6.993896975485625
9.118624246228975
10.054608102460394
10.768127192732804
11.354603373342968
11.852297180171066
12.281309169565244
12.65375614553633
12.977666525069958
13.258651050198635
13.500846213713025
13.707385289314498
13.880717580441319
14.022784959539875
14.135166987134667
14.21914225640351
14.275764887931869
14.305900498946624
14.310258201597435
14.289397274343045
14.243733611613507
14.173569316660883
14.079062005295029
13.960247681713332
13.817000220644015
13.649026836633043
13.45577067371046
13.236406087414261
12.989693474556443
12.713861508720086
12.406387241681031
12.063580371266454
11.67985450070158
11.246194403271657
10.746561149957412
10.147218426777076
9.345286356840177
7.506820649147155
6.588584397525097
5.93009416667622
5.378563557609221
4.892264482677401
4.452624400957661
4.049647195538809
3.6773697317303005
3.3320601099616307
3.011303269666239
2.7135487936349545
2.4378294780871377
2.1835951633437753
1.9505730515381061
1.7387287003234655
1.5481737463293577
1.3791332210539031
1.2318904973662712
1.106792693009743
1.0041954800321902
0.9244670335063893
0.8679501877324219
0.83493360691612
0.8256531508133866
0.8402302647680973
0.8786483322491131
0.9407374716977984
1.0261268594130957
1.1342137597689044
1.2641631770117374
1.4148221240057093
1.5847109326237228
1.7719908548558692
1.974402543949077
2.189241006065397
2.413306983967732
2.642814309551195
2.87337961066406
3.099899060718983
3.316554014353924
3.516787696336619
3.693467804459981
3.839193496474768
3.9467904670304463
4.010084380786429
4.024753030396473
