0.0
0.0
0.0
0.0
0.0
0.0
0.0
0.0
0.0
0.0
0.0
0.0
0.0
0.0
0.0
0.0
0.0
0.0
0.0
0.0
0.0
0.0
0.0
0.0
0.0
0.0
0.0
0.0
0.0
0.0
0.0
0.0
0.0
0.0
0.0
0.0
0.0
0.0
0.0
0.0
0.0
0.0
0.0
0.0
0.16458530000001217
0.6731978000000123
1.184780299999989
1.698501199999963
2.2134992000000078
2.7289426999999846
3.2440891999999923
3.7581961999999653
4.270580600000025
4.780648399999982
5.2877165
5.7912502999999935
6.290715200000004
6.785636000000006
7.275537499999978
7.760033599999964
8.23873819999997
8.711324600000015
9.177525499999977
9.63704389999997
10.089642200000002
10.535171899999987
10.973454799999992
11.404372100000023
11.82777529999999
12.24366440000002
12.651920599999992
13.052573599999995
13.445563999999974
13.830980899999998
14.208794599999969
14.579123899999974
14.941998499999974
15.297507499999961
15.645769700000004
15.986903899999987
16.320999200000006
16.6482041
16.9686671
17.282507000000013
17.589842599999983
17.890881800000027
18.185713699999997
18.474546200000002
18.75746839999999
19.034688200000026
19.306324399999976
19.572584899999995
19.83355879999998
20.089424299999994
20.340359599999957
20.586483499999957
20.828003900000013
21.06500989999999
21.297709399999988
21.526250900000022
21.750782900000004
21.971453899999986
22.18847179999999
22.40198509999998
22.61128099999998
22.81927009999999
23.023398199999995
23.224823599999986
23.42372449999998
23.620308799999954
23.81481409999999
24.007507699999998
24.19856779999999
24.38832109999999
24.576975499999982
24.764827999999973
24.95220529999998
25.139404400000018
25.326781700000026
25.513832299999972
25.703466799999976
25.893576500000005
26.085379099999983
26.279290399999997
26.475815299999994
26.675399299999995
26.878487900000007
27.085585999999985
27.29722819999997
27.51394910000001
27.736223899999995
27.964646599999988
28.199781500000007
28.442133499999986
28.692326300000015
28.950894499999993
29.218372700000014
29.49535490000002
29.78234599999999
30.079880599999974
30.388404199999986
30.708421699999974
31.040378599999997
31.384601599999986
31.741476800000022
32.11130119999999
32.494342099999976
32.890777699999994
33.30078620000001
33.72445669999998
34.161848600000006
34.61290250000001
35.07755900000003
35.55569930000002
36.0470858
36.55148089999997
37.06852819999999
37.59787129999999
38.13903500000003
38.69151439999998
39.254745200000016
39.82813339999998
40.41099589999995
41.00264959999998
41.602322299999976
42.20930119999996
42.82272499999998
43.441821499999975
44.065699699999975
44.69358740000001
45.324534199999974
45.95770850000001
46.592219300000004
47.22717559999997
47.861716100000024
48.49497949999999
49.126074800000005
49.754110999999966
50.37828619999998
50.99770939999999
51.61157870000002
52.21903279999999
52.81932919999997
53.41160660000003
53.99509279999999
54.569045300000006
55.13272160000001
55.68534949999997
56.22627559999998
56.754757399999995
57.2701712
57.771863599999996
58.259210899999964
58.73155969999998
59.18840509999996
59.62918279999997
60.05338790000001
60.46057490000002
60.85032799999999
61.222320499999974
61.576225699999995
61.91189509999997
62.22923960000001
62.5282889
62.809132099999964
63.07212559999999
63.317714899999984
63.54667219999998
63.7598885
63.958700300000025
64.14474110000002
64.32020869999995
64.48783549999999
64.65109639999999
64.71913910000002
64.7608082
64.77631160000001
64.76609480000002
64.73060329999998
64.67037169999998
64.58602370000001
64.47827209999998
64.34794849999999
64.19579540000002
64.02279289999997
63.82986169999998
63.6179819
63.38816329999999
63.141475100000015
62.87889739999999
62.60155880000001
62.310469099999985
62.00666780000001
61.69116470000001
61.364939899999996
61.0289438
60.68406740000002
60.331171999999974
59.97105949999997
59.604442699999964
59.23206409999998
58.854487999999996
58.472308399999996
58.08600049999998
57.695950399999965
57.302514500000015
56.9059601
56.50646539999998
56.10414919999995
55.699041199999975
55.29111170000002
54.880271599999986
54.46634269999999
54.04908739999999
53.6282681
53.20346900000001
52.7743337
52.340476100000004
51.9013913
51.45660409999999
51.005609599999964
50.547873199999984
50.08288999999999
49.610125400000015
49.12907449999998
48.63923239999999
48.14018329999998
47.63151140000001
47.1127712
46.58366570000003
46.04389790000002
45.49325990000002
44.93151409999999
44.3586011
43.77443179999999
43.17903589999997
42.57250250000003
41.95495039999997
41.32658749999999
40.687651399999986
40.038468799999976
39.37939610000004
38.710819400000034
38.03315450000001
37.346935999999985
36.652609399999996
35.95070930000001
35.24177030000003
34.52638639999998
33.80506249999999
33.07836289999999
32.346881600000025
31.61112350000001
30.871623199999988
30.12891530000001
29.383475000000008
28.635807199999967
27.886357399999998
27.135541399999973
26.38383440000001
