24.802962799999968
25.34195840000003
25.87703359999999
26.406317300000012
26.927997799999982
27.440352499999992
27.94174790000002
28.43063960000001
28.90560200000001
29.365298599999978
29.80860079999997
30.234439399999996
30.641893700000004
31.030250899999988
31.398887300000002
31.747446500000013
32.075690900000005
32.38359080000002
32.67135409999999
32.939515399999976
33.18884689999998
33.4205366
33.63618829999999
33.83808890000001
34.02923809999999
34.21373449999997
34.385281700000014
34.458611
34.50176509999997
34.514981599999984
34.4985278
34.4527898
34.37815369999999
34.2751244
34.14423650000003
33.98605429999999
33.80117180000002
33.59033149999999
33.35424619999998
33.09365839999998
32.80939969999999
32.502361099999995
32.1734336
31.823597299999964
31.45383229999997
31.0652672
30.658971200000018
30.23610259999997
29.797908799999995
29.345637199999985
28.880594600000006
28.4041472
27.917690900000025
27.422651299999984
26.92054310000002
26.412881000000024
25.901150000000005
25.386953900000005
24.871896500000023
24.357581599999985
23.845583299999962
23.337505400000005
22.835040799999973
22.339733899999974
21.853247899999985
21.3771272
20.913005299999984
20.462456300000007
20.02702459999998
19.608224899999996
19.2076016
18.8266397
18.466764799999982
18.129432199999982
17.815948700000003
17.527650799999996
17.26578589999998
17.031541999999995
16.8259883
16.650193999999995
16.502466199999997
16.2914477
16.165549400000007
16.11440599999998
16.131156799999978
16.211138899999998
16.35111499999999
16.548649700000013
16.802020400000032
17.109860899999994
17.471042599999965
17.884644799999986
18.349835900000006
18.86575460000001
19.43162869999999
20.0466266
20.709886999999956
21.420459499999996
22.177334300000002
22.97944219999997
23.82565460000001
24.714634999999994
25.64510629999998
26.615583500000003
27.6245519
28.67037800000001
29.751339199999983
30.865653499999997
32.01139040000002
33.186649100000004
34.3893506
35.617445599999996
36.86873630000001
38.14105459999999
39.43208389999996
40.73953729999999
42.06109819999998
43.39439059999999
44.73697909999999
46.0865174
47.44057010000001
48.7967018
50.15253649999998
51.5056685
52.85369209999999
54.19429069999999
55.52511800000001
56.843916800000024
58.14845960000001
59.43654859999998
60.70607509999999
61.954930399999995
63.181184
64.3828163
65.5580156
66.70494049999999
67.8218981
68.9072252
69.95934769999997
70.97675089999998
71.9580686
72.90193459999998
73.80163670000003
74.65013599999999
75.45827299999998
76.22521609999997
76.95022279999998
77.63272879999997
78.27231830000002
78.86875369999996
79.42206469999996
79.93260769999999
80.4010658
80.82874579999996
81.21763759999996
81.57077059999999
81.8928968
82.191263
82.47745220000002
82.77076939999998
82.9838669
83.08033250000001
83.1168338
83.09393509999998
83.012171
82.87207609999997
82.67427409999998
82.41938869999998
82.1080139
81.74086249999999
81.318677
80.8421405
80.31211429999999
79.72943000000004
79.0949489
78.4096214
77.67448699999998
76.8905555
76.0589555
75.1808453
74.25741290000002
73.28996509999997
72.33297169999999
71.22923059999998
70.08257300000001
68.894573
67.6670423
66.40173319999997
65.10054650000004
63.765382999999986
62.3982326
61.001204000000016
59.57631679999998
58.12573910000002
56.65169839999999
55.156362800000004
53.64204890000003
52.11104359999999
50.565633800000015
49.00816579999997
47.440985900000015
45.86649979999997
44.2870241
42.704964499999996
41.122607899999984
39.54233029999996
37.96638890000001
36.39712999999998
34.836781099999996
33.287480600000016
31.751455999999983
30.2307566
28.727431699999972
27.24353059999998
25.78089469999999
24.341454500000015
22.926991999999995
21.5392001
20.179801399999977
18.850340299999967
17.55230180000001
16.287170899999992
15.056284099999996
13.860918500000004
12.702232400000007
11.5814138
10.499442799999958
9.457329199999988
8.45590460000002
7.496030299999988
6.578389399999981
5.703694699999974
4.8725105000000175
4.0853416999999785
3.3426337999999545
2.6448025999999927
1.9921450999999815
1.3848989000000314
0.8232718999999986
0.3073235000000335
0.0
0.0
0.0
0.0
0.0
0.0
0.0
0.0
0.0
0.0
0.0
0.0
0.0
0.0
0.0
0.0
0.0
0.0
0.0
0.4451017999999968
1.0210738999999809
1.6395466999999928
2.298767899999977
2.996925799999999
3.7321789999999795
4.502686100000006
5.306575999999993
6.141858800000025
7.006544599999979
7.898643499999982
8.816106200000016
9.756764599999984
10.718599100000008
11.699382200000008
12.697034899999961
13.70941879999999
14.734425200000013
15.7699454
16.81395979999998
17.864478500000004
18.91963039999997
19.977574099999988
21.03661670000001
22.095184100000008
23.151820999999984
24.205190900000026
25.254224599999997
26.297882599999987
27.335392699999975
28.36619059999998
29.389801099999985
30.406046000000014
31.414895599999976
32.41646870000003
33.4111217
34.399329800000004
35.38174639999997
36.35908429999997
37.33226420000001
38.30217709999998
