13.409151799999982
14.981054000000006
16.549718900000016
18.116601800000005
19.683247100000006
21.250991299999974
22.821141199999992
24.394706599999996
25.972489400000025
27.555053900000015
29.142607999999985
30.73503289999998
32.331883099999985
33.93244579999999
35.535562699999964
37.13986760000002
38.743637900000024
40.34494310000001
41.94152600000002
43.530980899999996
45.1106645
46.67778499999998
48.22949119999997
49.76269429999999
51.2743352
52.761265700000024
54.22027820000001
55.648224500000005
57.04195640000003
58.398325700000015
59.714302999999965
60.98685889999998
62.2131719
63.39047989999995
64.51610989999998
65.58771559999998
66.60301009999999
67.56000350000001
68.4569732
69.29252330000001
70.06570339999998
70.776068
71.42382500000001
72.0101921
72.5376938
73.0109336
73.4421479
73.82691139999999
74.20208179999996
74.61301099999999
74.8943294
75.02723689999999
75.07065829999998
75.02682110000002
74.8980122
74.68657789999999
74.395013
74.02581229999998
73.58167850000001
73.1243282
72.51782449999997
71.84048629999998
71.09543209999998
70.28598829999996
69.41554070000004
68.48750479999998
67.505504
66.473132
65.39404189999999
64.27185709999998
63.11026039999999
61.91281579999997
60.68305759999999
59.42446069999997
58.14035149999997
56.83396729999998
55.5083375
54.16637269999999
52.81080529999997
51.44418949999998
50.06878249999999
48.686782099999974
47.30002970000001
45.91030730000003
44.51904050000003
43.12759549999997
41.73704149999998
40.34832889999999
38.96225960000003
37.579457300000016
36.20048629999999
34.82582180000002
33.4557905
32.09080819999999
30.73117190000002
29.377297399999986
28.0295708
26.688467300000006
25.354610599999994
24.02868380000001
22.71154819999998
21.404183900000024
20.107749199999983
18.82355089999999
17.553103699999973
16.29807079999999
15.060234199999982
13.84152440000001
12.644020399999974
11.469830899999993
10.321213099999984
9.200394499999977
8.109602599999961
7.051035200000005
6.026830700000023
5.039038399999992
4.089559100000009
3.180115399999989
2.312281400000005
1.487452999999997
0.7066994000000102
0.0
0.0
0.0
0.0
0.0
0.0
0.0
0.0
0.0
0.0
0.0
0.0
0.0
0.0
0.0
0.0
0.0
0.0
0.0
0.0
0.0
0.0
0.0
0.0
0.0
0.0
0.0
0.0
0.0
0.0
0.0
0.0
0.0
0.0
0.0
0.0
0.0
0.0
0.0
0.2478937999999937
0.6370825999999883
1.0251725000000156
1.411866499999981
1.7970160999999598
2.1807994999999707
2.563573099999999
2.9460793999999857
3.3292093999999985
3.714269899999993
4.102745899999974
4.496508499999987
4.897636699999974
5.308536200000024
5.731850300000005
6.170341099999992
6.6270676999999845
7.105089199999984
7.607642900000004
8.13784729999998
8.698939699999968
9.293949500000002
9.92578729999999
10.597274599999988
11.310935899999993
12.069028400000004
12.873631100000006
13.72640719999998
14.628752599999986
15.581706800000013
16.585863800000006
17.641520599999968
18.74852869999998
19.90632379999999
21.113896100000016
22.36993880000002
23.672580800000002
25.019624299999982
26.408515099999992
27.836194099999986
29.299364599999983
30.794284400000006
32.317033099999996
33.86324479999997
35.42846449999999
37.007940199999965
38.59674169999999
40.1898794
41.78221519999997
43.368670400000006
44.944106900000016
46.50338659999996
48.04154959999999
49.553754800000014
51.03527989999998
52.48161049999998
53.88846979999999
55.25187800000001
56.56803349999998
57.833491100000025
59.045162
60.20016530000001
61.29612500000002
62.330843300000005
63.30262730000001
64.21014050000002
65.0524325
65.8291172
66.54025399999999
67.18676359999996
67.77036860000001
68.29421719999999
68.76359599999999
69.18735560000002
69.58070239999999
69.97211869999998
70.42008379999997
70.6853939
70.82453840000001
70.87087040000002
70.82525119999998
70.6883639
70.46080249999999
70.1430125
69.73532059999998
69.23808319999996
68.65153790000001
67.97598169999998
67.21171159999999
66.35914340000001
65.41875229999998
64.3911917
63.277263500000025
62.077977499999974
60.7946405
59.4287672
57.98228809999999
56.4573416
54.85654130000001
53.182797799999996
51.439496899999966
49.63035110000002
47.7595481
45.83166169999997
43.851711200000004
41.82510199999999
39.75756619999999
37.655251700000015
35.524573699999976
33.37230380000001
31.205302699999965
29.030757800000018
26.8558565
24.687875300000027
22.5340907
20.401571299999972
18.297356000000022
16.228157000000003
14.200359799999994
12.21996380000001
10.292493200000026
8.422967299999991
6.61575199999998
4.874678599999989
3.2028062000000133
1.6025701999999893
0.07554470000002766
0.0
0.0
0.0
0.0
0.0
0.0
0.0
0.0
0.0
0.0
0.0
0.0
0.0
