29.792706296734206
29.9326778366663
30.072026736900433
30.211041872953047
30.35023054777339
30.490301675159337
30.63216493278865
30.776913211494854
30.925793348020026
31.08019251166099
31.24159232985588
31.411535888340588
31.591611756329414
31.783372694426955
31.988329959674594
32.20789755479391
32.44332508483724
32.6957249317128
32.96597454302594
33.25474252996196
33.562454483669995
33.8892489126424
34.235039170649515
34.5994492372544
34.98185446911025
35.381385405075235
35.79696154549808
36.22728417201175
36.670876243113604
37.126092790019634
37.59113584056481
38.064072772623796
38.54287694404134
39.0254200994849
39.50952891182593
39.99295654607696
40.473435926036856
40.9486538221304
41.416313864521975
41.87404799137058
42.31954763617824
42.750487645118284
43.164564670443895
43.55949093738149
43.933027376119355
44.28296538693372
44.60714338811252
44.903455921262925
45.16985374841755
45.40434186053188
45.60499280886179
45.769929376477485
45.89735253647645
45.98551152386678
46.032721037637046
46.03730084765908
45.997658822044734
45.91217412744462
45.574539884757954
45.388227645311375
45.15168603778455
44.86307910276266
44.52036016279781
44.12117986149158
43.66278829714603
43.14188656499871
42.55441719503304
41.89521078559334
41.15747885158375
40.33200193892258
39.40557683478089
38.3581276822312
37.15625053061664
35.73576258826157
33.934136889286876
30.08042868812743
26.718975922666743
24.838998550691965
23.293170225314725
21.921911149021472
20.661216974163246
19.477843843015943
18.352068719948917
17.271201872633913
16.226666359277903
15.21249751584626
14.224481681035309
13.25962215539665
12.315862885233422
11.391841392126919
10.486755248987574
9.600228212270313
8.732292560256292
7.883238823780896
7.0536626409507335
5.8647357233009965
4.699467418894992
3.89709576040289
3.1195789233597
2.3685343730696786
1.6456726610590569
0.9527805421336462
0.29168454026527796
0.0
0.0
0.0
0.0
0.0
0.0
0.0
0.0
0.0
0.0
0.0
0.0
0.0
0.0
0.0
0.0
0.0
0.0
0.0
0.0
0.0
0.0
0.0
0.0
0.0
0.0
0.28230912740548547
1.0940632930731908
1.9783264783519758
2.941241326421225
3.992169440825121
5.145891123180745
6.427296684690361
7.8828079679957614
9.616681894084987
12.001519523056585
16.862253647034933
18.987808129908338
20.574498737727954
21.90851771854084
23.081300699408946
24.13623197710511
25.098037319026425
25.98231057249976
26.799647931018416
27.557631120745672
28.26191985565221
28.916866373669446
29.52595554352348
30.092011514703124
30.617432450322866
31.1042900523887
31.55441740348315
31.9694947483569
32.351075327313474
32.70063615218456
33.019610739497566
33.30938815293861
33.57135528496367
33.806899997394815
34.017400059603645
34.20428794073944
34.36898859622584
34.51297073940878
34.63773554169114
34.74480373331649
34.83574114450912
34.9121139624212
34.9755303744063
35.02760227724448
35.06993078408276
35.104128625132425
35.131773560174
35.15444519220156
35.17366111452313
35.190926835287144
35.20766537477447
35.22525179775016
35.244945248894275
35.2679337666706
35.29528396431384
35.327925747084684
35.366660474087574
35.41215434199643
35.464885752373156
35.52518705671713
35.59319444009317
35.668881793391755
35.75203034718151
35.84223734356342
35.93893256894505
36.0413524413863
36.14859117038483
36.2595859902293
36.373142481665404
36.48793968176102
36.602580405337704
36.71557869488593
36.825374654024344
36.93036190727961
37.02889008076355
37.119253190078105
37.19972143058918
37.268512203110376
37.32380994772838
37.36378255462236
37.38656063895075
37.39023513611353
37.37287785733169
37.332539564689704
37.267227489204586
37.17490999930521
37.053503145393215
36.90085971644239
36.71473912064893
36.49275138900349
36.232333076007826
35.930667082368146
35.58453717719915
35.1901997293581
34.743116896462574
34.23754626740568
33.66586519176448
33.01732309562585
32.27559233398564
31.413065057681916
30.374799462413495
29.009780333417353
25.739676739139778
23.803229140814665
22.491099779991686
21.387149234553274
20.398876459658076
19.48720460572653
18.631599389281185
17.81996683484603
17.04472861075289
16.300977925273266
15.585481526662742
14.89616263050956
14.23172681022564
13.5914636236092
12.975107437754312
12.382719940353509
11.814642868922466
11.271432442670614
10.75380078074365
10.26263148241508
9.798897517812614
9.363656516880999
8.958050567838681
8.583248457793685
8.240477584848179
7.9309663128036965
7.655970396009059
7.416728317427173
7.214479162224052
7.050427999506685
6.925759181423728
6.841624077972742
6.799152915255493
6.799417242221478
6.843482697983814
6.9323731181082735
7.067097039411561
7.2486315148459655
7.477970516022402
7.756129109685481
8.08420758134108
8.463400329629582
8.895125820351243
9.381085870863629
9.923477373395958
10.525192136111732
11.190229479075256
11.924334947088083
12.736157199728027
13.639520505274696
14.658517332707834
15.84118031876804
17.31204266311941
20.34483152138724
22.93363420961371
24.31381972374593
25.405350643138863
26.330529278595442
27.136727293056822
27.847424727609216
28.475705791396877
29.029278971827015
29.51276520868465
29.928847748442383
30.278948781264546
30.563636359437766
30.782865298396533
30.936180261806555
31.022781891471613
