0.0
0.0
0.0
0.0
0.0
0.0
0.0
0.0
0.0
0.0
0.0
0.0
0.0
0.0
0.0
0.0
0.0
0.0
0.0
0.0
0.0
0.0
0.0
0.0
0.0
0.0
0.0
0.0
0.0
0.0
0.0
0.0
0.0
0.0
0.0
0.0
0.0
0.0
0.0
0.0
0.0
0.0
0.0
0.0
0.0
0.0
0.0
0.0
0.0
0.0
0.0
0.0
0.0
0.0
0.0
0.0
0.0
0.0
0.0
0.0
0.0
0.0
0.0
0.0
0.0
0.0
0.0
0.0
0.0
0.0
0.0
0.0
0.0
0.0
0.0
0.0
0.0
0.0
0.0
0.0
0.0
0.0
0.0
0.0
0.0
0.0
0.0
0.0
0.0
0.0
0.0
0.0
0.0
0.0
0.0
0.0
0.0
0.0
0.0
0.0
0.0
0.0
0.0
0.0
0.0
0.0
0.0
0.0
0.0
0.0
0.0
0.0
0.0
0.0
0.0
0.0
0.0
0.0
0.0
0.0
0.0
0.0
0.0
0.0
0.0
0.0
0.0
0.0
0.0
0.0
0.0
0.0
0.0
0.0
0.0
0.0
0.0
0.0
0.0
0.0
0.0
0.0
0.0
0.0
0.0
0.0
0.0
1.4919613500000148
4.59428969999999
7.695682499999986
10.787229749999991
13.860110550000021
16.905726750000007
19.915613850000017
22.88166375000001
25.79590200000002
28.650755100000005
31.438916850000005
34.15343745000003
36.78781260000002
39.335849850000024
41.79166860000001
44.15001195000001
46.406424900000005
48.55685340000002
50.59857990000002
52.45689405000002
54.1992891
55.82380484999999
57.328882050000004
58.7135406
59.97742409999999
61.121067150000016
62.146029
63.055517249999994
63.85545705000001
64.5568077
65.1805077
65.77110705000001
66.43998075
67.39749390000001
67.91770425000003
68.2140954
68.3113035
68.22705945000001
67.97468370000001
67.5642
67.00367189999999
66.2995146
65.45725230000001
64.48129544999999
63.37569810000002
62.14451430000004
60.791085300000034
59.318841450000036
57.731124000000015
56.031318750000025
54.22276695000002
52.30912169999999
50.15735670000001
48.00559169999999
45.8538267
43.17249585000001
40.383933150000004
37.49459835
34.51130760000001
31.44136709999999
28.230782249999997
24.94980840000001
21.619517700000006
18.248775600000016
14.846714850000025
11.422690950000025
7.98641580000003
4.547690400000018
1.1164494000000031
0.0
0.0
0.0
0.0
0.0
0.0
0.0
0.0
0.0
0.0
0.0
0.0
0.0
0.0
0.0
0.0
0.0
0.0
0.0
0.0
0.0
0.0
0.0
0.0
0.0
0.0
0.0
0.0
0.0
0.0
0.0
0.0
0.0
0.0
0.0
0.0
0.0
0.0
0.0
0.0
0.0
0.0
0.0
0.0
0.0
0.0
0.0
0.0
0.0
0.0
0.0
0.0
0.0
0.0
0.0
0.0
0.0
0.0
0.0
0.0
0.0
0.0
0.0
0.0
0.0
0.0
0.0
0.0
0.0
0.0
0.0
0.0
0.0
0.0
0.0
0.0
0.0
0.0
0.0
0.0
0.0
0.0
0.0
0.0
