7.570853400000029
6.527670599999983
5.492194950000011
4.460595150000003
3.4291735500000193
2.3941434000000013
1.351851600000018
0.2988678000000273
0.0
0.0
0.0
0.0
0.0
0.0
0.0
0.0
0.0
0.0
0.0
0.0
0.0
0.0
0.0
0.0
0.0
0.0
0.0
0.0
0.0
0.0
0.0
0.0
0.0
0.0
0.0
0.0
0.0
0.0
0.0
0.0
0.0
0.0
0.0
0.0
0.0
0.0
0.0
0.0
0.0
0.0
0.0
0.0
0.0
0.0
0.0
0.0
0.0
0.0
0.0
0.0
0.0
0.0
0.0
0.0
0.0
0.0
0.0
0.0
0.0
0.0
0.0
0.0
0.0
0.0
0.0
0.0
0.0
0.0
0.0
0.0
0.0
0.0
0.0
0.0
0.0
0.0
0.0
0.0
0.0
0.0
0.0
0.0
0.0
0.0
0.0
0.0
0.0
0.0
0.0
0.0
0.0
0.0
0.0
0.0
0.0
0.0
0.0
0.0
0.0
0.0
0.0
0.0
0.0
0.0
0.0
0.0
0.0
0.0
0.0
0.0
0.0
0.0
0.0
0.0
0.0
0.0
0.0
0.0
0.0
0.0
0.0
0.0
0.0
0.0
0.0
0.0
0.0
0.0
0.0
0.0
0.0
0.09514065000000273
0.3952294500000049
0.6771863999999824
0.9418579500000118
1.1901351000000004
1.4228197500000062
1.640713800000035
1.8443964000000173
2.0344021500000244
2.210998350000019
2.3740959000000013
2.523561150000023
2.658681300000021
2.778699000000004
2.882500500000031
2.9690166000000158
3.0263970000000295
3.047647350000031
3.056780100000017
3.05548815000002
3.0452862000000085
3.0277335000000076
3.0043893000000077
2.97676830000001
2.9357823000000094
2.870917499999994
2.805206249999995
2.7422571000000246
2.6851885500000168
2.6369854500000045
2.6000534999999916
2.5764865500000145
2.5678884000000055
2.5755510000000035
2.600454449999992
2.643133350000024
2.703944100000019
2.7830203500000157
2.880273000000023
2.995345650000017
3.1278819000000153
3.2773026000000267
3.4428949500000083
3.623901600000043
3.819342450000003
4.028371050000003
4.249873650000005
4.482781050000021
4.725934950000024
4.9781770500000055
5.238215400000017
5.504847150000009
5.776824900000016
6.052856700000014
6.33165060000003
6.612048300000019
6.892846950000008
7.172843700000028
7.450969350000024
7.726154700000006
7.997419650000008
8.263917750000017
8.52484710000003
8.779539449999994
9.027326549999984
9.26785200000001
9.500670299999996
9.72564780000003
9.94273994999999
10.1519913
10.353713700000021
10.548308099999998
10.736487299999997
10.919053200000018
11.097119550000004
11.271933750000033
11.445233249999994
11.618889150000005
11.770225500000018
11.844891300000011
11.901692550000028
11.940851999999985
11.962815149999992
11.967982949999985
11.95684545000003
11.929937250000005
11.887792950000016
11.83103624999998
11.76029085
11.676135900000006
11.579195100000003
11.470047600000022
11.349317099999999
11.217493650000037
11.075245500000026
10.922929050000013
10.76112345
10.590185099999996
10.410559500000025
10.222558500000018
10.026449400000036
9.822544050000015
9.6109761
9.391879200000032
9.165386999999997
8.931544050000001
8.690350350000017
8.441761350000025
8.185732499999986
7.922130150000011
7.650909750000022
7.371893099999996
7.0850356500000125
6.790248300000014
6.487486500000017
6.176661150000026
5.857772250000006
5.530864350000036
5.196071100000001
4.853437050000011
4.503184950000007
4.145537549999996
3.7808512500000018
3.409393350000011
3.031653899999986
2.648078400000013
2.2592460000000125
1.8657358500000143
1.4681716500000281
1.0672661999999988
0.6637768499999983
0.2585055000000042
0.0
0.0
0.0
0.0
0.0
0.0
0.0
0.0
0.0
0.0
0.0
0.0
0.0
0.0
0.0
0.0
0.0
0.0
0.0
0.0
0.0
0.0
0.0
0.0
0.0
0.0
0.0
