4.885334850000005
4.215570150000006
3.5454045000000054
2.8779118500000003
2.2161661500000136
1.5631968000000271
0.9219441000000218
0.29521470000004013
0.0
0.0
0.0
0.0
0.0
0.0
0.0
0.0
0.0
0.0
0.0
0.0
0.0
0.0
0.0
0.0
0.0
0.0
0.0
0.0
0.0
0.0
0.0
0.0
0.0
0.0
0.0
0.0
0.0
0.0
0.0
0.0
0.0
0.0
0.0
0.0
0.0
0.0
0.0
0.0
0.0
0.0
0.0
0.0
0.0
0.0
0.0
0.0
0.0
0.0
0.0
0.0
0.0
0.0
0.0
0.0
0.0
0.0
0.0
0.0
0.0
0.0
0.0
0.0
0.0
0.0
0.0
0.0
0.0
0.0
0.0
0.0
0.0
0.0
0.0
0.0
0.0
0.0
0.0
0.0
0.0
0.0
0.0
0.0
0.0
0.0
0.0
0.0
0.0
0.0
0.0
0.0
0.0
0.0
0.0
0.0
0.0
0.0
0.0
0.0
0.0
0.0
0.0
0.0
0.0
0.0
0.0
0.0
0.0
0.0
0.0
0.0
0.0
0.0
0.0
0.0
0.0
0.0
0.0
0.0
0.0
0.0
0.0
0.0
0.0
0.0
0.0
0.0
0.0
0.0
0.0
0.0
0.0
0.0
0.0
0.0
0.0
0.0
0.0
0.0
0.0
0.0
0.0
0.0
0.0
0.0
0.0
0.0
0.0
0.0
0.0
0.0
0.0
0.0
0.0
0.0
0.0
0.0
0.0
0.0
0.0
0.0
0.0
0.0
0.0
0.0
0.0
0.0
0.0
0.0
0.0
0.0
0.0
0.0
0.0
0.0
0.0
0.0
0.0
0.0
0.0
0.0
0.0
0.0
0.0
0.0
0.0
0.0
0.0
0.0
1.7000098499999903
4.244616750000015
6.805038899999994
9.376687650000022
11.954929800000022
14.535132149999981
17.112616950000028
19.682706450000005
22.240678350000028
24.78189945000002
27.301870200000018
29.796001949999997
32.25988425000001
34.68928485000003
37.07988240000001
39.427711950000024
41.72889764999999
43.9797864
46.17676965000001
48.31650615000001
50.40380730000002
52.34796930000002
54.22428165000002
56.0303832
57.764135550000006
59.4236676
61.007286450000024
62.513566500000024
63.94126035000002
65.28934335000001
66.55714725000001
67.74413745000001
68.85004665000002
69.87491939999998
70.81924575
71.68382760000001
72.47009055000002
73.18026210000002
73.8179508
74.38854719999999
74.90096129999999
75.37029555000004
75.82421550000002
76.31880960000001
76.94028209999999
77.25351315000002
77.43901935
77.50593345000003
77.46129435000005
77.31071535000001
77.0588742
76.70946855
76.26579510000002
75.73052685000005
75.10611405000003
74.39460600000002
73.59809655000002
72.71832314999999
71.75702325
70.71602340000003
69.59692740000001
68.4015618
67.13193135
65.78946165
64.37615745000001
62.89451355000001
61.346534700000014
59.734492950000025
58.0608831
56.32833360000003
54.539562000000004
52.69741950000001
50.804935499999985
48.851128425000006
46.89732135000001
44.56334685000003
42.18771810000002
39.775558350000026
37.33239180000001
34.86356445000001
32.37464505
29.871113250000004
27.358359599999993
24.841641000000024
22.32612525000002
19.81666830000001
17.317814250000012
14.833795350000006
12.368442900000005
9.925053600000012
7.506567750000009
5.11525740000002
2.752949100000028
0.4208457000000323
0.0
0.0
0.0
0.0
0.0
0.0
0.0
0.0
