29.928107229667013
30.049304082935635
30.164530677249672
30.27473210081922
30.380797864473415
30.48353997990943
30.583650397272105
30.68164347605386
30.77789597817968
30.872585313773982
30.965711390988805
31.05709810557723
31.14642004747954
31.233199223815163
31.316859246049336
31.39674898502789
31.47217368434607
31.542417579102935
31.606806923979104
31.664716557351863
31.715607939402734
31.75904920053744
31.794734993789962
31.822478742194008
31.84221368348539
31.85400002083352
31.858022024467974
31.854550679840123
31.843970569051805
31.826744778574632
31.803403480590827
31.774546848289358
31.740815980832267
31.702869315184735
31.661370243754938
31.616989182931803
31.570355623759376
31.52206286183905
31.472648523273147
31.422568310653574
31.372211050497715
31.321890552720006
31.271815327410813
31.222107535725865
31.172789900774756
31.123798275005694
31.07495627791128
31.026012587626507
30.976640117352026
30.926440672564496
30.874971480856477
30.821748471454786
30.76625467876142
30.707979687091616
30.646400704353027
30.58101841688468
30.511374511022936
30.437049921215195
30.357672881780736
30.27294253607129
30.182599426251226
30.086474618700368
29.98446016532472
29.87651870307778
29.762717108753986
29.64321230043663
29.51825366113137
29.38820002603161
29.253508664495307
29.114766180552635
28.972668127197895
28.82802543319924
28.681783019763813
28.535009830341707
28.391272142420586
28.244876968496282
28.104335944761843
27.968902008365895
27.840267562499786
27.720207646587014
27.610551433439582
27.51316680765259
27.429881383759422
27.362465654970435
27.31255884987593
27.28161428914913
27.270822977327857
27.28107768081015
27.312867322515864
27.366301447459108
27.441073026861268
27.53648903922648
27.651554606035415
27.784987608435863
27.935318946183717
28.10096161323414
28.280228940637734
28.471387122599833
28.672708335158905
28.884533328033505
29.09898863266514
29.320636835622356
29.54584401458867
29.773076136578844
30.00089118759315
30.22787753633466
30.45272100324886
30.674159523576396
30.890975616116556
31.102014677908187
31.306173120138585
31.502378873230548
31.68959978219703
31.866847615637422
32.033147353536386
32.18756258608084
32.32919562068377
32.45716487041663
32.57064029501025
32.66878097029307
32.75078304678169
32.81582446306723
32.86308475484084
32.8917054499534
32.90082595026112
32.88955976079769
32.85700377704429
32.802241001715885
32.724323240141416
32.6222518251251
32.49497817543773
32.34135773704319
32.16010718575298
31.949757522858445
31.70857583755633
31.434433237633826
31.124664696102563
30.775763269938253
30.382922042797347
29.93915692698064
29.433559953313704
28.847284427417062
28.142006766644837
27.208858216533727
24.994370575914765
23.77315283442281
22.925794439535967
22.21521450926708
21.58416462646459
21.008072615263654
20.47393934145261
19.97414890236112
19.503933609678697
19.060264917259346
18.64119329560649
18.245503492312782
17.87250495711828
17.52191478691885
17.193721931823188
16.888158167764015
16.60565711218011
16.346796317866684
16.112281142755425
15.902916639200708
15.719613186798322
15.56334795819008
15.435169389132607
15.336185271724394
15.267609900210045
15.230710887642681
15.22688337926905
15.257612648388054
15.32454743856702
15.429504271487495
15.574538991663617
15.762033078969143
15.994776242475199
16.276158255693378
16.610379755472444
17.00284607082709
17.460801888186097
17.99446235030013
18.61922891694383
19.360739987230776
20.2686668256852
21.473043425274447
24.35833121191928
26.207020035396976
27.42633435619737
28.460506495500987
29.396579813185127
30.269806113447885
31.09811847385039
31.891748524675076
32.656912154742315
33.397500233286216
34.11595453910144
34.81373485111722
35.49163501517984
36.14994512957577
36.788588185092976
37.40720014077563
38.0052030360678
38.58184756277487
39.13625325286259
39.66744355247888
40.17437080486969
40.65591869141858
41.1109363934286
41.538228974161974
41.93657904597206
42.304764461559984
42.64154315978917
42.94570309700918
43.21601446205486
43.45130330805447
43.65038788698114
43.81212860870101
43.93538681668837
44.0190874235784
44.06214216283664
43.874851607098606
43.82901800819793
43.73990572263054
43.606485594639935
43.42768372754232
43.20232252732843
42.92912712700224
42.60659991090077
42.23302758090559
41.80629925028757
41.3237990786003
40.7821746012469
40.17701099198654
39.502334721184056
38.74966335153699
37.90646712281392
36.95285367489797
35.85383058131371
34.5361429428949
32.77652038022961
28.719508731523675
26.6791778040212
25.207407459503145
23.96010083282602
22.842881126164503
21.813167677836688
20.847531909594764
19.931549172243116
19.055720111525577
18.213467547537256
17.400113030722704
16.612254075198777
15.847406374670275
15.103755922627508
14.379994609087188
13.675231270892521
12.988889413565095
12.320663384870855
11.670474704763832
11.038445916878727
10.424802648304516
9.830103833767636
9.254761205598244
8.40380492966797
7.565243513278759
7.0325067371153045
6.523469503352558
6.039107170294961
5.580412092235251
5.148333832098319
4.74380884504224
4.367684629394748
4.020724267082897
3.7035638835915643
3.4167020514919795
3.160417878676644
2.934777358863339
2.73960252851296
2.5744216207128283
2.4384460355245254
2.330539816694311
2.2491957212295213
2.1925140592750902
2.1581669814546696
2.1433814191076794
2.144940245009225
2.159165332615296
2.181972202598122
2.2088460682823188
2.234941949057693
2.2551336267551756
2.26412960598472
2.2565765009049508
2.2272300299849417
2.171081172124261
2.083546986187148
1.9606425175277127
1.7991443014495623
1.5967176244868302
