7.422100950000008
8.95323990000002
10.485002550000006
12.012577500000024
13.531064250000007
15.035829600000003
16.52219579999998
17.985796949999987
19.422356250000014
20.827908749999985
22.198845900000013
23.531692800000013
24.82337550000002
26.071176449999992
27.272645400000016
28.425688500000014
29.52856830000001
30.579903750000014
31.578625650000006
32.523976650000016
33.41560035000004
34.25349675000003
35.03793315
35.76962235000003
36.4496781
37.079615099999984
37.66148265000001
38.19804285000002
38.69272605
39.15021000000001
39.57668714999999
39.980755649999985
40.37466675000001
40.77690870000002
41.21697360000002
41.746316700000015
42.0485439
42.25766160000003
42.401290800000005
42.482594550000016
42.504735900000014
42.47061060000004
42.38311440000003
42.24487575000002
42.0586122
41.826863100000004
41.55225690000002
41.23715475
40.88400689999999
40.49517450000002
40.07297415000001
39.61963335000001
39.13742415
38.62844040000001
38.094775950000034
37.53848010000003
36.96142395000001
36.36556770000002
35.752604250000005
35.1243156
34.48221645000002
33.82791060000002
33.16269
32.48789114999999
31.80471690000001
31.1141919
30.41720715000003
29.71465365000001
29.007199650000018
28.295424300000008
27.579817650000017
26.860736099999997
26.138536050000013
25.4133957
24.685404150000004
23.95460595
23.221045650000015
22.48458960000002
21.7451487
21.002500200000007
20.256555000000006
19.507090350000034
18.75383895
17.996667149999983
17.235352199999987
16.469715900000004
15.699580050000026
14.924811000000027
14.145275100000003
13.360883249999992
12.57163545000002
11.7774426
10.978304700000022
10.17426630000001
9.365371950000009
8.551666199999996
7.733238150000005
6.9101769000000015
6.08257155000001
5.25055575000001
4.414174050000022
3.57360465
2.7288921000000217
1.8801255000000237
1.0274385000000188
0.17083110000003132
0.0
0.0
0.0
0.0
0.0
0.0
0.0
0.0
0.0
0.0
0.0
0.0
0.0
0.0
0.0
0.0
0.0
0.0
0.0
0.0
0.0
0.0
0.0
0.0
0.0
0.0
0.0
0.0
0.0
0.0
0.0
0.0
0.0
0.0
0.0
0.0
0.0
0.0
0.0
0.0
0.0
0.0
0.0
0.0
0.0
0.0
0.0
0.0
0.0
0.0
0.0
0.0
0.0
0.0
0.0
0.0
0.0
0.0
0.0
0.0
0.0
0.0
0.0
0.0
0.0
0.0
0.0
0.0
0.0
0.0
0.0
0.0
0.0
0.0
0.0
0.0
0.0
0.0
0.0
0.0
0.0
0.0
0.0
0.0
0.0
0.0
0.0
0.0
0.0
0.0
0.0
0.0
0.0
0.0
0.0
0.0
0.0
0.0
0.0
0.0
0.0
0.0
0.0
0.0
0.0
0.0
0.0
0.0
0.0
0.0
0.0
0.0
0.0
0.0
0.0
0.0
0.0
0.0
0.0
0.0
0.0
0.0
0.0
0.0
0.0
0.0
0.0
0.0
0.0
0.0
0.0
0.0
0.0
0.0
0.0
0.0
0.0
0.0
0.0
0.0
0.0
0.0
0.0
0.0
0.0
0.0
0.0
0.0
0.03749294999999861
1.0387541999999996
2.000054100000011
2.9205016500000314
3.799339500000017
4.636033050000011
5.4302259
6.181650750000026
6.890352150000006
7.556463750000019
8.180475600000026
8.7631005
9.305452200000012
9.808956300000009
10.275706650000018
10.708599000000008
11.111553750000027
11.490095099999987
11.852286600000015
12.210201300000012
12.582862050000006
13.002300300000005
13.42579260000002
13.649032650000002
13.811773800000033
13.915530749999983
13.961907300000014
13.9522845
13.888221599999987
13.77127785
13.602967950000007
13.385029350000025
13.119199500000008
12.807349500000008
12.451439550000014
12.053697150000005
11.616305250000007
11.141669550000028
10.632463049999995
10.091314200000017
9.521163300000012
8.925039750000028
8.306062050000003
7.667571450000023
7.012909200000037
6.345550200000011
