6.013094817916326
5.7215749297923235
5.497245695350964
5.341186906855421
5.254228865245702
5.236956257127472
5.289744058269548
5.4128143107692
5.606265406662376
5.870203546899309
6.204829165029382
6.610600856378739
7.088405224453181
7.639868010534094
8.267727689079678
8.976521826865797
9.773703720056423
10.67172599828667
11.692540503401332
12.878784817110448
14.33184478354044
16.484120163833232
20.36371868564768
22.018603819719857
23.30214538621166
24.398260604331064
25.37119489508549
26.252160468026997
27.05898938191665
27.802862106766078
28.491270048935867
29.129464503366115
29.721229772828238
30.269374911545757
30.776034225093763
31.242837695619585
31.671076410086528
32.061772878353096
32.41577738727712
32.73378682287414
33.016420317735765
33.26422928805077
33.47773600888624
33.6574561715476
33.80391443010437
33.91765830326126
33.99926137153536
34.04935926737678
34.06862215625906
34.05779441184998
34.017659431692394
33.949088826732336
33.85301556202038
33.73045725162468
33.58247245589779
33.410205594336006
33.21484127241835
32.997617731515085
32.75981526985056
32.50275815474191
32.22777229886621
31.9361837110512
31.629335484942413
31.308526975475562
30.97500780729745
30.629957185306203
30.27444909232516
29.90942618016541
29.535610830924124
29.15349155582132
28.763220892624496
28.364531770296555
27.956582471760125
27.537807297745275
27.105541686837114
26.65554212757158
26.18087312668691
25.66974148704134
25.099554876924337
24.415390205570418
23.30281555724043
21.757679768172967
21.075948041031435
20.535701516818182
20.06838737227564
19.646348068576263
19.254774736298025
18.88454612389995
18.529558129065762
18.185531621300544
17.849425898526217
17.51902838769303
17.1927912616977
16.86968912882882
16.5490872457125
16.230727738032787
15.914637887140158
15.601047831725387
15.290427789804086
14.983393428176726
14.680718128059905
14.383274889210139
14.092044580467274
13.80807070988346
13.532439750312863
13.266280966282725
13.010719444251485
12.76688322669243
12.535911069369973
12.3188892454303
12.116912599667062
11.931011650706969
11.762210881861305
11.611498011830285
11.479823340382099
11.368106989072585
11.277249829064964
11.208124860621947
11.161598355627534
11.138516664936201
11.139699924525443
11.165991553476392
11.21821251787996
11.297220383285566
11.403881228722662
11.539074334578972
11.703740184604069
11.898890041366062
12.1256219673525
12.38519352202632
12.679073811803661
13.009051242531532
13.377375419736753
13.787019708277585
14.242060921286347
14.7483739692475
15.314947047407195
15.956706461478118
16.701555678811943
17.614467735979623
18.97114928814815
21.408656931665828
22.45090691565028
23.258146096335818
23.945844802998018
24.554294119186363
25.10276862970314
25.601880177252706
26.057978666566452
26.47495555032247
26.85524208509283
27.20031342018093
27.510984032619763
27.787622942347603
28.03025170304166
28.238655065759968
28.412427410981962
28.551040962636336
28.65383400388376
28.720094731085457
28.74901466451104
28.739695198062346
28.69115634784922
28.602272863411436
28.471774706782764
28.29814652276751
28.07959683690805
27.81386763195683
27.498102364014528
27.128479379980227
26.699703571072504
26.203994718225967
25.629067255118517
24.953609541418984
24.134247004987323
23.05007720440009
20.449968660500055
18.929026585330927
17.895571715675885
17.02982311836852
16.260087629404303
15.556188133600022
14.902302826709247
14.289157612631671
13.710895410838164
13.16364237574279
12.644759429711753
12.152412331500415
11.685296368642451
11.242451866394294
10.823199189748335
10.426982873953104
10.053387210635517
9.702052879943196
9.372657980681986
9.06491668277691
8.778520030697118
8.5131766954904
8.268555537022639
8.04430515950974
7.840050234953726
7.655397220359646
7.489946431251537
7.343300345850589
7.215081954547111
7.1049347569984205
7.012545525591275
6.937652911073055
6.880057441821405
6.839634797867125
6.816338097756825
6.810223412121614
6.821448832353717
6.8502545581147665
6.896990069102182
6.962081655444779
7.046061023469729
7.149532565084737
7.273212926421386
7.41789437234889
7.584472769183723
7.773986775456516
7.987603203988936
8.226649629932634
8.492642575894907
8.787356208597942
9.11288314225806
9.4717631416262
9.867177801008822
10.30324105424495
10.785504375752398
11.321833941198616
11.924092546328714
12.611798858376055
13.421739733755686
14.443487685574691
16.223655743642514
18.584636873979242
19.673644637513107
20.56220954786248
21.34828552992358
22.069858277633656
22.746369414313886
23.389276390667693
24.005992771710307
24.601583074332684
25.179667735295443
25.742912990070142
26.293322344951562
26.83239268694362
27.361257818546942
27.88075012292293
28.39144093844041
28.893723143164788
29.38777975080112
29.873653457753218
30.35122870168757
30.82028126130108
31.280482816906733
31.731410581236556
32.17260492911986
32.60357910782178
33.02382103655547
33.43283951816333
33.830165359161256
34.21536767890513
34.588081266704904
34.94800529296585
35.294899813936674
35.62862867496518
35.94914066843946
36.256483496202804
36.550813597623154
36.83236844232154
37.10151313011327
37.3586852775635
37.6044495075627
37.839432245441785
38.06432605519896
38.279908205863165
38.486944438698586
38.6862741318249
38.8786632457414
39.064925677096134
39.245808654140475
39.4220374704425
39.59428497741056
39.763175580437476
39.92929855955521
40.09317314806011
40.25528534325706
40.41604608583601
40.57583420267917
40.73493671839651
40.89358523014751
41.051921615414464
41.20998298209506
41.367699258512005
41.52486188604023
41.68109074883418
