60.88464030000002
61.2364071
61.59672750000001
61.96243845000001
62.33051055000004
62.69809260000004
63.06246705000002
63.421317300000005
63.77241585000003
64.11398070000001
64.44458624999999
64.7631633
65.06926635000002
65.36311815000002
65.64583245
65.91977039999999
66.18894150000003
66.46011735
66.74403450000001
67.05802290000003
67.3067901
67.44689985000001
67.54624635
67.60407225
67.61993205
67.59351390000005
67.52455049999999
67.4129973
67.25880975
67.06216605
66.82311075
66.54200025000002
66.21910185000002
65.85472740000003
65.44936695
65.00342145
64.51742550000003
63.99204735000002
63.427821600000016
62.825505600000014
62.185812150000004
61.50954315
60.79754505000002
60.05070885000002
59.27001465
58.45653165
57.61123995000001
56.73538695000002
55.830041850000015
54.896496600000006
53.93595404999999
52.94979525
51.939267600000036
50.905752150000026
50.13459165
48.93927059999999
47.723189250000026
46.48812960000001
45.235873650000016
43.96820340000001
42.68676720000002
41.39330250000002
40.08936855000002
38.77643550000001
37.45606260000002
36.12954179999999
34.79807594999999
33.462957
32.12512050000004
30.78554654999999
29.44503704999999
28.104304800000023
26.763973500000024
25.424399550000004
24.08593935
22.748860200000017
21.413206649999985
20.07897869999999
18.745998150000013
17.414086800000025
16.082843700000026
14.751912450000036
13.42080300000002
12.088936200000013
10.755688349999982
9.420435750000014
8.08255470000003
6.741287850000017
5.396056050000011
4.046235600000004
2.691158250000008
1.3302894000000114
0.0
0.0
0.0
0.0
0.0
0.0
0.0
0.0
0.0
0.0
0.0
0.0
0.0
0.0
0.0
0.0
0.0
0.0
0.0
0.0
0.0
0.0
0.0
0.0
0.0
0.0
0.0
0.0
0.0
0.0
0.0
0.0
0.0
0.0
0.0
0.0
0.0
0.0
0.0
0.0
0.0
0.0
0.0
0.0
0.0
0.0
0.0
0.0
0.0
0.0
0.0
0.0
0.0
0.0
0.0
0.0
0.0
0.0
0.0
0.0
0.0
0.0
0.0
0.0
0.0
0.0
0.0
0.0
0.0
0.0
0.0
0.0
0.0
0.0
0.0
0.0
0.0
0.0
0.0
0.0
0.0
0.0
0.0
0.0
0.0
0.0
0.0
0.0
0.0
0.0
0.0
0.0
0.0
0.0
0.0
0.0
0.0
0.0
0.0
0.0
0.0
0.0
0.0
0.0
0.0
0.0
0.0
0.0
0.0
0.0
0.0
0.0
0.0
0.0
0.0
0.0
0.0
0.0
2.5396437000000347
5.747510999999985
8.984157599999989
12.242010000000011
15.513450150000011
18.790592700000015
22.065552300000025
25.33017630000002
28.5764457
31.796296950000023
34.981800150000026
38.12502540000001
41.21826555000001
44.25399165
47.224942049999996
50.12407785000002
52.86256635000001
55.493778450000015
58.02978720000003
60.46546934999999
62.796280799999984
65.01874665000003
67.12939200000002
69.12509835
71.00332635000002
72.76180395000003
74.39892735
75.91340459999999
77.30443380000001
78.57183675
79.71596985
80.73825870000002
81.64115355000001
82.42942124999999
83.11157085000002
83.7035958
84.23895315000001
84.79881300000001
85.54934685
85.92343319999998
86.08942650000002
86.07013634999998
85.88115525000002
85.53375435
85.03635360000001
84.39545729999999
83.61627779999998
82.70331465
81.66053280000003
80.4914517
79.19959080000004
77.78851410000001
76.26169650000001
74.62292475
72.87620835000003
71.02577954999998
69.07640520000002
67.03245120000001
64.89961995000002
62.68334655000001
60.389467050000015
58.024084800000026
55.593481350000005
53.104250100000016
50.56293990000003
47.84064532500002
45.11835075000001
41.99192085000001
38.84281500000003
35.68168065000003
32.519120699999995
29.365337099999984
26.230086300000007
23.122590150000004
20.051402250000002
17.024229750000014
14.047844250000004
11.127948150000007
8.269174650000007
5.4750432000000115
2.7478258499999866
0.0886363499999922
0.0
0.0
0.0
0.0
0.0
0.0
0.0
0.0
