29.113306375231858
29.32007763771905
29.60461932682792
29.96538957460554
30.398837427007585
30.89967887061038
31.4615834310845
32.07616528054578
32.73611372691052
33.43273920822287
34.15759812230806
34.90239991705524
35.65914863456052
36.42020965606038
37.17836611733223
37.9268445030475
38.659346103204726
39.370038892934964
40.053519979288026
40.70484077243362
41.319467029689804
41.893239520175825
42.422404938257365
42.90390200358369
43.33361300067594
43.70985528136873
44.02998036295993
44.29136856692165
44.49256531513718
44.63175640492163
44.70743477471558
44.718260015553405
44.663000610147165
44.54048392835693
44.34953517457943
44.08896000489463
43.757443384413094
43.353506291255215
42.87541588123486
42.32108446667713
41.68788689355953
40.97250705680099
40.170624337536324
39.27653127676032
38.28220302061807
37.17671042480655
35.94372115449998
34.55772883199946
32.975094936067634
31.10840397589576
28.717320826581023
23.082393833798555
19.64112710304182
17.384999279478656
15.508186736857997
13.83951297535131
12.306804641554866
10.871812675201369
9.511602599900298
8.211328324407694
6.960910716995263
5.753258522423936
4.583306817463225
3.4473962642801403
2.342852908495985
1.2678022061488718
0.22091447701036715
0.0
0.0
0.0
0.0
0.0
0.0
0.0
0.0
0.0
0.0
0.0
0.0
0.0
0.0
0.0
0.0
0.0
0.0
0.0
0.0
0.0
0.0
0.0
0.0
0.0
0.0
0.0
0.0
0.0
0.0
0.0
0.0
0.0
0.0
0.0
0.0
0.0
0.0
0.0
0.0
0.0
0.0
0.0
0.0
0.0
0.0
0.0
0.0
0.0
0.0
0.0
0.0
0.0
0.0
0.0
0.0
0.0
0.0
0.0
0.0
0.0
0.0
0.0
0.0
0.0
0.0
0.0
0.0
0.0
0.0
0.0
0.0
0.0
0.0
0.0
0.0
0.0
0.0
0.0
0.0
0.0
0.2130197776987029
0.7704352536069519
1.4218442683925547
2.3585554427440876
3.9482902350119846
4.614809438343416
5.122277581446495
5.548375530672843
5.92222908315596
6.259026602881802
6.568007108842489
6.855430486262264
7.12582694096471
7.382673158629842
7.628720363724874
7.866353606554101
8.09730382876057
8.323539083135845
8.546525022759266
8.767713050083428
8.98843088728119
9.20995024902544
9.43343818288205
9.660053334228902
9.890910529766844
10.12704776033939
10.369503843984866
10.619310908539926
10.87743420628375
11.144830380127567
11.422418082482832
11.711104838218443
12.011742166831176
12.3251703022337
12.65220882540936
12.993628914900803
13.350205831302992
13.722654921753287
14.111703230378449
14.518062656774385
14.942343058397167
15.385216149079646
15.847272559536933
16.329076978987167
16.83110861110902
17.353816814593397
17.89758282074813
18.46272825021558
19.049473859307014
19.65799650554643
20.288350451097305
20.940527003255088
21.61442216606781
22.309860214522217
23.026469365101754
23.763912712141046
24.52166486751097
25.299146543577834
26.09565199187825
26.910381715608697
27.742435629599882
28.59081255367243
29.454420924814855
30.332046100708098
31.22240530040824
32.12411810364756
33.03573068500627
33.95572570988117
34.882520981318464
35.81447831322847
36.74991157157246
37.68708608482618
38.624214638489775
39.55949632299951
40.491110904169076
41.41723035971492
42.33602879997241
43.24567596396548
44.14434622107377
45.03025755856458
45.90188299539921
46.756676449182855
47.59372532522766
48.41108059458256
49.20713333570019
49.980309890572016
50.729099251244975
51.452094406192195
52.1479346018135
52.8153521320251
53.45317572030698
54.06030816462915
54.63572189436257
55.17849012684481
55.6877783792211
56.16282167542158
56.60295969053152
57.00757704150814
57.37618379705688
57.708300975667974
58.0035759992846
58.26152128389607
58.481890961450205
58.66438700024642
58.808717813804485
58.91460291053423
58.98174053343442
59.00980464369511
58.99846453053931
58.94730443361888
58.855890625066
58.10050163125767
57.893354764971676
57.645394863976556
57.35621217508445
57.02524502446736
56.65177027486387
56.23491426770713
55.773616282854235
55.26659817620712
54.71234783898539
54.10904737842465
53.45455145147365
52.74629640138296
51.981248204819956
51.15574071452959
50.26528099074255
49.30427309737448
48.26554063621974
47.13954562954405
45.91299998914286
44.5661963228835
43.067217806029674
41.35704001824714
39.297043997200014
36.264008461867334
30.933993988936074
28.679546327523322
26.948400692867736
25.488170456761683
24.208758507365363
23.066904949051008
22.03896162971365
21.111209863966792
20.27569429825585
19.527966947554624
18.865882987879473
18.288882245285226
17.797440928025527
17.392741895472895
17.07647112982263
16.850592484214015
