0.0
0.0
0.0
0.0
0.0
0.0
0.0
0.0
0.0
0.0
0.0
0.0
0.0
0.0
0.0
0.0
0.0
0.0
0.0
0.0
0.0
0.0
0.0
0.0
0.0
0.0
0.0
0.0
0.0
0.0
0.0
0.0
0.0
0.0
0.0
0.0
0.0
0.0
0.0
0.0
0.0
0.0
0.0
0.0
0.0
0.0
0.0
0.0
0.0
0.0
0.0
0.0
0.0
0.0
0.0
0.0
0.0
0.0
0.0
0.0
0.0
0.0
0.0
0.0
0.0
0.0
0.0
0.0
0.0
0.0
0.0
0.0
0.0
0.0
0.0
0.0
0.0
0.0
0.0
0.0
0.0
0.0
0.0
0.0
1.5921988499999893
3.2613982500000103
4.8422104500000245
6.3305368500000245
7.722858000000002
9.016189050000024
10.208257950000007
11.297639099999994
12.284154300000031
13.169184600000015
13.956650400000022
14.654971650000004
15.28081005000002
15.86927100000001
16.503083849999996
17.431728599999992
18.227391600000004
18.704522100000013
18.986211750000034
19.084043550000004
19.007417550000024
18.764219100000034
18.36135345000001
17.805102150000025
17.101301250000013
16.255564049999993
15.273548400000024
14.160689400000024
12.922644900000009
11.565206399999994
10.094299050000014
8.516115300000013
6.837025800000016
5.063713049999993
3.2030823000000193
1.2623060999999907
0.0
0.0
0.0
0.0
0.0
0.0
0.0
0.0
0.0
0.0
0.0
0.0
0.0
0.0
0.0
0.0
0.0
0.0
0.0
0.0
0.0
0.0
0.0
0.0
0.0
0.0
0.0
0.0
0.0
0.0
0.0
0.0
0.0
0.0
0.0
0.0
0.0
0.0
0.0
0.0
0.0
0.0
0.0
0.0
0.0
0.0
0.0
0.0
0.0
0.0
0.0
0.0
0.0
0.0
0.0
0.0
0.0
0.0
0.0
0.0
0.0
0.0
0.0
0.0
0.0
0.0
0.0
0.0
0.0
0.0
0.0
0.0
0.0
0.0
0.0
0.0
0.0
0.0
0.0
0.0
0.0
0.0
2.3830059000000112
5.12207355
7.861319400000015
10.596065699999997
13.321723800000033
16.033794150000002
18.727999949999997
21.400108950000003
24.04611164999999
26.662132200000016
29.244562050000017
31.78983720000003
34.29466095000002
36.75587025000001
39.17052480000003
41.53586250000001
43.84938854999999
46.10892000000003
48.31222935000001
50.46296969999998
52.47400125000003
54.42150450000002
56.304276599999994
58.12120379999999
59.871484200000026
61.55436045000002
63.16925340000002
64.71576210000003
66.19370835000004
67.60282485000002
68.9432007
70.21492500000004
71.41813140000001
72.55322085
73.62059430000001
74.62083090000003
75.5545989
76.42265565
77.2261149
77.9661795
78.6443196
79.26258450000003
79.82346900000002
80.33035889999998
80.7880656
81.20353890000001
81.58738170000001
81.95692394999998
82.34241510000001
82.80154740000003
83.02452015
83.15799195000001
83.20922445
83.18213805
83.07998490000003
82.90557165
82.66130400000003
82.3491867
81.97104630000001
81.52862024999999
81.02333415000001
80.45656905
79.82957235000003
79.14368055
78.39996284999998
77.59966665000002
76.74386115000001
75.83370464999999
74.87044455000003
73.85515004999999
72.78911310000001
71.67353655000004
70.50971235
69.29902155
68.04293430000003
66.74256435000001
65.3995155
64.01521335000001
62.59143990000001
61.12966530000003
59.63149335
58.09857240000002
56.532506250000004
54.934987800000016
53.30766540000001
51.65218739999999
49.9295874
48.20698740000001
46.484387400000024
44.48863650000002
42.47283809999999
40.43930879999998
38.39018700000001
36.327833850000005
34.25425410000002
32.17167524999999
30.082102050000028
27.987583800000014
