0.0
0.0
0.0
0.0
0.0
0.0
0.0
0.0
0.0
0.0
0.0
0.0
0.0
0.0
0.0
0.0
0.0
0.0
0.0
0.0
0.0
0.0
0.0
0.0
0.0
0.0
0.0
0.0
0.0
0.0
0.0
0.0
0.0
0.0
0.0
0.0
0.0
0.0
0.0
0.0
0.0
0.0
0.0
0.0
0.0
0.0
0.0
0.0
0.0
0.0
0.0
0.0
0.0
0.0
0.0
0.0
0.0
0.0
0.16137057689517179
0.6988304980782334
1.317315062548024
2.045798313154594
2.9448462499641597
4.21077314473394
6.9981510055664735
8.313241942938557
9.322617008295257
10.206134300173986
11.018789509384195
11.786118398284048
12.52237315632389
13.236344793870774
13.933789672703634
14.618642943079319
15.293630962546233
15.960641876109772
16.620936834340483
17.275312033058306
17.92416866500908
18.56766395661348
19.205708956447012
19.83802517392244
20.464167559452882
21.083542139015353
21.69545013741025
22.299089220803907
22.893587016626007
23.47801767048873
24.05154487711518
24.613080984371088
25.161812901018575
25.69679918068877
26.217180394836458
26.722132756723855
27.21088029618685
27.682741758815013
28.137088614464062
28.57340029114407
28.991233324833633
29.390282091218772
29.770322611777438
30.131242652836608
30.47305523710832
30.79582317107213
31.099750066045395
31.385090834193797
31.652178068781012
31.90142021123865
32.13328135879455
32.34826023424982
32.54691027819293
32.72980903063198
32.897576368456846
33.05083124073106
33.1902205555593
33.31634627214591
33.42984395318178
33.53127297039342
33.621169191337785
33.69999541676111
33.76812644875721
33.825826153625904
33.87323052899296
33.910350374479364
33.93706066734026
33.95306199393429
33.95790647232481
33.950994842590774
33.931574360071686
33.8987291962797
33.851388925777584
33.788348751387105
33.70824694383192
33.609598492200526
33.490750688618135
33.349890049947874
33.185059066264934
32.99411386876674
32.77475067167449
32.524435195085275
32.240429418985066
31.91975809494305
31.55912480127749
31.154905712124666
30.7030255111163
30.198791493389052
29.636768152081267
29.01032179741813
28.311108797190528
27.528095010576724
26.645610335794096
25.639529813327748
24.46769629954706
23.040085400799803
21.056516403784265
16.619319621541653
14.532066258190834
12.956918923120547
11.60039081145121
10.373964332185349
9.237280431636869
8.168507196692191
7.154752634576603
6.188053587391717
5.263475489945968
4.3779944709494085
3.529940255114407
2.718561720509273
1.9437951562302795
1.2061002591468104
0.5062599396849202
0.0
0.0
0.0
0.0
0.0
0.0
0.0
0.0
0.0
0.0
0.0
0.0
0.0
0.0
0.0
0.0
0.0
0.0
0.0
0.0
0.0
0.0
0.0
0.0
0.0
0.0
0.5790392806225464
1.4663069290990984
2.4512882519939625
3.5518253168149894
4.797835454708315
6.245476694740454
8.025913490613362
10.704339240457184
15.463336977759687
17.512994404018023
19.13326925224561
20.542888546345402
21.818748499401245
22.998373221073326
24.103142544659043
25.146417120061912
26.13697520041334
27.080770892142155
27.981887476688474
28.843109036280495
29.666260945905464
30.45247274276229
31.20234462014095
31.916041530249174
32.593408598448725
33.23402152273998
33.837257515340696
34.40261120771482
34.928333725996545
35.41427479255374
35.85909569890113
36.26170914079489
36.62100780683722
36.93587631436317
37.205240672966966
37.42803168855425
37.60321557924843
37.72985781710373
37.807015383062875
37.833866617452074
37.80961872593021
37.73355029920326
37.60499392327314
37.42333852520897
37.18804559452934
36.898546987277726
36.554346482297056
36.15490240792556
35.69959772501006
35.18776209802467
34.61851862562772
34.138426564519285
33.30290588431512
32.55284686959775
31.73748032595396
30.85220836006566
29.890030921674253
28.839854409623634
27.68303818723406
26.38506766594726
24.87030513131466
22.897381451783648
18.438551344982365
16.269564847993895
14.749722587677594
13.502982599697429
12.424831470289762
11.467955387280174
10.606275953802236
9.823679511198637
9.10940808690532
8.455839008028784
7.857315616171215
7.309451025318671
6.8087115875567985
6.3521357120941175
5.937111090369811
5.561281047749113
5.222451691145445
4.91850317467727
4.647302570406891
4.406752063014124
4.1947084202354725
4.008999704594734
3.8474001708902428
3.7076356873447684
3.587411957823446
3.4843402111645854
3.396039973413476
3.3201205067785553
3.254184990851264
3.195873948421654
3.1428833902775324
3.0929899635181335
3.044067162704332
2.994109606163006
2.941310307477735
2.8840383564748753
2.8208729869970637
2.7506416618527556
2.672454652274525
2.5856887238405353
2.4900219050979877
