55.10260579999999
55.25033359999999
55.397823799999955
55.54412600000001
55.68831949999999
55.82963210000002
55.967499499999974
56.10156529999998
56.23174040000002
56.3582624
56.48184410000002
56.60373289999996
56.71172209999996
56.76090529999997
56.79241700000001
56.80506919999996
56.7979709
56.770231100000004
56.721137
56.650183700000014
56.55692570000001
56.44112540000001
56.30272339999998
56.141808799999964
55.9585598
55.7533922
55.526781199999995
55.279380200000006
55.0119317
54.72529700000001
54.4203671
54.098211200000016
53.7598985
53.40649820000001
53.039138899999976
52.65903829999999
52.267325
51.86512760000001
51.453574700000004
51.03379489999997
50.606798
50.173623500000005
49.73522180000001
49.292483899999986
48.84624139999998
48.397236799999995
47.94618289999998
47.49370339999999
47.04033289999997
46.58654659999998
46.13279
45.67941949999997
45.22667269999997
44.77484659999998
44.324119399999994
43.87460990000001
43.42649629999997
42.979837999999965
42.53472409999998
42.091184299999995
41.64933739999996
41.2092131
40.770870799999976
40.334429300000004
39.89994799999999
39.46763479999997
39.03760850000002
38.61004729999999
38.185248200000004
37.763419099999986
37.34488670000001
36.9300074
36.51916729999997
36.11275249999999
35.711208499999955
35.31506989999999
34.9248119
34.54102849999999
34.1642246
33.795053600000024
33.434109500000005
33.082016
32.739426499999986
32.406935000000004
32.08522459999998
31.77488929999999
31.476582500000013
31.190838800000016
30.91825220000002
30.659357300000018
30.414688699999974
30.18469189999999
29.969812399999984
29.770465999999974
29.5870388
29.41982779999998
29.269130000000008
29.135242400000013
29.01831349999999
28.91858089999999
28.836163399999997
28.757131700000027
28.660131500000006
28.593514400000004
28.55540929999998
28.544153
28.558319900000022
28.596692300000004
28.658111899999998
28.741598599999993
28.846172300000013
28.970941999999983
29.11510579999999
29.27777269999996
29.45817049999999
29.655467600000026
29.8689215
30.097730299999984
30.341121800000003
30.598264399999994
30.86841559999998
31.150773500000007
31.444565899999983
31.749020600000012
32.063424799999986
32.3869766
32.718992899999996
33.05873119999996
33.405538099999966
33.75873050000001
34.117654999999985
34.48168789999997
34.85026490000001
35.222762299999985
35.59867519999999
35.97749869999999
36.3587576
36.742006400000015
37.12682929999997
37.512840200000014
37.899742100000005
38.28717860000003
38.674912099999986
39.062675299999995
39.450319699999966
39.837637399999956
40.22453929999999
40.610936299999985
40.9967393
41.38191859999999
41.76650390000001
42.15049519999995
42.53395189999999
42.91696309999997
43.299617899999994
43.68200539999999
44.064274099999984
44.44654280000002
44.8289006
45.21152569999998
45.5945369
45.97805300000002
46.3621631
46.74701570000001
47.13267020000002
47.51921569999998
47.9067413
48.29527669999996
48.6848813
49.07555510000001
49.46729810000001
49.86013999999999
50.25402139999999
50.64888290000002
51.04469479999997
51.44136799999997
51.83884309999998
52.237031
52.635842599999975
53.035188799999986
53.434921099999954
53.835009799999995
54.235306400000006
54.63572179999998
55.036196599999975
55.436582299999976
55.836819500000026
56.23678939999998
56.63646229999996
57.03574909999996
57.43456069999998
57.83280799999997
58.230491000000015
58.627520600000004
59.0238671
59.41944139999999
59.8142435
60.208184299999985
60.60123410000002
60.99336319999998
61.384541900000016
61.77468109999997
62.1638105
62.551841
62.9387726
63.324575600000024
63.70919059999996
64.09261759999998
64.4748269
64.85575910000004
65.2354142
65.61376250000002
65.99074460000001
66.36639019999998
66.74061019999999
67.11343429999998
67.48480309999998
67.854776
68.22329359999998
68.59041529999998
68.95611139999998
69.32041160000001
69.6833753
70.04506190000001
70.4055011
70.76475229999998
71.12293430000001
71.48010650000002
71.83638769999999
72.19186699999997
72.54672260000001
72.90104360000002
73.26308659999998
73.60926979999999
73.95533419999998
74.30142830000001
74.64770059999998
74.9943293
75.34143319999998
75.68913110000003
76.03760120000001
76.38696229999998
76.7372441
77.08862480000002
77.44110440000001
77.79471260000004
78.14947909999998
78.5053742
78.86230879999998
79.22016409999999
79.5788213
79.93810219999996
80.29770980000004
80.65737680000002
81.01677649999996
81.37549309999996
81.7330811
82.08903560000002
82.44279229999998
82.79375720000002
83.14130660000001
83.48466829999997
83.82315919999999
84.15594770000003
84.4822913
84.80132869999997
85.11225799999998
85.41421789999997
85.70643620000001
85.98811099999998
86.25852949999997
86.51703830000001
86.76307310000003
86.99615869999998
87.21605749999998
87.42262099999999
87.61602739999996
87.7966628
87.96529939999996
88.12315489999996
88.2719519
88.4140664
88.5026318
88.5430535
88.55802230000003
88.5474491
88.51142300000001
88.450241
88.36431889999999
88.25433980000003
88.12110559999999
87.96562610000002
87.78908929999999
87.59280200000002
87.37830859999997
87.14721289999997
86.9012375
86.64231289999996
86.3723399
86.0933678
