0.0
0.0
0.0
0.0
0.0
0.0
0.0
0.0
0.46597751212190586
1.083035806372602
1.7997670431209885
2.639875998925219
3.651322351369112
4.959964763926617
7.945536930171645
10.127020666335314
11.45307079846618
12.553605682350437
13.534322174429944
14.43796307135942
15.286907312527589
16.094573951411608
16.869813776410417
17.61880559679118
18.346090075555523
19.055093923938507
19.748523255280162
20.428487270933363
21.096729355278637
21.754640391078958
22.40334898577767
23.043778323430303
23.67666571637052
24.30259518691368
24.92203612891479
25.53535667771019
26.142783172710562
26.74448050469192
27.340524835782354
27.930927935430358
28.51561921491804
29.09445175806173
29.667260784850928
30.233805618680393
30.793813500357476
31.346962445919093
31.89290473689087
32.43126547527562
32.96158781740756
33.48342625193948
33.99628402890782
34.499650220802465
34.99297942207009
35.47572592921084
35.94735641908034
36.40727758412865
36.85493072541873
37.28973828630195
37.711109761081374
38.118491158559536
38.51133474275
38.88912900558101
39.2513830356142
39.59766388351696
39.92757412604305
40.24078493464658
40.537002302275006
40.816003208638506
41.077612129996
41.321701904384305
41.548235738836645
41.75719433569128
41.948652146248655
42.122743391645685
42.279604154104774
42.41941741442444
42.542400704359515
42.64877887636954
42.738764433021935
42.81278048129407
42.87057036532202
42.91284496166791
42.93965802637791
42.9512193186603
42.947718014752624
42.92931562480777
42.896162402147205
42.848386292722154
42.786052284313065
42.709221901426105
42.61785015496467
42.51189326117151
42.39118973745939
42.25555485300907
42.10469886029135
41.93828451980549
41.75589388833437
41.557065062133525
41.3412532426852
41.10785300434256
40.856205843360854
40.58555613112108
40.29513517501266
39.98410126201214
39.65148570447264
39.29635397262966
38.9176759325165
38.514256173252555
38.08481174071536
37.627868679910975
37.1417239303383
36.62436221308057
36.07333860810126
35.4856191574051
34.85723770703474
34.1828469800012
33.454919519769845
32.662088281344644
31.785752975662177
30.79136823767906
29.5995351033522
27.896040948290256
24.567217759424935
23.13220542623707
22.041664703752105
21.120519685461694
20.308740175913343
19.57730176545204
18.909768384499053
18.295951608868645
17.729202796908943
17.20498472827713
16.720123702561906
16.272410929905288
15.860262213561406
15.482568838306364
15.138582161348303
14.8278009657609
14.549930656859202
14.304861812817336
14.092609051427921
13.913326096544498
13.767249073587148
13.654707867646454
13.57610125345624
13.531917900567564
13.522687217614514
13.549039710578656
13.61170964624289
13.711496687765484
13.849383479386564
14.026492582266837
14.244172834849838
14.504084275764743
14.808196014363029
15.15899153501439
15.55959745437309
16.01407756314526
16.527861507229602
17.108555350747373
17.767202027448988
18.521111814703634
19.399970842319817
20.463854760454637
21.88250032624221
25.246821363633856
27.05164920097708
28.316221989033913
29.39056929789481
30.358526113295703
31.255683293319862
32.10070045883885
32.904525078845246
33.67403539722328
34.41373687178223
35.126638412806415
35.81473759422691
36.47932251445773
37.121203408373134
37.74076510049075
38.33811918001591
38.913170667344346
39.46565453219098
39.99509920871793
40.50089971241897
40.98248938795627
41.43909290836196
41.86988281470585
42.273949932142436
42.65033287829642
42.99805103712343
43.316027939064504
43.60312402500558
43.85827636531352
44.08027848395489
44.26795180451881
44.42007864321305
44.53539665419102
44.61260293273535
44.650365743143084
44.647284194107094
44.601914807946926
44.51272426392984
44.37807645147103
44.196234594378765
43.965296372901925
43.68315856844058
43.347429352260356
42.955333037131055
42.50361712261504
41.988290401436004
41.40443817288735
40.47359221436626
39.74170891004539
38.91783230147175
37.98563134684821
36.91936911585192
35.67346267701555
34.147881301593145
31.991556824936588
27.354429766726398
25.238302206829772
23.615629865634176
22.208888722336912
20.929106644834377
19.73405581493428
18.599803384418625
17.511304276889064
16.458497035479937
15.434282992708258
14.433541523756894
13.452473893461207
12.488275962815985
11.53880843494079
10.602491103744102
9.67815192811069
8.108544234844667
6.599384108463723
5.63063577102602
4.672377489063952
3.7248704508632464
2.7885107846906614
1.8638459322719472
0.9515137217777614
0.05226159348249894
0.0
0.0
0.0
0.0
0.0
0.0
0.0
0.0
0.0
0.0
0.0
0.0
0.0
0.0
0.0
0.0
0.0
0.0
0.0
0.0
0.0
0.0
0.0
0.0
0.0
0.0
0.0
0.0
0.0
0.0
0.0
0.0
0.0
0.0
0.0
0.0
0.0
0.0
0.0
0.0
0.0
0.0
0.0
0.0
0.0
0.0
0.0
0.0
0.0
0.0
0.0
0.0
0.0
0.0
0.0
