10.51164345000001
9.931958850000019
9.353788950000004
8.777623800000018
8.204176199999983
7.633936200000013
7.0675275000000255
6.505484700000031
5.948164200000017
5.395744200000008
4.8482692500000155
4.30547205000002
3.7668625500000257
3.2316388500000004
2.6985980999999963
2.166314700000017
1.632917550000032
1.0961791500000269
0.5536492500000219
0.0023875500000309557
0.0
0.0
0.0
0.0
0.0
0.0
0.0
0.0
0.0
0.0
0.0
0.0
0.0
0.0
0.0
0.0
0.0
0.0
0.0
0.0
0.0
0.0
0.0
0.0
0.0
0.0
0.0
0.0
0.0
0.0
0.0
0.0
0.0
0.0
0.0
0.0
0.0
0.0
0.0
0.0
0.0
0.0
0.0
0.0
0.0
0.0
0.0
0.0
0.0
0.0
0.0
0.0
0.0
0.0
0.0
0.0
0.0
0.0
0.0
0.0
0.0
0.0
0.0
0.0
0.0
0.0
0.0
0.0
0.0
0.0
0.0
0.0
0.0
0.0
0.0
0.0
0.0
0.0
0.0
0.0
0.0
0.0
0.0
0.0
0.0
0.0
0.0
0.0
0.0
0.0
0.0
0.0
0.0
0.0
0.0
0.0
0.0
1.9468614
4.2492054000000135
6.476126250000021
8.62085234999999
10.67745855
12.640420650000014
14.505060899999995
16.267325250000027
17.92387245000002
19.472118600000016
20.910148050000004
22.236980700000025
23.452438350000023
24.557412000000024
25.553950950000008
26.44575284999999
27.238564649999987
27.941563650000028
28.56958500000001
29.148111300000014
29.72561295000001
30.410212800000032
31.340595000000008
31.857775950000008
32.202058350000016
32.38925745000002
32.43256004999999
32.34346005000001
32.13229305000003
31.80841455000001
31.380600899999983
30.85709385000003
30.245823299999984
29.55436275
28.789973850000038
27.95978460000002
27.070611150000015
26.129091449999983
25.14168525000001
24.114629550000025
23.053983150000008
21.965537549999997
20.854816950000007
19.72721190000001
18.587667450000026
17.441039550000035
16.291827750000014
15.14421975
14.002180500000009
12.869229450000024
11.74875240000001
10.643734199999995
9.556803300000025
8.49040994999999
7.446558899999987
6.427032150000013
5.433299849999996
4.466520300000017
3.5276736000000097
2.6172943500000194
1.7357835000000108
0.8832747000000296
0.059723400000029875
0.0
0.0
0.0
0.0
0.0
0.0
0.0
0.0
0.0
0.0
0.0
0.0
0.0
0.0
0.0
0.0
0.0
0.0
0.0
0.0
0.0
0.0
0.0
0.0
0.0
0.0
0.0
0.0
0.0
0.0
0.0
0.0
0.0
0.0
0.0
0.0
0.0
0.0
0.0
0.0
0.0
0.0
0.0
0.0
0.0
0.0
0.0
0.0
0.0
0.0
0.0
0.0
0.0
0.0
0.0
0.0
0.0
0.0
0.0
0.0
0.0
0.0
0.0
0.0
0.0
0.0
0.0
0.0
0.0
0.0
0.0
0.0
0.0
0.0
0.0
0.0
0.0
0.0
0.0
0.0
0.0
0.0
0.0
0.0
0.0
0.0
0.0
0.0
0.0
0.0
0.0
0.0
0.0
0.0
0.0
0.0
0.0
0.0
0.0
0.0
0.0
0.0
0.0
0.0
0.0
0.0
0.0
0.0
0.0
0.0
0.0
0.0
0.0
0.0
0.0
0.0
0.0
0.0
0.0
0.0
