38.89617709999999
38.15447899999999
37.39172359999998
36.61423699999997
35.82837500000001
35.0403746
34.2563837
33.482371999999955
32.72395279999997
31.986442399999987
31.274771000000026
30.5934827
29.946586999999997
29.33776669999997
28.770140300000023
28.246380799999983
27.76874539999998
27.33898639999998
26.9584997
26.62823570000001
26.348818099999992
26.120514199999995
25.839819499999994
25.665896299999996
25.61107009999998
25.652293700000026
25.775043799999988
25.9692224
26.22734509999997
26.54329369999997
26.91193009999999
27.328710200000003
27.789386899999986
28.289980400000015
28.826718800000002
29.395859899999966
29.993839700000017
30.617094199999983
31.262207899999968
31.92573560000001
32.6043806
33.294875899999994
33.994043600000005
34.69882459999997
35.40624889999999
36.11346529999997
36.81771169999998
37.51643390000002
38.20713709999999
38.88753439999999
39.55551710000002
40.20912499999999
40.84654640000002
41.4662369
42.06671149999999
42.646811900000024
43.20546889999999
43.741850899999996
44.2552748
44.74532479999998
45.21167419999999
45.65414479999997
46.072825699999996
46.467865399999994
46.83956089999997
47.18832799999996
47.514701299999984
47.81933419999999
48.10288009999996
48.3661409
48.60991850000001
48.83510389999999
49.04252869999999
49.233143299999966
49.40786840000001
49.56768410000001
49.713540800000004
49.846507700000004
49.96765399999997
50.078078599999984
50.179088299999975
50.22387589999996
50.249506999999994
50.26010989999998
50.25627859999999
50.23839920000001
50.20679839999998
50.16174349999999
50.10335329999999
50.03165750000002
49.946685799999976
49.84831939999999
49.73638009999999
49.6107194
49.47104029999997
49.3171349
49.14876559999999
48.96560570000001
48.76750669999998
48.55426069999999
48.32574890000001
48.08188219999997
47.8226903
47.548262300000005
47.258806099999966
46.95464839999999
46.63617529999999
46.30389169999999
45.9584807
45.60062539999999
45.2312465
44.851234999999996
44.46166010000001
44.063680099999964
43.65851269999996
43.247435000000024
42.83181319999999
42.413043199999976
41.992609999999985
41.57202829999998
41.152753400000016
40.736389100000004
40.3244501
39.91851049999997
39.5201147
39.13074769999999
38.7519242
38.38515889999998
38.03181799999997
37.69329739999998
37.37090389999999
37.0658849
36.779398700000016
36.51257389999999
36.26642030000002
36.04182890000002
35.83963129999999
35.66054029999996
35.5052093
35.374143200000006
35.26778750000001
35.12923700000001
35.02127750000002
34.96063009999997
34.9426616
34.963570400000016
35.02020829999997
35.109635
35.22932600000001
35.3767865
35.54969989999997
35.7457793
35.96273780000003
36.19834789999998
36.45032269999999
36.71643469999999
36.99436730000001
37.281893000000025
37.57666550000001
37.876487000000004
38.17913000000001
38.48236699999999
38.78414870000001
39.082396100000004
39.375267799999996
39.66095210000001
39.937934299999974
40.20478880000001
40.46047609999996
40.70425369999998
40.93576519999998
41.15524820000001
41.363564
41.56258370000002
41.75536639999998
41.946842300000014
42.1220426
42.20051
42.247346899999975
42.26163259999999
42.242773099999994
42.19035259999998
42.10416320000002
41.98426429999999
41.83089349999997
41.64446659999997
41.425607299999974
41.17514719999999
40.89403669999999
40.583344999999966
40.24440860000001
39.87853430000003
39.48723679999999
39.07209019999999
38.634728000000024
38.176902499999976
37.700306600000005
37.20678169999998
36.698109800000005
36.17610259999997
35.6425718
35.099269699999994
34.54794859999999
33.99030139999999
33.4279913
32.8625924
32.295649100000006
31.728646400000002
31.162980199999996
30.600016700000005
30.0410033
29.4871874
28.93978669999997
28.399900100000004
27.868685900000003
27.347153899999995
26.836373300000023
26.337324200000015
25.851046100000012
25.378489399999978
24.920574799999986
24.478282399999973
24.052503200000015
23.644128200000004
23.254018700000014
22.88303599999997
22.532011700000016
22.201747699999984
21.89301619999999
21.606530000000014
21.343001899999976
21.103085300000007
20.887374199999993
20.696403199999985
20.53067720000001
20.390671400000016
20.276742199999983
20.112263600000023
20.002551799999978
19.946567300000016
19.93979569999998
19.97891060000003
20.0613875
20.185206800000007
20.348824099999987
20.55093259999998
20.790403700000024
21.066316699999984
21.377869699999984
21.724260799999985
22.104806899999982
22.51885460000002
22.965691099999997
23.44472239999998
23.955205999999983
24.496488500000016
25.067767999999983
25.668302
26.297258900000003
26.953658600000022
27.636550699999972
28.344925399999983
29.0776244
29.833489399999976
30.611243299999977
31.40957929999998
32.2271609
33.06262189999997
33.91447730000003
34.781301499999984
35.66163919999997
36.55403510000002
37.457093300000004
38.36935849999999
39.2895239
40.216193600000004
41.148209300000005
42.08435330000002
43.02349700000001
43.964719699999996
44.907011599999976
45.84963020000002
46.791803300000005
47.7329369
48.67243699999998
49.60985809999997
50.54481409999999
51.476978300000006
52.4061428
53.33206999999997
54.2546708
55.173796700000004
56.08947739999998
57.00162380000002
57.9102953
58.8155216
59.7173324
60.6157871
61.510945099999994
62.40277670000001
