10.328308562666932
10.447142567723873
10.573169494524246
10.706083600578802
10.845322831446936
10.990118907827297
11.139513508922125
11.29241518360368
11.447619367577744
11.60387538564526
11.759876968507308
11.9143434600162
12.06601627561696
12.213692731085409
12.356237593716067
12.49261305612832
12.621888936919113
12.743257263079535
12.856047664498542
12.959728762054969
13.053934968660435
13.13840633861258
13.21307786534118
13.278014015419672
13.333384608651631
13.379538744910622
13.41691253681245
13.446066868943483
13.467697179439028
13.482577854922445
13.491581811837804
13.495657664114717
13.495835402506213
13.493192229513042
13.488861386434662
13.48398168932187
13.479731832563175
13.47727269533258
13.477769528867118
13.482408449627469
13.492339489393917
13.508691012525091
13.532597111158312
13.565152714662219
13.607386681281152
13.660331010408406
13.72490255833537
13.802000982652714
13.892386728894529
13.996762168640718
14.115690659193035
14.249633723288618
14.398903629604096
14.563714713354216
14.744126496170953
14.940103527450086
15.15151370270431
15.378114586147086
15.619636098485197
15.875672555888622
16.145828834983693
16.429650769466395
16.72670437546369
17.03650572245995
17.3585885250264
17.692475807114782
18.037688695472887
18.393745339480393
18.76014612012044
19.13642309057598
19.522074249781287
19.91661407400128
20.319574014590007
20.7304370037746
21.148695498168543
21.57378676885731
22.00516982234825
22.44222388467888
22.884352599315324
23.330919822927022
23.78127218884432
24.23477649863352
24.69077036920696
25.148605079134004
25.60763737056505
26.067204540889726
26.526670708373604
26.98534602996752
27.442562350074844
27.897570220665024
28.349625331192357
28.797949995643027
29.24172693673774
29.680125851846665
30.11229392445567
30.53736213468019
30.95447797427844
31.36277896866784
31.76140567708028
32.149536348973
32.526361486711394
32.89107363276177
33.242910576288104
33.58110340274078
33.904906145764706
34.21358702303357
34.50641473307155
34.782650913284705
35.041588922782765
35.28249664305657
35.50496105844502
35.70736358210396
35.8899008443005
36.05153679481312
36.19157595817198
36.30931260581029
36.4040291508312
36.475011762671095
36.521573008896425
36.542979484522434
36.538508067683146
36.50745063398807
36.449057514990145
36.36260135654718
36.24732634020981
36.10244412959736
35.92716417841834
35.720597029584155
35.48181779363047
35.20983565842939
34.9035567558368
34.56181633776956
34.18330036527777
33.76654551279342
33.30986403084395
32.81126890926768
32.268320859103895
31.678030126603478
31.03659782143758
30.339089670624517
29.578901229831942
28.746808828285833
27.829344977823343
26.804818842513885
25.635552170295952
24.240686377250103
22.361189452903865
18.093670247065994
16.04235186910851
14.537023897099512
13.25768764470819
12.11099962999946
11.054004552884894
10.0627551829563
9.122379358566057
8.222975554773013
7.357623719655418
6.52132458017484
5.710419740680964
4.922137697647711
4.154428470406145
3.4057673848418277
2.675021965530963
1.9613947985489266
1.264318654972144
0.5834571725701982
0.0
0.0
0.0
0.0
0.0
0.0
0.0
0.0
0.0
0.0
0.0
0.0
0.0
0.0
0.0
0.0
0.0
0.0
0.0
0.0
0.0
0.0
0.0
0.0
0.0
0.0
0.0
0.0
0.0
0.0
0.0
0.0
0.0
0.0
0.0
0.0
0.0
0.0
0.0
0.0
0.0
0.0
0.0
0.0
0.0
0.0
0.0
0.0
0.0
0.0
0.0
0.0
0.0
0.0
0.0
0.0
0.0
0.0
0.0
0.0
0.0
0.0
0.0
0.0
0.0
0.0
0.14724666477904635
0.9421244593817686
1.8397538281775485
2.9120706259327447
4.435425020837122
7.336748059494726
8.589816318250511
9.552331074727983
10.376989488291919
11.116880233501703
11.798123907283628
12.435946272328394
13.0400657902799
13.617083358992508
14.171701967829826
14.707338257317186
15.226525780337404
15.73115553093719
16.222626182480646
16.70197383483884
17.169889234286607
17.62686554903329
18.073192047298562
18.50898257393495
18.9342076128689
19.348717838997892
19.752268505788894
20.144487436725576
20.524933496328
20.893064628437678
21.248321708257485
21.59004022402759
21.91761007854356
22.230214037502044
22.52720347284217
22.807799553866175
23.07123772424182
23.316759846421952
23.543649023612435
23.75121589181421
23.938826928386035
24.105958620864058
24.252207614398376
24.377260549003324
24.480983856030225
24.56342588096438
24.624776252730026
24.665491117274872
24.686225513774794
24.68787419733831
24.671608836644555
24.638901412100026
24.591492968593364
24.531459883998124
24.461194287696873
24.383433007299733
24.301215947258648
24.217835892503512
24.136866481941286
24.062014738300736
23.997127702327493
23.946073035622888
23.91262379528887
23.900375542213233
23.912630435035112
23.952217923125602
24.021474721842218
24.122139729066205
