29.906076200000015
29.90473970000001
29.884276400000015
29.850062000000005
29.807323699999987
29.73738020000003
29.64531020000001
29.56559539999999
29.50842289999999
29.48175230000001
29.49134540000001
29.541271099999992
29.63405389999998
29.771149099999985
29.95321009999999
30.180236900000008
30.451665199999976
30.766633700000003
31.123924699999968
31.522082899999983
31.95941540000002
32.4340511
32.94402980000002
33.48721309999998
34.06143289999999
34.6644617
35.29401260000002
35.947768999999965
36.623443999999985
37.318780399999994
38.031580399999974
38.7596462
39.50086910000002
40.2531701
41.01464839999999
41.78340320000001
42.55762279999999
43.33558459999998
44.115655100000005
44.89628989999999
45.676003999999985
46.45343119999997
47.227234999999986
47.996168000000026
48.75904219999999
49.514728999999996
50.26218890000001
51.00038239999999
51.728359099999984
52.44516859999998
53.1499793
53.84187049999997
54.5200997
55.18380559999998
55.832275400000015
56.4647666
57.08059609999997
57.67911049999997
58.259597
58.82155070000001
59.364318200000014
59.887364899999994
60.39024529999998
60.87245449999996
61.333606399999965
61.77337429999998
62.19143149999998
62.58759979999996
62.96179010000001
63.314032100000006
63.6444446
63.953384000000014
64.24141459999998
64.5092789
64.75819460000001
64.9896467
65.20580330000001
65.40951559999996
65.60467429999996
65.79662540000002
65.93003779999997
65.99380370000002
66.0261767
66.027335
65.99751619999996
65.93707669999999
65.8464323
65.72608790000001
65.57669689999999
65.39891269999998
65.19356689999996
64.96149109999999
64.7036951
64.4212481
64.1152787
63.78706399999999
63.437881100000034
63.06915559999999
62.68228340000001
62.27883859999999
61.860306200000004
61.42834939999998
60.984571999999964
60.53060750000001
60.06817849999999
59.59894819999999
59.124579799999964
58.6467959
58.16720029999996
57.68748589999998
57.20925649999999
56.73405650000001
56.26346
55.79892230000002
55.34189869999997
54.89375539999996
54.45579919999998
54.02924779999998
53.61528920000002
53.215022299999966
52.82948659999999
52.459632500000005
52.106321300000005
51.770384599999986
51.45256489999998
51.153545300000026
50.87389009999998
50.614133900000006
50.37475189999999
50.156100500000015
49.95847670000001
49.78214779999996
49.62726229999997
49.49390929999997
49.382148199999996
49.29197899999999
49.17487190000001
49.0795349
49.021827800000004
48.998543
49.007007499999986
49.045023499999985
49.110779300000004
49.2026414
49.3192733
49.459368199999986
49.62188659999999
49.805789
50.01012500000002
50.234122400000004
50.47694959999997
50.737893799999995
51.01627189999998
51.31148990000002
51.62289439999998
51.95001020000003
52.292243299999974
52.64917789999999
53.0203091
53.40522109999998
53.8035278
54.214843099999975
54.638780899999986
55.075014500000016
55.523217200000005
55.98306229999997
56.45425279999999
56.93649169999998
57.42951170000002
57.9330158
58.44670700000002
58.97031799999996
59.50355180000001
60.04611140000002
60.597699799999994
61.1579309
61.72653739999996
62.303133200000026
62.88730249999999
63.47868890000002
64.0768172
64.68130129999999
65.29160659999998
65.90725790000002
66.52775029999997
67.1525492
67.78106060000003
68.4126905
69.04687460000001
69.6829595
70.3202621
70.95809930000003
71.5958177
72.23261540000003
72.86777960000002
73.5020825
74.11886240000003
74.73151399999999
75.339176
75.9410465
76.53620480000001
77.1237896
77.70290989999998
78.27267469999997
78.8321633
79.38045500000001
79.91659940000001
80.4397649
80.94900109999999
81.44338729999998
81.92215129999997
82.38437239999998
82.82930809999998
83.25621590000002
83.6644127
84.05330449999998
84.42235670000001
84.77118319999998
85.09948699999998
85.40720869999998
85.69440769999999
85.96141069999999
86.2089008
86.43791749999997
86.65006459999998
86.84771810000001
87.03417470000002
87.2142755
87.35784529999998
87.41968070000003
87.44869759999999
87.4447475
87.40771159999998
87.33761960000002
87.2345012
87.09850489999997
86.92980889999997
86.72871020000001
86.49547609999996
86.23052240000001
85.9343243
85.6073867
85.2503333
84.86375809999998
84.44846299999998
84.0051905
83.53483160000002
83.03830699999997
82.51659679999999
81.97074049999999
81.40183700000001
80.81107430000002
80.1996701
79.56890150000002
78.92007530000001
78.25461710000002
77.5738634
76.87938829999999
76.1726174
75.4551842
74.72863310000001
73.99459759999999
73.25474089999999
72.55067269999998
71.77128529999997
70.99148209999998
70.21319359999998
69.43832059999995
68.66873420000002
67.9063649
67.15302439999998
66.41064320000001
65.6810033
64.96582729999997
64.26692689999997
63.58587620000002
62.924279
62.28359059999999
61.66526629999998
61.0705535
60.50058079999999
59.956447100000005
59.43898399999999
58.94899339999999
58.487069299999995
58.05359779999999
57.6488759
57.272963000000004
56.92571059999998
56.60679199999996
56.31567259999999
56.05158019999998
55.8134753
55.600080799999965
55.40988199999999
55.2410672
55.091557399999985
54.958976599999986
54.840711200000015
54.73391
