0.0
0.0
0.0
0.0
0.0
0.0
0.0
0.0
0.0
0.0
0.0
0.0
0.0
0.0
0.0
0.0
0.0
0.0
0.0
0.0
0.0
0.0
0.0
0.0
0.0
0.0
0.0
0.0
0.0
0.0
0.0
0.0
0.0
0.0
0.0
0.0
0.0
0.0
0.0
0.0
0.0
0.0
0.0
0.0
0.0
0.0
0.0
0.0
0.0
0.0
0.0
0.3373144500000145
1.7805117000000266
3.203928750000035
4.604981699999998
5.981264850000014
7.330283400000019
8.649854400000013
9.937750349999991
11.192011050000021
12.410676300000024
13.592053200000024
14.734493400000014
15.83666040000001
16.897173150000018
17.915051550000005
18.889315500000016
19.819252200000008
20.70432705000001
21.54422820000001
22.338822
23.08819755000001
23.79271124999999
24.45294225
25.069737000000032
25.644253800000023
26.178141000000014
26.673314250000022
27.132268350000018
27.5582109
27.955151400000005
28.32839129999999
28.68483585
29.033974199999996
29.389037700000006
29.76989565000001
30.207510300000013
30.433334249999994
30.59558535000002
30.706113900000002
30.767548350000006
30.782249850000014
30.752668650000025
30.681165899999996
30.56992455000001
30.42126120000002
30.237314250000004
30.020222100000012
29.77203404999999
29.494843950000007
29.19065655
28.86138750000004
28.50895245000001
28.135311600000023
27.74224695000001
27.33154050000003
26.9050188
26.464285650000022
26.011078500000004
25.546912050000024
25.073390100000015
24.591938249999995
24.10393755000002
23.61076905000001
23.113635600000013
22.613829150000022
22.112418900000026
21.610474050000015
21.108974699999994
20.608900950000013
20.111010150000027
19.616193300000006
19.125029550000004
18.638276250000008
18.1563789
17.679872099999997
17.209112250000015
16.744455750000007
16.286036250000016
15.83403195
15.388442850000029
14.949224399999991
14.516198400000018
14.089097550000025
13.66765455000003
13.251423900000038
12.839826449999997
12.432327600000024
12.028259100000033
11.626819049999987
11.227339199999998
10.828884000000015
10.430606999999991
10.031661750000012
9.631068150000017
9.227979750000017
8.821461000000006
8.410620900000017
7.994746649999982
7.57299180000001
7.144688099999986
6.709300950000024
6.266340300000033
5.815405200000011
5.356272900000015
4.888854300000015
4.413060300000016
3.9291136499999926
3.4371925500000042
2.9377424999999984
2.4312089999999906
1.918215750000024
1.3995201000000201
0.8759239500000083
0.3482737500000087
0.0
0.0
0.0
0.0
0.0
0.0
0.0
0.0
0.0
0.0
0.0
0.0
0.0
0.0
0.0
0.0
0.0
0.0
0.0
0.0
0.0
0.0
0.0
0.0
0.0
0.0
0.0
0.0
0.0
0.0
0.0
0.0
0.0
0.0
0.0
0.0
0.0
0.0
0.0
0.0
0.0
0.0
0.0
0.0
0.0
0.0
0.0
0.0
0.0
0.0
0.0
0.0
0.0
0.0
0.0
0.0
0.0
0.0
0.0
0.0
0.0
0.0
0.0
0.0
0.0
0.0
0.0
0.0
0.0
0.0
0.0
0.0
0.0
0.0
0.0
0.0
0.0
0.0
0.0
0.0
0.0
0.0
0.0
0.0
0.0
0.0
0.0
0.0
0.0
0.0
0.0
0.0
0.0
0.0
0.0
0.0
0.0
0.0
0.0
0.0
0.0
0.0
0.0
0.0
0.0
0.0
0.0
0.0
0.0
0.0
0.0
0.0
0.0
0.0
0.0
0.0
0.0
0.0
0.0
0.0
0.0
0.0
0.0
0.0
0.0
0.0
0.0
0.0
0.0
0.0
0.0
0.0
0.0
0.0
0.0
