8.774135990918492
8.329970189858422
7.90599779369027
7.502310999117691
7.118591502296801
6.754113848961216
6.4077886504575625
6.07658406126715
5.762242546367798
5.46096225191646
5.171110436943451
4.888737722251754
4.61229223911813
4.339283589561202
4.067129120932783
3.792621788010961
3.515497246738212
3.2313051727951256
2.938666674809557
1.6570331768116047
0.39733716393277063
0.06972167583955752
0.0
0.0
0.0
0.0
0.0
0.0
0.0
0.0
0.0
0.0
0.0
0.0
0.0
0.0
0.0
0.0
0.0
0.0
0.0
0.0
0.0
0.0
0.0
0.0
0.0
0.0
0.0
0.0
0.0
0.0
0.0
0.0
0.0
0.0
0.0
0.0
0.0
0.0
0.0
0.0
0.0
0.0
0.0
0.0
0.0
0.0
0.0
0.0
0.0
0.0
0.0
0.0
0.0
0.0
0.0
0.0
0.0
0.0
0.0
0.0
0.0
0.0
0.0
0.0
0.0
0.0
0.0
0.0
0.0
0.0
0.0
0.0
0.0
1.30741116949505
3.7867493299398256
7.664441212185641
9.357327928501698
10.71472221090305
11.908068599008754
13.002725468886334
14.03238281676366
15.017245052866922
15.970652531047923
16.90190922973915
17.81778849234454
18.723393359178296
19.622578968735425
20.5183138685833
21.41288797545362
22.307926154368566
23.20472544279479
24.104115205049524
25.006643706047036
25.9125764350764
26.821926043016386
27.73450636389738
28.64993679371814
29.56760926807287
30.486861780929843
31.40681058607059
32.32647629644741
33.244751347608556
34.16045985494703
35.07229130463723
35.978869277781975
36.87872332282311
37.77030077945419
38.65193632708005
39.52193881462016
40.37853027012444
41.21988246438973
42.04411829844008
42.84932928304063
43.63357002394614
44.39489945956899
45.13166424654728
45.84112651595389
46.52221153259917
47.17278547815591
47.791064660314454
48.375291762674976
48.923789972735854
49.43494339070699
49.90724517758445
50.33924499448434
50.729614049772266
51.07709248431365
51.38050228235857
51.63878315216007
51.85094511728732
52.01610145302627
52.13342800336564
52.20214960377909
52.22158869684695
52.19110273435321
52.11006591720636
51.97790238787316
51.7940363404107
51.557861993180836
51.268749659740266
50.92597565043249
50.52873066185967
50.07608616580316
49.566872098843334
48.99977558939318
48.37312108650971
47.68489904504292
46.93256073888503
46.112923508367984
45.22192628746931
44.25430405966507
43.20308510784762
42.05879363331901
40.80804494776765
39.4309526298449
37.89576627529193
36.14542486332347
34.054483538990105
31.171617112032198
25.08348900915548
22.358082319350498
20.2985347530012
18.536577520448507
16.953739076692212
15.493866250381135
14.12528476919778
12.828293418897623
11.58982843266567
10.400844092726496
9.2549344916804
8.147469898208357
7.075079192760301
6.035360505459344
5.026595734912979
4.0476112755236535
3.097692785734497
2.1764075344317915
1.2836581434518894
0.4195095861870834
0.0
0.0
0.0
0.0
0.0
0.0
0.0
0.0
0.0
0.0
0.0
0.0
0.0
0.0
0.0
0.0
0.0
0.0
0.0
0.0
0.0
0.0
0.0
0.0
0.0
0.0
0.0
0.0
0.0
0.0
0.0
0.0
0.0
0.0
0.0
0.0
0.0
0.0
0.0
0.0
0.0
0.0
0.1354761645143981
1.5346390677663329
3.1449761874602586
5.071271272457279
7.6057211627146035
13.581364744245782
16.868147318835554
19.169331304963062
21.136811968768587
22.922690631099698
24.59235179645009
26.180813300070433
27.709147770526283
29.190891776558765
30.635072742271845
32.047745272143665
33.43294138587957
34.79324558372385
36.1301179641423
37.44421710106339
38.73555147933643
40.00397837306248
41.247698084993345
42.4665641813307
43.65894652818933
44.823419720603475
45.95851725232414
47.50248910546192
48.13470319161122
49.173027643230384
50.1765475325322
51.14423577148828
52.07530812923966
52.96915517565324
53.82544148165162
54.644130501641754
55.425464538585175
56.169972464847575
56.878478516279976
57.55212321921323
58.192315446961686
58.80077127142608
59.379455854063494
59.93057821408269
60.45660542532262
60.96003873415364
61.443666808241986
61.910307227063015
62.36280149521216
62.803955417508185
63.23647665833386
63.66285022150433
63.345993668272925
63.70052551749238
64.05114894991723
64.39883900997802
64.74405657861175
