99.07295089999998
95.65165939999999
92.15154409999998
88.58112890000002
84.94932379999997
81.26539519999996
77.5389065
73.77942109999998
69.77771734999997
65.77601360000003
61.58852150000002
57.409048399999975
53.250632599999996
49.125629299999986
45.04612640000003
41.02391480000002
37.070429000000004
33.196568900000024
29.41275919999997
25.72874149999998
22.1536634
18.695929999999958
15.363233600000013
12.162464599999991
9.099770899999987
6.18040939999998
3.4089241999999773
0.7889683999999995
0.0
0.0
0.0
0.0
0.0
0.0
0.0
0.0
0.0
0.0
0.0
0.0
0.0
0.0
0.0
0.0
0.0
0.0
0.0
0.0
0.0
0.0
0.0
0.0
0.0
0.0
0.0
0.0
0.0
0.0
0.0
0.1923547999999633
2.3914912999999927
4.656116300000001
6.97898300000001
9.352725799999961
11.769979100000004
14.22328819999997
16.705198399999986
19.208254999999998
21.72506270000003
24.248345000000008
26.77088479999996
29.285583799999998
31.78555159999996
34.264046300000025
36.714593300000004
39.13086649999998
41.50680709999996
43.836683
46.11499970000001
48.3365003
50.49631399999996
52.589807600000015
54.61273400000003
56.56108370000002
58.431173899999976
60.2197079
61.923686
63.54037580000002
65.06743100000003
66.50283199999998
67.8449453
69.0924641
70.24452710000001
71.30074819999999
72.2613353
73.1354954
73.893974
74.56462969999998
75.15349159999997
75.67089530000001
76.13552209999999
76.5841703
77.09991080000002
77.44645039999999
77.60561270000002
77.63878760000001
77.55028159999998
77.34380719999999
77.02277990000002
76.59019939999996
76.0488575
75.40142719999999
74.65046269999996
73.79833999999998
72.93377299999999
71.83626890000001
70.6363592
69.33650899999998
67.9392131
66.44711480000002
64.86303559999999
63.18985639999997
61.43066600000001
59.58879080000001
57.667586899999996
55.67070739999997
53.60198360000001
51.465395300000004
49.26510049999998
47.00552450000002
44.69121139999998
42.3269429
39.91756010000001
37.46817140000002
34.98397429999999
32.4703445
29.932717099999987
27.376645999999987
24.807744499999963
22.231714999999998
19.654259900000007
17.081051900000013
14.517823100000015
11.97018679999999
9.443696899999967
6.94381819999999
4.47583730000001
2.0449517000000292
0.0
0.0
0.0
0.0
0.0
0.0
0.0
0.0
0.0
0.0
0.0
0.0
0.0
0.0
0.0
0.0
0.0
0.0
0.0
0.0
0.0
0.0
0.0
0.0
0.0
0.0
0.0
0.0
0.0
0.0
0.0
0.0
0.0
0.0
0.0
0.0
0.0
0.0
0.0
0.0
0.0
0.0
0.0
0.0
0.0
0.0
0.0
0.0
0.0
0.0
0.0
0.0
0.0
0.0
0.0
0.0
0.0
0.0
0.0
0.0
0.0
0.0
0.0
0.0
0.0
0.0
0.0
0.0
0.0
0.0
0.0
0.0
0.0
0.0
0.0
0.0
0.0
0.0
0.0
0.0
0.0
0.0
0.0
0.0
0.0
0.0
0.0
0.0
0.0
0.0
0.0
0.0
0.0
0.0
0.0
0.0
0.0
0.0
0.0
0.0
0.0
0.0
0.0
0.0
0.0
0.0
0.0
0.0
0.0
0.0
0.0
0.0
0.0
0.0
0.0
0.0
0.0
0.0
0.0
0.0
0.0
0.0
0.0
0.0
0.0
0.0
0.0
0.0
0.0
0.0
0.28157360000000436
1.534943300000005
2.8775912000000248
4.308061999999977
5.8244548999999814
7.424512699999994
9.105413900000006
10.863891499999992
12.696233000000001
14.598220999999999
16.56513319999997
18.59189089999998
20.672910499999997
22.80225199999999
24.973619000000024
27.180418099999997
29.415758899999997
31.67257280000001
33.943642700000005
36.221692100000006
38.4994148
40.76953429999997
