0.0
0.0
0.0
0.0
0.0
0.0
0.0
0.0
0.0
0.0
0.0
0.0
0.0
0.0
0.0
0.0
0.0
0.0
0.0
0.0
0.0
0.0
0.0
0.0
0.0
0.0
0.0
0.027914699999997197
1.5919761000000126
3.0030973500000053
4.263595050000022
5.3775678
6.35156445000002
7.195965150000022
7.928010750000008
8.578841700000012
9.213857399999998
10.005644550000017
11.037021600000015
11.597059650000038
11.925482250000014
12.047460150000017
11.982951749999991
11.748841500000006
11.35978635
10.828973100000011
10.168697550000015
9.390453599999994
8.505289650000027
7.524031350000014
6.457014300000001
5.31457410000001
4.106734500000027
2.843430150000005
1.5343729500000225
0.18909660000000456
0.0
0.0
0.0
0.0
0.0
0.0
0.0
0.0
0.0
0.0
0.0
0.0
0.0
0.0
0.0
0.0
0.0
0.0
0.0
0.0
0.0
0.0
0.0
0.0
0.0
0.0
0.0
0.0
0.0
0.0
0.0
0.0
0.0
0.0
0.0
0.0
0.0
0.0
0.0
0.0
0.0
0.0
0.0
0.0
0.0
0.0
0.6636432000000215
2.689019849999995
4.753778699999999
6.85239555000002
8.979167999999989
11.128393649999992
13.294280999999998
15.471083100000017
17.652963900000003
19.834265550000026
22.009374749999985
24.172856399999986
26.31927540000002
28.443553050000013
30.540699750000012
32.605948650000016
34.63475565
36.62293305000001
38.56647134999999
40.46162835000001
42.304973700000005
44.093433450000035
45.82411185
47.494514099999996
49.10236815000002
50.647807650000004
52.072293900000034
53.42968784999999
54.71914305
55.94016945000002
57.0925443
58.17640125000001
59.19205215000002
60.14016524999999
61.02167609999999
61.83787665000004
62.590459800000026
63.28143030000001
63.91332750000002
64.48926989999998
65.01326700000001
65.49017475000001
65.92649745000003
66.33083325000003
66.71512155
67.09664775
67.50205275
67.96764480000002
68.18821185000002
68.33478135000001
68.41318935000001
68.42873730000001
68.3861475
68.28983040000001
68.14388460000004
67.95214140000002
67.71820935000001
67.44551880000002
67.13741099999999
66.79713810000001
66.42772950000001
66.03221460000002
65.61348914999999
65.17449345000003
64.71790050000001
64.2464724
63.76283760000002
63.269535450000035
62.76906075000001
62.26386375000002
61.756350149999996
61.248747449999996
60.74332770000002
60.2421402
59.7473679
59.26083735
58.784464200000016
58.32003045000002
57.86913990000001
57.43335180000002
57.01413630000003
56.6127408
56.23036815000003
55.86813210000001
55.52692364999999
55.20750015
54.91052985000003
54.6365028
54.385730850000016
54.02269290000002
53.74340895
53.57621280000001
53.500700550000005
53.503239900000025
53.574698100000006
53.70830355
53.89902210000001
54.142933350000035
54.43678515000002
54.77777085
55.163395649999984
55.59143205000002
56.05960800000001
56.5657851
57.107869500000014
57.683678249999986
58.291028400000016
58.927692449999995
59.59144290000002
60.2799186
60.99066930000001
61.72133385000002
62.46928380000003
63.23202435000003
64.00692705000002
64.79131890000002
65.58248234999999
66.37769985000003
67.17420930000002
67.96920404999999
68.75996655000002
69.54369015
70.31756820000001
71.07883860000003
71.82482835
72.5528199
73.26018480000005
73.94442825000002
74.60310000000004
75.23392800000002
75.83486295
76.40398920000001
76.9398366
77.44133595
77.90813085000002
78.34084500000003
78.74161680000003
79.11525765000002
79.47081120000001
79.82587470000003
80.2147071
80.6548611
80.87351250000002
81.01045920000003
81.06565665
81.03892664999998
80.93000190000002
80.7386151
80.4642762
80.10649515000003
79.66473735
79.13833455000002
78.52661850000001
77.8289655
77.04475185000001
76.1732202
75.21388050000002
74.16610905
73.02946035000002
71.80353345000002
70.48806105
69.08295404999998
67.58834610000001
66.00405900000001
64.33053825000002
62.568630299999995
60.71891430000004
58.782370350000015
56.76029040000001
54.65401095000002
52.465224899999996
50.045951999999986
47.62667910000001
45.2074062
42.272719499999994
39.248932800000034
36.09857955000001
32.828520450000006
29.493284700000018
26.098485600000018
22.6498701
19.15354155000003
15.615915149999994
12.043495199999995
8.443053300000024
4.821583800000029
1.1860810500000127
0.0
0.0
0.0
0.0
0.0
0.0
0.0
0.0
0.0
0.0
0.0
