3.3251105024682466
3.3075403036765443
3.2703453666543134
3.214353768965694
3.1405949053159787
3.0503036698619215
2.9449123960852512
2.8259857307585663
2.695205315892722
2.5542875391812436
2.40499434279216
2.249039151859879
2.088093140914889
1.9237713803321252
1.75758909922871
1.5909340265701202
1.4251042856553522
1.2612474368315363
1.1004327671068768
0.9435893460412672
0.7915534251304757
0.6450655209374918
0.5047670436735211
0.37124042213560526
0.24499881546247482
0.1264964178393268
0.016121090228156165
0.0
0.0
0.0
0.0
0.0
0.0
0.0
0.0
0.0
0.0
0.0
0.0
0.0
0.0
0.0
0.0
0.0
0.0
0.0
0.020028284518839427
0.16301350928901684
0.32388949915824694
0.5035298343984687
0.702926976643871
0.9231794984016983
1.1655669852557617
1.4315801183912344
1.7229413252042354
2.041725586502512
2.3904770680869594
2.7723152182701156
3.1912566238706925
3.652608915878309
4.163754147380108
4.735536550512727
5.385224488098174
6.143925521004477
7.081209862680151
8.471620967698367
11.105919136067257
12.262506569508002
13.1754825961121
13.974640829501446
14.704919059144668
15.388117227141628
16.03659411461819
16.658054586112115
17.25751793239062
17.838453669658804
18.4032246614509
18.953466687002813
19.49031382050501
20.014485569751574
20.52642871965721
21.026331183275353
21.514206202540194
21.989901974280315
22.453103630264778
22.903368652426323
23.340139847624982
23.7627478394582
24.170444285569193
24.56235943271158
24.937585901976867
25.295106020278823
25.633901780770366
25.952870769675364
26.250911281024955
26.52687444084711
26.779599142088962
27.007911030739052
27.21061792319506
27.38651104609648
27.534365745677288
27.652967494040027
27.741066662791457
27.797419177225187
27.820755734374487
27.809791592163556
27.76318939137395
27.679593628334842
27.557585664830228
27.39565937894687
27.19227724401756
26.945763409489317
26.654308544128362
26.315904381503408
25.928240034882563
25.48859340743235
24.993661591888753
24.439227254325353
23.81984720032802
23.128092179452345
22.35338865192033
21.479644984015785
20.4801491517999
19.303884354425136
17.825334455201528
15.320934937328765
11.67128992283476
10.016960285240028
8.676117135579146
7.497126610625827
6.422087992148103
5.421809596350612
4.479422960406379
3.584312462936439
2.7294992480449616
1.9102247810460677
1.1232337569733728
0.3662614298201311
0.0
0.0
0.0
0.0
0.0
0.0
0.0
0.0
0.0
0.0
0.0
0.0
0.0
0.0
0.0
0.0
0.0
0.0
0.0
0.0
0.0
0.0
0.0
0.0
0.0
0.0
0.0
0.0
0.0
0.0
0.0
0.0
0.0
0.0
0.0
0.0
0.0
0.0
0.0
0.0
0.0
0.0
0.0
0.0
0.0
0.0
0.6554180217033547
1.8594340340305164
3.340715783387026
5.608819433687471
9.477303172074826
11.160597580958068
12.5057104626329
13.687997983048696
14.771537253429363
15.788405244222645
16.757396746724627
17.690544280150327
18.59605482820247
19.479716428346016
20.345699988072667
21.19705300387713
22.035927181048237
22.863874731207666
23.68190040136236
24.490619553407875
25.290292369455898
26.080905144639193
26.86218971229423
27.633699826727156
28.39480181202496
29.14474504682199
29.882640253995966
30.60752270791669
31.318337342874727
32.01399711442617
32.69335998337012
33.355280315929356
33.99860593120471
34.6221755419216
35.224842291283935
35.805473221510354
36.362955805527555
36.89618554442763
37.40413275908537
37.88579432598525
38.34021161704067
38.76651435592065
39.16386081902091
39.531724518637446
39.86855330714838
40.174503497799186
40.44867316974683
40.69048133195316
40.89942721076886
41.075029405735506
41.21688248476687
41.32458924735906
41.725507231118065
41.43631895471547
41.43984010981543
41.40819938679142
41.341279862130506
41.23899056935486
41.101262782682085
40.92803863894338
40.71928036643635
40.474944207754
40.195009162600115
39.879392655190095
39.5280128149103
39.14073525297634
38.717373726414905
38.2576239389886
37.76105866640761
37.227092580296414
36.654889528262785
36.04335080058847
35.39098739264863
34.695790517412235
33.95502877312726
33.164973374010465
32.32039046836178
31.41377531892586
30.433905589303755
29.362848142919688
28.169143840793367
26.788027574068646
25.03473024120656
20.95217013491495
18.64640508592048
17.11817119569928
15.865703042761723
14.772031594880145
13.786325772978746
12.880989963578564
12.03914209392801
11.249611796664066
10.504626347478037
9.798535125014379
9.127137043992777
8.487228229775203
7.876328118003366
7.292518459948582
6.734266705330124
6.200396755572073
5.689973018674627
5.202293290982837
4.7367957756644525
4.293093633482487
3.870859415555152
3.469902457735798
3.0901061164885144
2.731406317695737
2.3938446105313336
2.077500378265686
1.782509603845248
1.5090626459249723
1.2574165067848855
1.027813083566416
0.8205902151300666
0.6360822062974455
