30.037973899999972
29.301710900000007
28.558616899999986
27.813740899999996
27.07198340000002
26.33809640000001
25.61641609999999
24.911070800000008
24.225772999999975
23.563878799999983
22.928328499999996
22.321616900000006
21.745822999999994
21.20269910000001
20.69349259999999
20.21915390000002
19.780217599999975
19.376950999999984
19.009294699999984
18.67695170000001
18.37935770000001
18.115740499999983
17.885238800000003
17.68675370000002
17.519156600000002
17.381140700000003
17.2714289
17.1707756
17.056608800000017
16.98642770000003
16.953727999999987
16.953609199999992
16.982299400000024
17.03679890000002
17.114761399999992
17.2142564
17.3337989
17.472200899999994
17.628571399999995
17.80219759999998
17.99266369999996
18.199672699999994
18.423105799999966
18.66299270000001
18.919481899999965
19.192840699999998
19.483484899999993
19.79183029999999
20.118441199999957
20.463941300000016
20.829043400000007
21.214460299999985
21.62102360000001
22.049535199999998
22.500856400000004
22.97590789999999
23.47558069999998
24.000795499999978
24.552443300000004
25.13144479999998
25.738631599999998
26.37483530000002
27.040828100000006
27.737352500000014
28.464972800000023
29.224223599999974
30.015520700000014
30.83913139999997
31.695204200000024
32.58367970000002
33.50440939999999
34.45697750000002
35.44081970000002
36.455193499999965
37.499059399999986
38.5712294
39.670277899999974
40.7946011
41.94223879999999
43.111171399999996
44.2990229
45.503328200000006
46.721354900000016
47.9502221
49.186841
50.428003999999966
51.67041439999999
52.910597299999985
54.145048099999975
55.37023249999998
56.58252710000003
57.77839759999996
58.95430969999999
60.1067885
61.23247789999999
62.328170300000004
63.39077689999997
64.41744649999998
65.40553579999998
66.3526391
67.25658830000002
68.11557170000002
68.92801520000002
69.69276049999999
70.40891659999997
71.07603800000003
71.69409499999999
72.26353309999998
72.78524329999999
73.26869989999999
73.6914497
74.0740154
74.42073320000002
74.73766189999999
75.03332540000002
75.3201977
75.6172571
75.76349989999999
75.83884879999998
75.85889629999997
75.8258699
75.7419971
75.60950539999999
75.43053319999999
75.20724860000003
74.9417603
74.63617699999999
74.29251829999997
73.91283349999999
73.49908280000001
73.09801399999999
72.6050831
72.082274
71.53166569999996
70.95524809999996
70.35510019999998
69.73333069999998
69.09198890000002
68.43321320000001
67.75917170000001
67.07206220000003
66.37411219999997
65.66760859999998
64.9548977
64.2382664
63.520179800000015
62.8030139
62.089263499999966
61.38139369999998
60.681869600000006
59.99318599999999
59.31780799999997
58.65823040000001
58.01682919999997
57.39595069999999
56.7979709
56.22505789999997
55.679350100000015
55.16289679999997
54.67762849999998
54.22526779999999
53.8075076
53.425803199999976
53.081491099999994
52.77572959999998
52.509469100000004
52.28351150000003
52.096817299999984
51.8390213
51.69957980000001
51.65615839999998
51.69482779999998
51.80629189999999
51.983838500000005
52.22241859999997
52.51790390000002
52.86670069999998
53.26569049999997
53.7119033
54.202487900000015
54.73465250000003
55.305664699999994
55.912673299999994
56.552945900000005
57.22357189999999
57.92170009999999
58.644330799999985
59.388494
60.15116029999998
60.92930029999999
61.71976580000002
62.51946799999998
63.32525870000003
64.1340194
64.94260189999999
65.747858
66.5467286
67.33612490000002
68.11298779999998
68.87440670000001
69.6174116
70.33927009999998
71.03722009999998
71.7087371
72.3513857
72.96299779999998
73.54286060000001
74.075738
74.5731536
75.034454
75.45957980000001
75.84965960000004
76.20718819999998
76.5371552
76.84838150000003
77.15681599999998
77.4919508
77.68004089999998
77.77787269999996
77.80876070000001
77.77231880000001
77.66825000000003
77.4965246
77.25738020000003
76.95126229999997
76.57876489999995
76.14080870000001
75.6384035
75.07291549999998
74.44577029999999
73.7587499
73.08628249999998
72.2509997
71.35821769999998
70.41063919999998
69.41126389999998
68.36329939999997
67.27025029999996
66.13574
64.96374829999999
63.7583738
62.52389329999999
61.264791499999994
59.98570159999998
58.69137559999997
57.386654599999964
56.0764985
54.76589690000002
53.45989879999999
52.163523499999975
50.8817903
49.619629399999994
48.381881899999975
47.173329500000015
45.9984866
44.86180820000002
43.7673929
42.719220500000006
41.720914400000005
40.77580099999998
39.886909700000025
39.05691349999998
38.288069600000014
37.58230849999999
36.9411449
36.36561830000002
35.856411800000004
35.41382240000002
35.03761249999997
34.72721779999999
34.3486616
34.160838800000015
34.140761599999976
34.25103769999999
34.4708771
34.7870633
35.19027050000002
35.67337069999998
36.23036449999997
36.856024699999985
37.545510199999995
38.29427690000001
39.0979292
39.9522497
40.85305070000002
41.796293000000006
42.778026499999974
43.79436049999998
44.841523099999996
45.915801800000004
47.0137217
48.13177819999998
49.26664489999997
50.41517359999999
51.57418639999997
52.74074300000001
53.911932799999974
55.084874899999974
56.256866600000016
57.42517549999999
