47.114761099999996
46.74621379999997
46.37716159999999
46.00760449999998
45.637483099999955
45.26673799999999
44.8952504
44.52299059999997
44.14975070000002
43.77550099999999
43.400003899999994
43.023170300000004
42.64479230000001
42.264691699999986
41.88274969999997
41.49875840000002
41.112569300000004
40.72406359999997
40.3330928
39.939538100000014
39.54339950000001
39.1445879
38.7431627
38.339183299999995
37.932768500000016
37.5240965
37.11340490000001
36.7010204
36.28726970000002
35.87259829999999
35.457451699999986
35.042364500000005
34.62796039999998
34.21480370000001
33.803547799999976
33.39493520000001
32.98961930000001
32.588342599999976
32.19181790000001
31.800847100000002
31.416083599999972
31.03832929999998
30.668207899999995
30.306491599999987
29.953804099999967
29.610798799999987
29.278069699999975
28.95621079999999
28.64572699999999
28.34715290000002
28.060904299999986
27.787396999999988
27.526987399999967
27.280002199999995
27.046708700000014
26.827285100000008
26.621939299999994
26.43084949999999
26.254075100000012
26.091675499999997
25.943739800000017
25.810208599999967
25.691081900000015
25.586300300000012
25.495744999999967
25.419326900000026
25.356897499999963
25.30147730000001
25.22823709999998
25.17608389999997
25.143592099999996
25.129603399999986
25.133078299999994
25.153066399999965
25.18864699999999
25.23904789999999
25.303556299999993
25.3814891
25.472192900000003
25.575103400000003
25.689685999999995
25.8153764
25.951729100000023
26.098298599999993
26.25463939999998
26.41953380000003
26.595031100000018
26.77836920000001
26.970023300000026
27.16963699999999
27.376913300000027
27.591555199999995
27.81332509999999
28.041955699999964
28.277179699999962
28.518759499999998
28.766516899999967
29.02024400000002
29.27970319999999
29.544686600000016
29.81504569999999
30.09060229999996
30.371089099999978
30.656417000000015
30.94631869999998
31.240675399999972
31.539279199999953
31.841951900000005
32.14854499999999
32.45885060000003
32.77269049999999
33.0898568
33.41023069999998
33.7335449
34.05965090000002
34.388370499999986
34.71949579999999
35.05278919999998
35.38810219999996
35.72525659999999
36.063985100000004
36.40413919999997
36.74554069999999
37.087981699999965
37.431283999999955
37.775299100000005
38.119878499999984
38.464873700000005
38.81019560000001
39.15575509999999
39.5014928
39.84737900000001
40.1934434
40.53965629999998
40.88619589999999
41.2331216
41.58064129999997
41.92899260000001
42.278442799999965
42.62937800000002
42.982214
43.337455699999985
43.69563769999997
44.05744310000001
44.4236144
44.79492380000002
45.172262299999964
45.556580299999986
45.94897669999998
46.350520699999976
46.762340899999984
47.185744099999994
47.621918299999955
48.07220000000002
48.537866299999976
49.02025370000001
49.520668999999984
50.04032989999999
50.58051350000001
51.142378099999995
51.72699290000002
52.335308300000015
52.96824500000001
53.6265455
54.3108038
55.02149509999999
55.758857000000006
56.52300829999996
57.31391930000001
58.13123359999998
58.97453539999999
59.84314160000001
60.73610179999999
61.65234680000002
62.59054010000001
63.54919669999999
64.5265643
65.52077179999999
66.52971050000004
67.55112319999998
68.58263389999999
69.6216884
70.66570280000002
71.71191499999999
72.75753320000003
73.79376619999996
74.80947650000002
75.81586099999998
76.8100982
77.78945569999996
78.75126049999999
79.6930178
80.61220309999999
81.50655919999998
82.3738586
83.21211140000001
84.01950589999998
84.79431949999997
85.5351266
86.24062040000003
86.9097614
87.54165859999996
88.13571799999998
88.69152380000003
89.20892749999999
89.6880776
90.1293602
90.53366629999998
90.90224329999997
91.23705140000001
91.5408527
91.8178052
92.07393800000001
92.3185769
92.56666099999998
92.69365819999999
92.7536522
92.76274039999997
92.72107129999999
92.62867459999995
92.48558
92.29166870000003
92.0467922
91.75074259999998
91.40325259999996
91.00411429999998
90.55309009999998
90.04997209999999
89.49467119999998
88.88712800000002
88.22743160000002
87.51587900000001
86.75282660000002
85.9389575
85.0751033
84.1623926
83.20216190000002
82.1960447
81.14603089999997
80.05431829999996
78.92343140000001
77.75616199999999
76.55559889999999
75.32512790000001
74.06837239999999
72.884174
71.51452879999998
70.13038999999999
68.73677690000001
67.33891669999997
65.94212569999999
64.55174989999998
63.17310559999998
61.81156849999999
60.47230639999999
59.16042769999999
57.880773500000004
56.63797700000003
55.436433799999975
54.28018309999999
53.17287800000001
52.1178746
51.1180538
50.1759995
49.29376099999997
48.47300149999998
47.7149981
47.02064180000001
46.39031869999999
45.82420700000001
45.32200970000002
44.883162500000005
44.50689319999997
44.19204350000002
43.93736599999997
43.673927
43.45756249999999
43.371135499999994
43.3831343
43.47428360000002
43.63154510000001
43.84526629999998
44.1078143
44.41280359999999
44.754799099999985
45.1288706
45.530592799999965
45.95595619999996
46.40115920000001
46.862786299999996
47.33754080000001
47.822452699999964
48.314700499999965
48.811581499999996
49.31060089999999
49.809412399999964
50.30581820000001
50.79767989999998
51.2829482
51.75975199999999
