41.76003137783408
41.88975158140921
42.003945506046385
42.10211363363731
42.183434212165814
42.074489149387276
42.11433392887235
42.133458006983105
42.130016734777435
42.10192610545323
42.046903752004994
41.962434628528165
41.845772877253744
41.6939564693295
41.503747028646515
41.27164214902561
40.99371209382214
40.665566393773396
40.282170900445784
39.837559107259345
39.3244715506787
38.73363760653981
38.05261043774466
37.26343438486877
36.33767531412383
35.22336022422516
33.79835419926479
31.44775570296104
27.656138490714476
25.933747858688974
24.518929287390524
23.252819939347077
22.07620371803812
20.959528332907677
19.88581465765289
18.84447292839958
17.8285906188212
16.83351240739605
15.856131936813986
14.894376222594936
13.946953893364624
13.013179802371923
12.09281799655462
11.186003389125535
10.293185748632832
9.415059394137247
8.552540864207952
7.706708142314697
6.8787965344092346
5.685779616022314
4.516253598141366
3.7137988717458486
2.9364473432380103
2.186090617759819
1.464664278205255
0.7741148654005702
0.11634900003644362
0.0
0.0
0.0
0.0
0.0
0.0
0.0
0.0
0.0
0.0
0.0
0.0
0.0
0.0
0.0
0.0
0.0
0.0
0.0
0.0
0.0
0.0
0.0
0.0
0.0
0.0
0.0
0.0
0.0
0.4455009374727956
1.0510623800939993
1.675201350810978
2.3150283673646666
2.96757629032782
3.629821512393537
4.298662316531309
4.9709383181198135
5.6433466532527925
6.31252935504989
6.9749313476491865
7.626802492465311
8.264058820524951
8.882148288607622
9.475769207422166
10.038458596579444
10.561817346936678
11.034239388691397
11.438688009581497
11.750121351086282
11.935916518656773
11.969290566176994
11.853599454744273
11.623462295885775
11.319333381042197
10.971815182354062
10.60112664612553
10.220553243727556
9.83929524868316
9.464045338207717
9.100021295678534
8.751480633246155
8.42206858446398
8.114988901067097
7.833191403464301
7.579426181560383
7.356341204113861
7.166511632326559
7.012518089870182
6.896952263212897
6.822491717571274
6.791944954459597
6.808338330060824
6.875036940986264
6.99589011847492
7.175513566888551
7.419688028731404
7.736077993779721
8.135518074274383
8.634822930010998
9.263466606850702
10.085024391859136
11.324186674509404
13.966810303956912
15.192560284897516
16.169397318807018
17.0382162147707
17.842750019901406
18.60234675072064
19.326829551335567
20.02144657408919
20.688982808428133
21.330731829596754
21.947095979733476
22.537882048043958
23.10241715560612
23.63989092822978
24.149237827254098
24.629293848875033
25.078854462612927
25.49669519720352
25.881608957079607
26.232442093599325
26.5480984759064
26.82756917649374
27.069940689796876
27.274401798600493
27.440243508889655
27.566856445434286
27.653736549042833
27.700468608218834
27.706737512291394
27.67231457901763
27.597027251289656
27.480766503091736
27.323476253763676
27.12509730918085
26.885583984771046
26.60482125778701
26.28258035812999
25.918472935032188
25.51184128147242
25.061642823386705
24.566275853092453
24.02329768943335
23.428950128029314
22.77744325097379
22.0593189056333
21.258280931898497
20.342860811989723
19.23839379983401
17.629126190034334
14.666783260901811
13.40191931141867
12.435998134100464
11.62336788952061
10.912884529937232
10.279777164880791
9.71017340565106
9.195746640423133
8.731344779883882
8.313809225902947
7.9413427833597305
7.613145948746933
7.329133963924518
7.089821786952991
6.896232906893568
6.749794727174563
6.652334443323653
6.606070576975878
6.613619656788829
6.678034123292244
6.802909193719066
6.992500377691714
7.2519803431710175
7.587791235847035
8.008304887890267
8.524965049684086
9.154465895032695
9.923570124436834
10.881583673761364
12.145037936776239
14.327889815429053
17.658460126623314
19.199972107944163
20.486326543879624
21.648973608669
22.735437395091775
23.768307805355303
24.759806863879614
25.716955388484195
26.643895800950332
27.54301197733264
28.41558107114328
29.262141313756434
30.082739975504474
30.877067574900817
31.6445856009356
32.38460971557727
33.096322657806894
33.77888837862611
34.4314408603813
35.053125836658005
35.64310670874627
36.200604900910655
36.72489240484988
37.215313718227975
37.67127756297961
38.09227854502714
38.47791977874726
38.827864943397984
39.14190714644869
39.419920383057715
39.661891704251914
39.86789246796515
40.038087869172216
40.172742144375505
40.272184784992916
40.33681871342451
40.36712175631808
40.363615548271554
40.32686558227385
40.25747278692277
40.15609346652912
40.023329914076015
39.85985315877124
39.66630160673533
39.44326326853909
39.19130519960653
38.910927026261774
38.60256852304106
38.26656724542238
37.90317068051476
37.51250120645429
37.094532706120255
36.649093318055634
36.17578719902065
35.67399759011993
35.14277755963448
34.58079811482243
33.98613443696361
33.35607118460304
32.68664619325497
31.971916223885234
31.20251729879581
30.362519582963724
29.421512608818766
28.307717184659072
26.721177181507212
23.808702648851266
22.58494181061837
21.66781553363575
20.909813181339874
20.259017427950038
19.690102309656847
19.18877160378565
18.746262812105602
18.356966369924148
18.017238176218726
17.724692912152296
17.477819162232038
17.27573063068944
17.11797476121527
17.004418360294437
