0.0
0.0
0.0
0.0
0.0
0.0
0.0
0.0
0.0
0.0
0.0
0.0
0.0
0.0
0.0
0.0
0.0
0.0
0.0
0.0
0.0
0.0
0.0
0.0
0.0
0.0
0.0
0.0
0.0
0.0
0.0
0.0
0.0
0.0
0.0
0.0
0.0
0.0
0.0
0.0
0.0
0.0
0.0
0.0
0.0
0.0
0.0
0.0
0.0
0.0
0.0
0.0
0.0
0.0
0.0
0.0
0.0
0.0
0.0
0.0
0.0
0.0
0.0
0.0
0.0
0.0
0.0
0.0
0.0
0.0
0.0
0.0
0.0
0.06604950000001196
1.3742157000000264
2.670665250000026
3.9541953000000096
5.223647550000018
6.477774600000005
7.7156408999999915
8.936177249999984
10.138448100000037
11.321562450000023
12.484718400000002
13.627158599999994
14.748125700000005
15.846951450000017
16.923056700000004
17.975817749999983
19.00478910000001
20.009347050000013
20.989179749999987
21.943752600000018
22.872753749999998
23.775737699999986
24.6523926
25.502362050000002
26.325378750000027
27.12113085
27.889306500000025
28.629727500000016
29.342082000000012
30.026280900000003
30.682056899999992
31.309409999999986
31.908206549999996
32.47853565
33.02044185
33.53423700000002
34.02027750000002
34.47909795
34.91150025000003
35.31850905000001
35.701639050000004
36.06280590000002
36.40454895000001
36.730387650000026
37.045088849999985
37.355201400000034
37.66994715
38.00282475
38.37446085000001
38.6402907
38.80156170000001
38.92024290000001
38.99726985000002
39.03353355000001
39.030103200000035
38.988048000000006
38.90861535000002
38.793186300000045
38.64318645
38.46013050000002
38.2457559
38.00175555000001
37.72995600000002
37.432272899999994
37.11066645
36.76709685
36.40370250000004
36.022488150000015
35.62563675
35.215242149999995
34.79344275000001
34.362332400000014
33.92413860000001
33.480866100000014
33.034608750000025
32.58750495000002
32.141425800000015
31.698465150000025
31.260405000000006
30.829071900000034
30.40629240000002
29.993670300000005
29.592809400000018
29.2052244
28.832340900000005
28.475361750000015
28.135623450000026
27.814061550000012
27.51178980000001
27.22952100000003
26.96805705000004
26.727932550000006
26.45555385
26.133947400000004
25.921622100000008
25.7979513
25.74948090000003
25.7671227
25.844416949999996
25.97659680000001
26.159964600000002
26.391624600000032
26.669126550000023
26.990376600000033
27.35336999999999
27.756458400000025
28.197815250000012
28.675747650000027
29.188607250000018
29.734612050000017
30.312024600000015
30.918929250000033
31.553410350000007
32.21355224999999
32.897261100000016
33.60235395000002
34.3266033
35.067781650000036
35.82352785000001
36.59130255000001
37.368700050000015
38.15309190000002
38.94193875
39.73261215000001
40.52239455000003
41.30861295000001
42.088594350000015
42.85966575000001
43.61919870000003
44.36452020000001
45.093135450000005
45.802549650000024
46.49040165
47.15450850000002
47.79282090000004
48.403512300000024
48.98520164999998
49.53668610000001
50.05747560000002
50.567573100000025
51.011513850000036
51.42957105000001
51.82677885
52.21213635000001
52.60128060000001
53.02290180000001
53.53206374999999
53.983800750000015
54.246066600000006
54.43491404999999
54.55043220000002
54.59279925000004
54.562282499999995
54.459282900000005
54.28415685000002
54.037394400000025
53.71948560000004
53.33092049999999
52.872233700000024
52.344137999999994
51.747168000000016
51.082125600000005
50.34976815000002
49.5889878
48.82820745000001
47.80502760000002
46.70700375000001
45.535427850000005
44.291636400000016
42.97723320000001
41.59386659999999
40.14340770000001
38.62786125000001
37.04945475000001
35.41041570000003
33.71332800000002
31.96077555
30.155565000000017
28.3006812
26.3991981
24.45436785000001
22.46962080000002
20.448476400000025
18.394632300000033
16.3119198
14.204259300000022
12.075749400000007
9.930444150000012
7.772620350000003
5.606599350000018
3.4367025000000035
1.2673848000000176
0.0
0.0
0.0
0.0
0.0
0.0
0.0
0.0
0.0
0.0
0.0
0.0
0.0
0.0
0.0
0.0
0.0
0.0
0.0
0.0
0.0
0.0
0.0
0.0
0.0
0.0
0.0
0.0
0.0
0.0
0.0
0.0
0.0
0.0
0.0
