42.08851170520361
42.921166705513755
43.68908880710284
44.39238953153144
45.03133874903979
45.6062837554404
46.117657113692495
46.56592825295313
46.95158234484568
47.27509535773307
47.5369352449247
47.73751905162697
47.8772360611146
47.956397312719865
47.97532522930766
47.93426501914839
47.83334762225857
47.67265165909476
47.452153376211356
47.1717339141821
46.831148352928814
46.430003998035986
45.96772629378243
45.44354186334882
44.856411534455845
44.20498907192616
43.48748702375824
42.70163179367819
41.844421809704045
40.91197456891895
39.89912519842379
38.798960215995585
37.60190489757986
36.2943491983879
34.85586546515791
33.25350139729562
31.42769275337816
29.246530476471822
26.23014209068526
20.02128395324179
17.264990225852404
15.178110177419619
13.395841833079999
11.798892461363568
10.33030210760385
8.957872760206058
7.661581615688283
6.428217598295712
5.248748743213534
4.116866334253289
3.0281427221492163
1.9795017359707663
0.9688620755000511
0.0
0.0
0.0
0.0
0.0
0.0
0.0
0.0
0.0
0.0
0.0
0.0
0.0
0.0
0.0
0.0
0.0
0.0
0.0
0.0
0.0
0.0
0.0
0.0
0.0
0.0
0.0
0.0
0.0
0.0
0.0
0.0
0.0
0.0
0.0
0.0
0.0
0.0
0.0
0.0
1.5320612290500004
3.690386943406261
7.5091533295429
12.32705279817973
14.576199632827425
16.41224561135013
18.031267123675608
19.509242418701348
20.885267314846068
22.182276057074752
23.415019735432033
24.593484190040584
25.72468137305553
26.813651540012863
27.864092953451777
28.878740662795767
29.859606415841817
30.80818808811307
31.72556427937476
32.6125140539641
33.46955568920569
34.29702060381947
35.0950621095462
35.86374478179242
36.603018704621604
37.31276823792418
37.992849544114755
38.64306828094644
39.263213839643285
39.85307091918135
40.41243014354845
40.94108693879779
41.438847727583486
41.90554579347889
42.341026368444545
42.7451629701591
43.117851846202065
43.459022484496785
43.76861231679419
44.04658890629511
44.2929448741721
44.50767856751047
44.690792770853534
44.84228673856894
44.962174598306305
45.05041165545416
45.10696980069978
45.13174479836908
45.12462161719162
45.085414851095415
45.01388792642007
44.909710518379434
44.772505291577275
44.60171617152544
44.396746719526156
44.15685463017082
43.881120860348055
43.56849115342167
43.21768034835843
42.827175712567715
42.39517836812781
41.91955913964079
41.397772984457625
40.82673875450005
40.202716429924315
39.521024043517954
38.775707571466185
37.95893433548101
37.06002040753131
36.06357525985214
34.945880061019515
33.666080167782674
32.14034113581321
30.118274896423202
25.41668731401592
23.00805380926977
21.280989697856054
19.81413263766147
18.49451925878484
17.271555514499628
16.117532993468558
15.015520414446046
13.954443054740796
12.926747676204613
11.927133172515562
10.951880540299321
9.998346785515464
9.064726652061786
8.149810573124185
7.252894940276376
6.37363714369368
5.512008194092204
4.668213001378599
3.842667738450491
3.0359480874623617
2.2487559602119016
1.4819309868018764
0.7363841102144079
0.01310088830688528
0.0
0.0
0.0
0.0
0.0
0.0
0.0
0.0
0.0
0.0
0.0
0.0
0.0
0.0
0.0
0.0
0.0
0.0
0.0
0.0
0.0
0.0
0.0
0.0
0.0
0.0
0.0
0.0
0.0
0.0
0.0
0.0
0.0
0.0
0.0
0.0
0.0
0.0
0.0
0.0
0.0
0.0
0.3527997251382863
1.329561668749418
2.4161783390944493
3.6547043209857657
5.136695330119105
7.176200363882912
11.440018928993618
13.345421030767989
14.776911426131283
15.996130227976414
17.08505349975062
18.08219203461673
19.009183094220088
19.87950317300509
20.70213068726691
21.48329526370484
22.227488752756162
22.93784750025856
23.616864563785693
24.266269880361065
24.887332006232032
25.48097716886943
26.04783455684148
26.58831275008981
27.102656713512026
27.590977513347436
28.05329822192207
28.489558855361373
28.899662467543678
29.28347016850071
29.64082957382987
29.971586867449904
30.275590519777772
30.552712887538956
30.802851844140818
31.025943514645814
31.2219622462342
31.3909383445152
31.532970527854822
31.64824796514787
31.73704455442874
31.799773175589454
31.836990890578132
31.849399138462978
31.837914752739927
31.803636795276134
31.747886709315836
31.672215881441613
31.57842585730052
31.468572529380218
31.34497249717606
31.210214682824756
31.067161477628574
30.91893918988765
30.7689372395172
30.62075317299417
30.47818356557919
30.345140517752252
30.225605250168975
30.123541486708433
30.042767287849465
29.986857229560112
29.95900926359418
29.961912838583526
29.997632382144772
30.06751145146417
