30.116452213484614
30.59026897112623
31.123929894753047
31.716345629073423
32.36462099373813
33.064184541379504
33.80904717854198
34.59208894217249
35.40536571260204
36.240396880987696
37.0884135163752
37.94063174397158
38.788429365905564
39.62353154188059
40.438148064308756
41.225075891592375
41.97782527831441
42.69061981227591
43.358491074945135
43.977269803931684
44.543610654680485
45.05496859127373
45.50961105121186
45.906536393284185
46.245495321367926
46.52688923501511
46.75176301797292
46.92170741501068
47.03884882684437
47.10574075659106
47.1253373879514
47.10092576308398
47.03604438903094
46.93446590729852
46.80009036257352
46.63693656921438
46.44906128836616
46.240553481950194
46.01545875555181
45.77777691738631
45.53143489024422
45.28018801510074
45.027735791969405
44.777581742870474
44.53307572972553
44.29736961081084
44.07337032177176
43.86377931242047
43.671007000433484
43.49720049566809
43.344180868506236
43.213445707234776
43.106136943450856
43.023016521430634
42.964442453321816
42.93037772938113
42.920364411549976
42.933538379139044
42.968635138895735
43.02402765427708
42.919657323448355
43.00417691592595
43.101949086717575
43.21015597528305
43.32578105853577
43.44564023268974
43.566420866487135
43.6847044347948
43.797001275717285
43.89980351752905
43.98952643725052
44.06260448201822
44.1154708837762
44.144559239621906
44.146310726989405
44.11717683920951
44.05357139536743
43.9518857521701
43.80840952982262
43.619298651835564
43.38046732098385
43.0874965231286
42.73545033722479
42.318623753494634
41.830207912245776
41.261704438447715
40.601949454619856
39.83541823921505
38.938727462612036
37.87260219300929
36.55840237152255
34.76964643803817
30.47754480584078
28.178427305949665
26.506473991118696
25.058807729289565
23.731842891848334
22.479973192671654
21.27850058563035
20.11243126609361
18.971992143020973
17.850547874754927
16.74345394735447
15.647432798246069
14.56015322075355
13.480137743363215
12.406384488463143
11.338334626829761
10.275879096089009
9.21924129543931
8.168902206407234
7.125635724253807
6.090407226111174
5.0644058029089365
4.049015361239085
3.0457706387691723
1.516005632785832
0.01744767270885859
0.0
0.0
0.0
0.0
0.0
0.0
0.0
0.0
0.0
0.0
0.0
0.0
0.0
0.0
0.0
0.0
0.0
0.0
0.0
0.0
0.0
0.0
0.0
0.0
0.0
0.0
0.0
0.0
0.0
0.0
0.0
0.0
0.0
0.0
0.0
0.0
0.0
0.0
0.0
0.0
0.06936750989064876
1.6643243085491919
3.511654836617672
5.914275741368798
11.047283033929025
13.383182269590746
15.023271740523542
16.35015796025344
17.474848091742498
18.448476183144287
19.29964845183835
20.04621342978946
20.700162826716788
21.269971641617314
21.76191362172368
22.180768307737164
22.530387199541007
22.813708216605693
23.033501913395767
23.1920317980033
23.291368681881288
23.333486045840687
23.32029244798907
23.253693170222295
23.135625594201187
22.968085039189827
22.753147363926956
22.493025888562826
22.190072426540418
21.846707655281143
21.46568438243832
21.04983035820968
20.602203175411418
20.12607720159048
19.625023894842084
19.102856896596965
18.563759920560003
18.01234161584097
17.453747604865242
16.893896360079072
16.339780702263198
15.800090521593747
15.286129017796473
14.813410233839637
14.40400013990805
14.088739181309094
13.905756257408468
13.88790122328033
14.042064310913416
14.344810028055736
14.760542307632047
15.258010348482568
15.814576409466262
16.414618560716733
17.04709675437791
17.703744113566145
18.37796655126394
19.064168187265032
19.75735885885509
20.452926529612547
21.146518564682633
21.833954978779552
22.511191687840935
23.174176548174366
23.819058806720264
24.441956340197947
25.039034718452175
25.606513943818968
26.140636277772366
26.637694828891064
27.094039624331682
27.506047584822554
27.87017014746579
28.1829283730953
28.440886655348777
28.64069257049641
28.779039250986784
28.85263727907327
28.85820113767897
28.792373169287714
28.651668910715845
28.4323744633747
28.130377372430427
27.7410038923521
27.258654985812274
26.676379872632214
25.985020050830983
25.171833863624812
24.217697307893374
23.091091404380194
21.731949114258697
19.99193341496986
16.98856089542961
12.689784307173772
10.716378379273198
9.108784640948134
7.692944119872132
6.4039148663251275
5.210350448903778
4.095339698817975
3.049454764438572
2.06758963807511
1.147367033470132
0.2882415144899574
0.0
0.0
0.0
0.0
0.0
0.0
0.0
0.0
0.0
0.0
0.0
0.0
0.0
0.0
0.0
0.0
0.0
0.0
0.0
0.2191459076087017
1.4008586636364977
2.775269678998175
4.40481492474873
6.445556797348224
9.723301518010567
14.736132431416065
16.90122280189761
18.600132866240813
20.03708103110742
21.284687835747174
22.37682460005098
23.33101230611394
24.156806400825616
24.859078581742843
25.43998896197948
25.89996767796783
26.238330434882197
26.45363492123413
