52.389579000000026
53.552913149999995
54.70840650000001
55.84924289999999
56.968873499999994
58.061105850000004
59.12001480000001
60.14020980000001
61.116745800000004
62.04512325000002
62.92159995
63.74292374999999
64.50677805000001
65.21173725000001
65.85762315
66.44608410000001
66.98130780000002
67.47198150000003
67.9345887
68.40187365000003
68.94386895
69.57175665
69.89545695000002
70.09570920000002
70.17924045000001
70.15153035000002
70.01743485000003
69.7809189
69.4455465
69.01452525
68.4905727
67.87631730000001
67.17416475
66.38629800000001
65.51507820000003
64.5623319
63.530063850000005
62.42072430000002
61.236228900000015
59.97871604999999
58.650368699999994
57.25345890000001
55.79043690000001
54.26335200000001
52.6751445
51.02822010000002
49.6823646
47.674674300000014
45.60728699999999
43.48456859999998
41.311152299999996
39.09171585000002
36.83124885
34.53487455000002
32.2078944
29.855743500000035
27.48399059999999
25.098382650000005
22.704622049999998
20.308589400000006
17.91616530000001
15.533185800000009
13.165486950000014
10.818860249999998
8.498963550000013
6.2113656000000255
3.9613678500000358
1.7542717499999938
0.0
0.0
0.0
0.0
0.0
0.0
0.0
0.0
0.0
0.0
0.0
0.0
0.0
0.0
0.0
0.0
0.0
0.0
0.0
0.0
0.0
0.0
0.0
0.0
0.0
0.0
0.0
0.0
0.0
0.0
0.0
0.0
0.0
0.0
0.0
0.0
0.0
0.0
0.0
0.0
0.0
0.0
0.0
0.0
0.0
0.0
0.0
0.0
0.0
0.0
0.7975159500000035
3.065110950000003
5.372266349999995
7.713012450000013
10.08137955000003
12.471175200000008
14.876162400000002
17.29001504999999
19.706273400000015
22.118522249999998
24.520390950000014
26.905508850000032
29.267549850000005
31.600366050000005
33.89803230000002
36.154668
38.3646153
40.522528199999996
42.62314980000002
44.6614905
46.63296164999999
48.533019150000015
50.3681673
52.05157815000001
53.652126000000024
55.16704875000001
56.593851600000015
57.9304407
59.17512314999999
60.32669610000001
61.38449130000003
62.34859785000002
63.21999585000001
64.00131375000002
64.69736295000001
65.31727620000002
65.87811615000001
66.41449815
67.00500840000001
67.85618070000001
68.32979175
68.62364355000003
68.7534177
68.7309645
68.56532760000002
68.26376865
67.8319455
67.27453589999999
66.59559390000001
65.79854984999999
64.88621040000001
63.86124855000001
62.72647095000002
61.48423875
60.13686855000002
58.68685515000002
57.13651515000003
55.488477
53.74528005000002
51.909775500000016
49.853956350000004
47.7981372
45.742318049999994
43.215664800000006
40.594521
37.88414355
35.090323950000005
32.21916555
29.27717265000002
26.27111685000002
23.208348900000004
20.096397750000012
16.94323785000001
13.741741199999993
10.520107950000007
7.292237700000005
4.066639499999995
0.8517332999999879
0.0
0.0
0.0
0.0
0.0
0.0
0.0
0.0
0.0
0.0
0.0
0.0
0.0
0.0
0.0
0.0
0.0
0.0
0.0
0.0
0.0
0.0
0.0
0.0
0.0
0.0
0.0
0.0
0.0
0.0
0.0
0.0
0.0
0.0
0.0
0.0
0.0
0.0
0.0
0.0
0.0
0.0
0.0
0.0
0.0
0.0
0.0
0.0
0.0
0.0
0.0
0.0
0.0
0.0
0.0
0.0
0.0
0.0
0.0
0.0
0.0
0.0
0.0
0.0
0.0
0.0
0.0
0.0
0.0
0.0
0.0
0.43202775000000343
3.7205751000000213
7.020081750000035
10.32145950000001
13.615664700000018
16.893742800000002
20.146828350000035
23.366367750000016
26.544119250000005
29.67215295000004
32.74311809999999
35.75006490000003
38.68675635
41.547534600000006
44.327543700000014
47.02268504999999
49.629751050000024
52.09185135000003
54.425959500000005
56.6661117
58.813332599999995
60.869537850000015
62.837489550000015
64.72097445
66.52462575
68.25378945
69.91461345
71.51391390000002
73.05908610000002
74.55797085000002
76.01880990000001
77.45015685000001
78.86060985000002
