12.732039920594886
12.478620332362256
12.19419514572279
11.878834867832346
11.533152060216787
11.15849259976057
10.756417969793809
10.055904160671746
9.36417217383974
8.876777985500189
8.371190244461415
7.850478438405401
7.317739483594546
6.776101250981624
6.228618124968559
5.678284518549356
5.127989857176358
4.580496555207961
4.038435526057047
3.504300172052067
2.9804398495033775
2.4690358524742577
1.972114821272271
1.4915712817051463
1.0291195735803331
0.5863373600970726
0.164620277403983
0.0
0.0
0.0
0.0
0.0
0.0
0.0
0.0
0.0
0.0
0.0
0.0
0.0
0.0
0.0
0.0
0.0
0.0
0.0
0.0
0.0
0.0
0.0
0.0
0.0
0.0
0.0
0.0
0.0
0.0
0.0
0.08326763772427967
0.46632216655400044
0.8698808494041532
1.2941372515396028
1.7394390874767056
2.2063212146792988
2.6955751553809386
3.2083066432639
3.7460548132896747
4.310937919078124
4.905959340320546
5.535413383604123
6.205636231678987
6.926483418565454
7.714478804488602
8.600829028498067
9.65951644503141
11.228205831218435
13.842007705147475
14.934013864146857
15.77082843724324
16.474663591808252
17.09050630450025
17.640992471512533
18.139398400713954
18.594296321097335
19.011574685422534
19.395502291265352
19.74927422699699
20.075344424849455
20.37567803590019
20.651843044849347
20.905145855174553
21.136681717608205
21.347394471065737
21.538117449716044
21.709607600756183
21.862549211589172
21.997558579409983
22.11522178362902
22.216091119271564
22.300670285507557
22.369450326132277
22.422891654363838
22.4614125785109
22.485424286671034
22.49528278162443
22.49131940448646
22.47381257956119
22.443002727232635
22.39908150140179
22.342194549956442
22.27244245155486
22.189859430564802
22.094427633831373
21.986032695353533
21.864505298050418
21.729565751145085
21.580840304719615
21.41784023594653
21.239948695529083
21.046414951478436
20.836295952306916
20.608498434781346
20.36167106877177
20.094129154530403
19.80373634733769
19.487717268199482
19.142346906875368
18.762401385591232
18.340204861438437
17.863508746078676
17.310328018683713
16.631900520429717
15.643966852468738
13.682794343635234
12.809180588577329
12.127004338988522
11.53431559095435
10.996379470430638
10.49637244690731
10.02467901350106
9.575271938153065
9.144094440789868
8.728311944242494
8.325892985513585
7.935352150030395
7.555606931600226
7.185876988339283
6.825621423129518
6.474450848350986
6.132135079347081
5.798522134864054
5.47356191637562
5.157261031086955
4.84965950963021
4.550827761960423
4.260881241972145
3.9799546898724385
3.708185146208405
3.4457520313095324
3.192832311816635
2.9496315610742134
2.716346907438217
2.49319426200507
2.2803951819176063
2.078170220598231
1.886726586255611
1.7062919684805458
1.5370595984477382
1.379232730751603
1.2329945337653339
1.0985439173512874
0.9760793000637682
0.8658120419256647
0.7679503848633681
0.6827303710116394
0.6103792684392625
0.5511311523568361
0.505236177807758
0.47294163843827164
0.45449310336918414
0.45017732588526543
0.4602685501576434
0.4850878796943016
0.5249803300271628
0.5803138544652279
0.6514984986955755
0.7390046689301516
0.843337815625273
0.9650748036765754
1.1048350615770688
1.2633323957293032
1.4413762074352099
1.6398869869065926
1.859933676572523
2.1027835231781276
2.3699577452324547
2.6632931975072096
2.9850933057964815
3.338250601033492
3.72654071376709
4.154999049016076
4.630629139790563
5.1637166353598785
5.770553727380521
6.480150052741988
7.355973224222834
8.631385457394346
11.185711224753375
12.326483779107742
13.22444076737073
14.01509800023057
14.744120619894453
15.433656994979334
16.09643153073514
16.74055099190745
17.37149637205985
17.99316352124513
18.60838772145403
19.219276844246462
19.827384743213408
20.433855069610352
21.039526159039184
21.64495519667218
22.25053643143872
22.856306989192245
23.462392500980815
24.06860007681249
24.67467963559172
25.2802498877077
25.88485018549638
26.487958712184245
27.088962931652297
27.687210127070763
28.281997042262365
28.87258389293744
29.45817231590339
30.037962590678355
30.61111373266522
31.176765108834225
31.73407309172499
32.2821900510574
32.82028375563385
33.34754632597589
33.86319256696721
34.366486770231475
34.85673564900825
35.33328928031787
35.79555929934208
36.243009006642765
36.67513580317781
37.09150984123538
37.491765243175706
37.875578808382265
38.24269574763464
38.5928873052584
38.92597100752988
39.241817852840256
39.54028535337931
39.82127279774793
40.084667174595985
40.33036468702323
40.558241115060135
40.76813811315668
40.95988575993735
41.13328339891092
41.288103717547386
41.424101658982416
41.541006201607125
41.63852373144181
41.71632928601371
41.774104851312735
41.81150547354221
41.82820007021928
41.823900046761636
41.79829687128295
41.751187723510505
41.682436514463326
41.592007504982696
41.48000333217873
41.34667234949549
41.19246568838002
41.01806334292749
40.82440964609098
40.612748618667446
40.38465509962637
40.14208257603282
39.88740425794892
39.623412907199565
39.353349294481426
39.08094075185572
38.810354500845875
38.54622025422635
38.293579384719706
38.05779565440429
37.84447960309912
37.65932777173729
37.50794857795452
37.39563544950357
37.327154541199405
37.306521830417445
