0.0
0.0
0.0
0.0
0.0
0.0
0.0
0.0
0.0
0.0
0.0
0.0
0.0
0.0
0.0
0.0
0.0
0.0
0.0
0.0
0.0
0.0
0.0
0.0
0.0
0.0
0.0
0.0
0.0
0.0
0.0
0.0
0.0
0.0
0.0
0.0
0.0
0.0
0.0
0.0
0.0
0.0
0.0
0.0
0.0
0.0
0.0
0.0
0.0
0.0
0.0
1.1197731127681367
3.312924461400068
8.24220923462316
10.791375776091169
12.539540925180095
13.991020721596788
15.27361625266205
16.44425665769873
17.534338049789913
18.563302287783586
19.544044929966056
20.485491484126754
21.39396722138327
22.273988412689278
23.128781920146753
23.960576084700055
24.77088089582226
25.56062357364925
26.330275215020823
27.07996127276551
27.809525696624057
28.518601757862783
29.2066730844494
29.873099490348643
30.517150400694213
31.138081319563433
31.735099406086636
32.30741150985467
32.85423985106555
33.37485241571161
33.86854181302616
34.33467945263386
34.77264697859728
35.18191044946895
35.56199403416797
35.91245208855716
36.232913751037316
36.52306808816925
36.78263053210132
37.011396118089436
37.20918733814933
37.375847891151494
37.51158734523034
37.61544108444461
37.688252497210115
37.729725932950636
37.739855456681404
37.71866755068187
37.66619930405859
37.58250500733355
37.46761525339757
37.32155626914779
37.144372920853186
36.93604082574767
36.696565462647555
36.42588045764137
36.12390379033373
35.79052062666621
35.42553870526551
35.02871673032262
34.59970102749172
34.13803710214813
33.643103445878566
33.11412025449823
32.5501126575617
31.949806823032347
31.311576521906893
30.633267938481204
29.911977983848303
29.1436938426991
28.32270153153074
27.44051178372448
26.48374868006924
25.42954273936084
24.233137679454444
22.78255813998272
20.445475895626167
17.004738833042367
15.51676822572146
14.35423516058527
13.367684429745767
12.499757531206573
11.721300371782565
11.0153534728442
10.371180854024514
9.781643139779263
9.24182487151727
8.748282892564902
8.298578989285947
7.891006904883927
7.524379511869931
7.1979470265743775
6.911285168179531
6.664225874881444
6.456835787021272
6.289349399103308
6.162179177987992
6.075870477620187
6.03111222765635
6.028715438525947
6.069686253887083
6.155193337724258
6.2866082436698845
6.465603370568347
6.694171637519481
6.97476335456324
7.310388861858684
7.704820934591339
8.162935113096953
8.691199599953702
9.29849496822327
9.997646626626226
10.808321936254055
11.76357288084924
12.92807622474471
14.473151338500756
18.193218771383414
20.481613348029022
22.0178955019241
23.330548337156102
24.527309386724006
25.65253900885927
26.729328353341284
27.77138400592272
28.78752060778401
29.78371364187319
30.76419166996559
31.731956525434384
32.689224715873635
33.6375746040653
34.57815024663934
35.51172463789567
36.43874883443111
37.35943684189829
38.27374914528751
39.18145159342982
40.082097372071956
40.97507494233697
41.85960488483541
42.73473925379639
43.599385835202696
44.452305269602036
45.29210406493868
46.11726084658779
46.92609575473012
47.716847512337694
48.487597104288824
49.23635801418887
49.96103657704537
50.659455343638825
51.329374898514395
51.96851655545557
52.57454767943043
53.145119401163804
53.67792609767157
54.17051493568495
54.62061143757187
55.02591368761257
55.384148311108405
55.69310015624863
55.95062846033683
56.15460560714088
56.30299902871397
56.39378443242284
56.425005627069396
56.39473929064576
55.708561635278855
55.522170566573905
55.27013399356221
54.950494691138985
54.56135291101128
54.100376971509974
53.56494091830508
52.9518667670921
52.25732235299907
51.476557115739745
50.60351844029199
49.63039333347001
48.546805572594806
47.338481506781136
45.98499215146032
44.45521752687739
42.6972487843
40.610283626006634
37.92669161179782
31.651257314102374
27.746959313664433
25.202812111721812
23.078180481731444
21.17691617952231
19.415932207298724
17.750830297505587
16.154696159634362
14.609959232632342
13.104543937543706
11.629946236100091
10.179009293993651
8.749530440031158
7.338406590853085
5.941531925425878
4.558732621236874
3.189440857934361
1.8336208304956996
0.4917570218411049
0.0
0.0
0.0
0.0
0.0
0.0
0.0
0.0
0.0
0.0
0.0
0.0
0.0
0.0
0.0
0.0
0.0
0.0
0.0
0.0
0.0
0.0
0.0
0.0
0.0
0.0
0.0
0.0
0.0
0.0
0.0
0.0
0.0
0.0
0.0
0.0
0.0
0.0
0.0
0.0
0.0
0.0
0.0
0.0
0.0
