0.0
0.0
0.0
0.0
0.0
0.0
0.0
0.0
0.0
0.0
0.0
0.0
0.0
0.0
0.0
0.0
0.0
0.0
0.0
0.0
0.0
0.0
0.0
0.0
0.0
0.0
0.0
0.0
0.0
0.0
0.0
0.0
0.0
0.0
0.0
0.0
0.0
0.0
0.0
0.0
0.0
0.0
0.0
0.0
0.0
0.0
0.0
0.0
0.0
0.0
0.0
0.0
0.0
0.0
0.0
0.0
0.0
0.0
0.0
0.0
0.0
0.0
0.0
0.0
0.0
0.0
0.0
0.0
0.0
0.0
0.0
0.0
0.0
0.0
0.0
0.0
0.0
0.0
0.0
0.0
0.0
0.0
0.0
0.0
0.0
0.0
0.0
0.0
0.0
0.0
0.0
0.0
0.0
0.0
0.0
0.24781349999999633
0.8167170000000159
1.3942186500000116
1.9833924000000076
2.5869558000000126
3.2076709499999896
3.847943549999993
4.509822899999994
5.1952692
5.905708049999995
6.642386850000026
7.406018400000001
8.1970482
9.01556535000002
9.861213450000008
10.733324250000038
11.630784000000013
12.552211649999998
13.495825199999995
14.459397150000001
15.440566349999985
16.4364816
17.444068950000016
18.459987149999982
19.48062764999999
20.502070050000007
21.520304850000013
22.5310998
23.53008900000001
24.5127729
25.474696500000015
26.411271149999997
27.317997300000002
28.190553600000015
29.024707799999998
29.81671770000002
30.563197499999998
31.261518750000015
31.91034495000001
32.510032499999994
33.0641454
33.58186095000001
34.07770245000001
34.61613375000001
35.29525395
36.12954179999999
36.62061645
36.97425435
37.18987635000001
37.26708150000002
37.20537975000002
37.004325599999994
36.663696300000005
36.183358200000015
35.56340040000003
34.804223850000014
33.90645225
32.87106570000003
31.699400700000005
30.393061050000032
28.95414060000001
27.385178700000026
25.68911565000002
23.869337250000005
21.929763900000008
19.874850600000027
17.70963150000001
15.439586250000023
13.070818200000009
10.610054400000038
8.064467400000018
5.4419425500000145
2.7508107000000153
0.0
0.0
0.0
0.0
0.0
0.0
0.0
0.0
0.0
0.0
0.0
0.0
0.0
0.0
0.0
0.0
0.0
0.0
0.0
0.0
0.0
0.0
0.0
0.0
0.0
0.0
0.0
0.0
0.0
0.0
0.0
0.0
0.0
0.0
0.0
0.0
0.0
0.0
0.0
0.0
0.0
0.0
0.0
0.0
0.0
0.0
0.0
0.0
0.0
0.0
0.0
0.0
0.0
0.0
0.0
0.0
0.0
0.0
0.0
0.0
0.0
0.0
0.0
0.0
0.0
0.0
0.0
0.0
0.0
0.0
0.0
0.0
0.0
0.0
0.0
0.0
0.0
0.0
0.0
0.0
0.0
0.0
0.0
0.0
0.0
0.0
0.0
0.0
0.0
0.0
0.0
0.0
0.0
0.0
0.0
0.0
0.0
0.0
0.0
0.0
0.0
0.0
0.0
0.0
0.0
0.0
0.0
0.0
0.0
0.0
0.0
0.0
0.0
0.0
0.0
0.0
0.0
0.0
0.0
0.0
0.0
0.0
0.0
0.0
0.0
0.0
0.0
0.0
0.0
0.0
0.0
0.0
