0.0
0.0
0.0
0.0
0.0
0.0
0.0
0.0
0.0
0.0
0.0
0.0
0.0
0.0
0.0
0.0
0.0
0.0
0.0
0.0
0.0
0.0
0.0
0.0
0.0
0.0
0.0
0.0
0.0
0.0
0.0
0.0
0.0
0.0
0.0
0.0
0.0
0.0
0.0
0.0
0.0
0.0
0.0
0.0
0.0
0.0
0.0
0.0
0.0
0.0
0.0
0.0
0.0
0.0
0.0
0.0
0.22957551010006344
2.3285118356399517
5.624122157304319
7.027236471645171
8.124763923082511
9.067762069366818
9.913609933005603
10.691460473106886
11.418213952035098
12.104329309492138
12.756471629564484
13.378842253676876
13.97392938475819
14.543000103776674
15.086356154994434
15.603645410129392
16.09396178190537
16.55590620458857
16.987856103794662
17.38795380697107
17.75416359982727
18.084387599158646
18.3764870825882
18.62833741478585
18.837897150934406
19.003208384106337
19.122419912780174
19.19385708451008
19.216000019183546
19.18747467066552
19.107120486475072
18.973875832845565
18.786868115619633
18.545312047705643
18.248447518183298
17.895549960697167
17.48582198139977
17.01824978306736
16.491498745769302
15.903637252957699
15.251755938379521
14.531304964737785
13.73491237033084
12.85004276154852
11.853700237956511
10.697896280568493
9.250863171117391
6.000902007656693
3.815775389066383
2.4973871735239417
1.4514235426976507
0.5683330528057309
0.0
0.0
0.0
0.0
0.0
0.0
0.0
0.0
0.0
0.0
0.0
0.0
0.0
0.0
0.0
0.0
0.0
0.0
0.0
0.0
0.0
0.0
0.0
0.5089085546349952
1.4492834643736092
2.6415326367019123
4.563184964328441
7.680377066839041
9.071742250218524
10.202853614141588
11.206879069688382
12.13306234011755
13.00594475224256
13.839662650170814
14.643101137950996
15.422143412756501
16.180776918338474
16.92173204903888
17.646841016736175
18.35729942481367
19.053696381962993
19.736288884036654
20.40497194883418
21.0593498676346
21.698816707001832
22.3225538805356
22.929559862331665
23.518736831547095
24.08882478331239
24.638521390542856
25.166384063716492
25.67098261234407
26.150815026665768
26.604353932695393
27.030060370695757
27.426438972911868
27.791985544998028
28.125273377385696
28.42492651506059
28.689643027831806
28.91820803554914
29.109510960592978
29.262554561092287
29.376446423511442
29.450416929225867
29.483838864932785
29.476203889168886
29.42714991130179
29.336464837414546
29.20410159090344
29.030183811540258
28.814992416326152
28.558972548972662
28.262758620654672
27.927150150126437
27.553108124885384
27.14178555051251
26.69447604860872
26.212608265629548
25.69773907748806
25.151525571404168
24.57571182870801
23.97209493284373
23.342500907236364
22.688760141992645
22.01260495618761
21.31556699896394
20.598820608303466
19.862919863262903
19.107308964309276
18.329394394030643
17.522685253925772
16.672033272599695
15.738360159694722
14.567007851232038
12.37982788598527
11.53371929911796
11.006391284055583
10.65857947018123
10.445276578945949
10.346510477823763
10.353454839429176
10.464342252602705
10.684151725459351
11.027594771394151
11.530229633270617
12.30194627188908
14.29092383863612
15.383185164819388
16.212225388006463
16.947922193898478
17.631092619140457
18.27792024573568
18.895897687706583
19.48870175583482
20.05795782437082
20.604219295967102
21.127345440251403
21.62680372268829
22.10181546031623
22.551458705027407
22.974746086244835
23.370636113711047
23.73812045469744
24.076178254927413
24.38387529551632
24.660341641809744
24.904806976561453
25.116626177471332
25.295257701223417
25.44030312725058
25.551503016534173
25.628773624064465
25.67221985908197
25.68215179722537
25.659129263583402
25.603947339725124
25.517711094500616
25.401808546000485
25.2579847369369
25.08834750389152
24.89541334085712
24.682152468965292
24.452013815850314
24.208970458738595
23.957615187445874
23.703145033664214
23.45148785980694
23.20928638556214
22.983952511217126
22.783553317657212
22.616746839624998
22.49241348484815
22.4193978011836
22.40586523442133
22.458843116996633
22.583667894254486
22.783634276680598
23.059883622917713
23.411593308835045
23.836259240437368
24.33018203896703
24.888816390078343
25.50719609716921
26.1801394946036
26.902455026969893
27.669023492661115
28.474838945263556
29.315018316863455
30.184816419722527
31.079594371376416
31.99479697262266
32.92593265657319
33.86852165947236
34.81809139361484
35.77014137357006
36.72014114998188
37.66348791186991
38.59552221052739
39.511522916833314
40.40672548866645
41.27630820414994
42.115446917212346
42.91933469242201
43.683244362162974
44.4025832606126
45.07293890508858
45.69017274443024
46.25044421959903
46.75032868451977
47.1868373825568
47.55750037148167
