15.951174799999999
15.214585099999976
14.463175100000019
13.702855099999974
12.939446300000006
12.178769899999976
11.42643920000002
10.6878596
9.968139500000012
9.272119999999994
8.604226399999998
7.968587000000025
7.368854900000012
6.808326799999992
6.289824199999974
5.815782499999972
5.388251000000003
5.008774100000008
4.678569499999995
4.3984390999999645
4.168828399999973
3.871442299999994
3.7137055999999826
3.679461500000002
3.7470586999999753
3.903340099999989
4.1395739000000145
4.44958249999999
4.828732699999966
5.273311999999986
5.780261300000008
6.346937299999996
6.970963999999997
7.650173299999998
8.382486199999972
9.165912800000005
9.998581999999969
10.878563300000007
11.803926199999975
12.772710500000008
13.782896599999972
14.83234609999999
15.918890900000008
17.040125299999975
18.193613900000013
19.376743100000002
20.586661700000015
21.820429399999995
23.0748683
24.346651999999978
25.6322759
26.92808690000001
28.230224
29.534766799999996
30.8376167
32.134615700000005
33.42154640000002
34.69419139999998
35.94830359999997
37.179725000000005
38.384327299999974
39.55821979999999
40.69763059999999
41.79899570000002
42.85904809999999
43.87481779999999
44.84369119999997
45.763411100000006
46.63213610000002
47.4485297
48.21170089999998
48.92120420000001
49.577247500000006
50.18045449999998
50.73210230000001
51.2340026
51.68859079999998
52.098836899999995
52.468394
52.80142009999999
53.102607799999994
53.37718429999998
53.63067379999996
53.8686896
54.06675889999999
54.1447214
54.17973769999997
54.17617370000003
54.13839529999998
54.070709000000015
53.9773025
53.86218530000001
53.72927780000003
53.582322200000014
53.424793399999984
53.25995840000001
53.09090599999999
52.92036859999997
52.75084100000001
52.5845804
52.4234579
52.269077299999964
52.12277509999999
51.98550169999998
51.857910499999996
51.740328199999986
51.6327845
51.53492299999999
51.44606059999998
51.365217200000025
51.29102659999999
51.221884999999986
51.15574310000002
51.09037339999999
51.02316229999997
50.95131799999999
50.87178139999998
50.781344899999986
50.6766227
50.55416959999996
50.410540399999995
50.2422008
50.045735299999976
49.81784719999998
49.55538829999999
49.25538859999998
48.9150563
48.531985699999964
48.1039196
47.62901659999998
47.105702599999994
46.53275989999995
45.90923809999999
45.23466199999998
44.508764299999974
43.731634099999994
42.903776300000004
42.02581459999997
41.0988479
40.1240642
39.10303759999998
38.0374907
36.9293243
35.78073619999999
34.59395389999999
33.37141279999998
32.11566709999998
30.829389800000005
29.515283599999968
28.176199699999987
26.814959599999977
25.434533299999995
24.037861100000008
22.627942699999995
21.20777780000002
19.7804255
18.34891520000001
16.91630600000001
15.48571640000002
14.060235200000003
12.642951200000013
11.236982899999987
9.845478499999993
8.471556500000007
7.118365099999977
5.789052499999971
4.486707499999999
3.214478300000007
1.9754536999999983
0.7726630999999731
0.0
0.0
0.0
0.0
0.0
0.0
0.0
0.0
0.0
0.0
0.0
0.0
0.0
0.0
0.0
0.0
0.0
0.0
0.0
0.0
0.0
0.0
0.0
0.0
0.0
0.0
0.0
0.0
0.0
0.0
0.0
0.0
0.0
0.0
0.0
0.5037889999999697
1.8212513000000115
3.184718900000015
4.59145939999999
6.038651300000018
7.523413700000027
9.04277659999996
10.593710599999998
12.17306749999998
13.777639699999991
15.404130499999996
17.049094699999998
18.709057399999985
20.380424900000012
22.059544100000007
23.7426431
25.425920300000005
27.105484999999977
28.777476199999985
30.43794380000001
32.08290800000001
33.70847810000002
35.310704
36.88575440000001
38.42979800000001
39.939122299999966
41.410103899999996
42.839267899999996
44.223228500000005
45.55880780000001
46.84303580000002
48.073091
49.246359799999986
50.3605553
51.413628199999984
52.40379650000001
53.32966429999997
54.1901921
54.984875000000024
55.713623899999995
56.3771516
56.97700249999996
57.51584959999999
57.99820729999997
58.431173899999976
58.8264215
59.203581799999974
59.59868089999999
59.96312959999998
60.12915260000001
60.2071745
60.19989800000001
60.110114900000006
59.94070610000001
59.69455249999998
59.37477259999999
58.98445519999997
58.52689700000002
58.005424399999974
57.4234826
56.784695000000006
56.092655300000025
55.351105699999984
54.56387750000002
53.73480200000001
52.86779959999999
51.966820399999996
51.03587389999999
50.07888050000003
49.0998497
48.10264249999997
47.09117930000003
46.069202299999986
45.04039429999998
44.00831929999999
42.97633339999999
41.94761450000001
40.925221699999966
39.91185769999996
38.91001729999999
37.92195770000001
36.94952029999999
35.9943089
35.0575412
34.14004880000001
33.242306900000024
32.364345199999995
31.505807300000004
30.66592099999999
29.843498299999986
29.036935399999997
28.244272099999986
27.463132400000003
26.690932399999987
25.924702099999966
