57.28214030000001
55.28071670000001
53.265037100000015
51.238071499999975
49.20281960000001
47.16234049999999
45.119722999999965
43.07805589999999
41.040427999999984
39.00995780000002
36.989615299999976
34.98245959999998
32.99137159999997
31.019172800000018
29.068565899999992
27.14216450000001
25.242433700000007
23.37169010000001
21.53210179999998
19.725688400000013
17.954320999999986
16.219633099999996
14.52319879999999
12.866354600000019
11.250318199999999
9.67606969999999
8.1445595
6.65647069999999
5.2124567
3.812963000000002
2.458375699999991
1.148932400000006
0.0
0.0
0.0
0.0
0.0
0.0
0.0
0.0
0.0
0.0
0.0
0.0
0.0
0.0
0.0
0.0
0.0
0.0
0.0
0.0
0.0
0.0
0.0
0.0
0.0
0.0
0.0
0.0
0.0
0.0
0.0
0.0
0.0
0.0
0.0
0.0
0.0
0.0
0.0
0.0
0.0
0.0
0.0
0.0
0.0
0.0
0.0
0.0
0.0
0.0
0.0
0.0
0.012669799999991653
1.1587333999999907
2.3155483999999853
3.47993689999998
4.648691299999966
5.8185742999999714
6.98643769999997
8.149103600000007
9.303423800000012
10.446398600000002
11.575057999999967
12.686610199999986
13.778322799999996
14.847700999999967
15.892339100000022
16.910039300000005
17.898871099999987
18.857052499999988
19.783009400000015
20.67546470000001
21.533349199999993
22.355860999999987
23.142406099999953
23.89268750000002
24.606586400000012
25.284310699999963
25.926246499999994
26.533017500000007
27.105395899999987
27.644480599999998
28.1513705
28.627431799999965
29.074060400000008
29.49280069999997
29.885286199999957
30.25318010000003
30.598264399999994
30.922291399999995
31.22722129999996
31.515073699999995
31.78798700000001
32.048277799999994
32.298470600000016
32.541327499999994
32.77972939999999
33.016705699999996
33.25543429999997
33.49915250000001
33.75094909999999
34.01388320000001
34.290865399999966
34.584479600000016
34.89707210000001
35.23075159999999
35.58724069999999
35.96790560000002
36.373815499999964
36.80571290000002
37.264043300000004
37.748895799999985
38.2600922
38.7971573
39.359348600000004
39.94565630000002
40.5548627
41.18548279999998
41.83585339999999
42.50410339999997
43.1881835
43.88589590000001
44.594864599999994
45.31271359999998
46.03682929999997
46.76462780000003
47.49343609999999
48.220610899999976
48.94344949999998
49.659278900000004
50.36554489999998
51.05972299999996
51.73937780000003
52.40222240000002
53.046088699999984
53.668986800000006
54.269104999999975
54.84483950000001
55.39482409999998
55.91790050000001
56.41320739999997
56.88003200000001
57.318106999999976
57.7273136
58.107889400000005
58.46039870000001
58.785673099999975
59.08484120000002
59.359417699999966
59.61112520000001
59.84189419999999
60.05392249999998
60.24937819999998
60.43048879999997
60.597343400000014
60.662327
60.69698690000003
60.70349120000001
60.684126799999994
60.64129939999999
60.577592899999985
60.4955912
60.39790789999997
60.28727539999996
60.166366699999955
60.037914199999996
59.904561199999996
59.76889159999999
59.6335487
59.500908499999966
59.373436099999985
59.253358999999996
59.14281559999996
59.0438552
58.95831919999999
58.85585420000002
58.74869659999998
58.675872199999986
58.637410699999975
58.63292599999999
58.661705299999966
58.722827899999984
58.8151355
58.93726189999998
59.08769239999999
59.2647044
59.46651589999999
59.69110729999999
59.9363402
60.2000168
60.47973139999999
60.7730783
61.077473600000005
61.39036309999996
61.7090738
62.030962399999986
62.353445
62.673967399999974
62.99000509999997
63.29933059999998
63.599805500000016
63.889677499999976
64.16752099999998
64.43250439999998
64.6845386
64.92454430000001
65.15495689999999
65.38049869999999
65.60936689999997
65.8371065
65.9410862
66.0053273
66.0280181
66.00767359999999
65.94316519999998
65.83372069999997
65.67889459999996
65.47856809999998
65.23297879999998
64.94266129999997
64.60850659999997
64.23164329999996
63.81352669999999
63.35582000000002
62.86054279999998
62.329833500000014
61.7661275
61.17200869999999
60.55029859999998
59.90393749999997
59.23595479999999
58.549558099999985
57.84798469999997
57.13462039999998
56.4127619
55.68579499999999
54.95707580000001
54.2299307
53.507656399999995
52.793401099999976
52.09028329999998
51.40127299999999
50.72919169999997
50.07674209999998
49.446359599999994
48.84039050000003
48.26097319999996
47.7099491
47.189011100000016
46.6996442
46.2430364
45.8201975
45.43186999999999
45.078529099999976
44.76047180000001
44.477727800000004
44.23008920000002
44.01708079999999
43.83801950000001
43.691954899999985
43.577669300000004
43.493648000000015
43.3972418
43.33205029999999
43.30463719999999
43.30793389999998
43.33620829999996
43.38467869999999
