34.05508843345124
34.42641917979276
34.772658579966894
35.09342792137849
35.38845412476166
35.65760518678232
35.90084968985153
36.1182739771566
36.31007493297543
36.47655480595026
36.61811770105923
36.73527294043482
36.82862946702272
36.898874943768774
36.94679947554218
36.97324612638036
36.979146849148535
36.965498081599414
36.93336425596821
36.88387455596977
36.81821462691039
36.737615016180875
36.6433514274477
36.536743231562184
36.419118836893176
36.291843177906934
36.15629258314274
36.0138383717954
35.86588395214717
35.71381837092599
35.55902518766949
35.402902784100206
35.246809894367715
35.09209780084207
34.94009058637084
34.79205975209135
34.649259021658416
34.51287355484708
34.38405160585195
34.26386302217712
34.153344944527575
34.05341361434874
33.964935876584896
33.88868781832612
33.82532848001268
33.775431749637185
33.73945530415159
33.717739591552345
33.71053244421808
33.717949993978735
33.73999519364562
33.77657002088673
33.82746439804115
33.892381457540154
33.97092648619652
34.062630644997334
34.16695912900006
34.283308647860984
34.411033687609425
34.549443590341006
34.697812652505505
34.85540190101392
35.02145556799996
35.195200561264286
35.37586732846116
35.56269044158326
35.7549271491198
35.95182557476479
36.152665680141666
36.35673799716626
36.56332555978415
36.77174413085714
36.98129782098634
37.191313029933326
37.40111918193377
37.61006661319246
37.8175101846223
38.02281281849
38.22537595083902
38.42459043197997
38.619870426490714
38.810645524845825
38.99634433214874
39.1764038962253
39.35028174926966
39.51742046797797
39.67727441514236
39.82927886904421
39.97286659897257
40.10747160578849
40.23251621442075
40.34738450902104
40.45147578845507
40.54414923643866
40.62473665897088
40.692528396106184
40.74681009731183
40.78682314324252
40.65553705636798
40.66146367655012
40.650827915410744
40.62273599598494
40.57625004857647
40.51040418844285
40.42417042089599
40.31646694100276
40.18615761726981
40.03204563894893
39.85282336837668
39.64709388867507
39.4133030554052
39.14970046148911
38.854320933316636
38.52487221459365
38.15865688791351
37.75236369599872
37.30186409967041
36.80170975057666
36.24444748729189
35.61918978458786
34.90869882419219
34.08229394303813
33.07311921938796
31.647806385800195
28.620184497295597
27.236698280179773
26.176516831255185
25.260234087588646
24.43027643973454
23.659358065853226
22.93208030168958
22.23883281575719
21.573209073025996
20.930740970593178
20.308219349433188
19.70327827848159
19.11413760624037
18.539462257170804
17.97824632397725
17.429734505507703
16.89336042348178
16.368718658333975
15.855506166026258
15.353542123997073
14.86269595664391
14.382942106341602
13.914290155849903
13.456795127016465
13.010560421557537
12.575715700247736
12.152345213818739
11.306811718224958
10.89363112351334
10.493156904199278
10.105646012879115
9.731360350980218
9.370589002562253
9.023601312099297
8.690685178098207
8.372130612732755
8.068230042096245
7.7792636373842905
7.505520832084799
7.247271537259296
7.004782778602219
6.7783052130603485
6.5680758345154935
6.3743103474207015
6.1972185728052205
6.037007639482519
5.893863490876881
5.767965940472088
5.659505333055606
5.5686548850397894
5.495584774815491
5.440450031327453
5.40297824915712
5.384596537647358
5.384168208414076
5.402275230192202
5.439045989652811
5.494628609603301
5.569143136907353
5.662715485295719
5.7754339172409415
5.907392543792225
6.058669557133117
6.229308161961008
6.419393330193582
6.628987055747104
6.858204230071103
7.107171128042573
7.376076229174028
7.665137858599749
7.974654800890794
8.304996008789143
8.656612738223194
9.030086181952475
9.426186666018095
9.845889954008504
10.29052724868355
10.76188918559109
11.262426745319164
11.795592872597407
12.366361656116528
12.982183012681613
13.65492548688077
14.405205901910291
15.275095130080203
16.383213417391527
18.90692396777595
20.27238513747687
21.184193334755864
21.93034940063924
22.5797947885914
23.162635359272674
23.695235424038817
24.187662481409543
24.64662086180358
25.076816683941416
25.481730587934678
25.863961899045684
26.22560566362398
26.568303654947265
26.893401094767853
27.202035670198352
27.49516153181103
27.77361080144661
28.0381154065965
28.289327970449804
28.527848240279205
28.754225638636672
28.968984338842137
29.172621171101007
29.36559904792997
29.54838041865547
29.721423050672037
29.88515162526616
30.03999074396029
30.186365204994214
30.324678450668046
30.455356629538446
30.578796722936627
30.69542665042953
30.80564637972809
30.909864557997935
31.008481358787577
31.101890580904314
31.190496014167774
31.274659998089746
31.354762047784472
31.4311277050021
31.50406755653906
31.573839525211117
31.64066608331601
31.70470868247736
31.766112430558902
31.824948235356295
31.881263629400983
31.935022511702602
31.98617918474972
32.03459871609316
32.08011794625089
32.122521269512575
32.16156327714917
32.19695294495968
32.228389311925156
32.25555440329631
32.27810153480283
32.29568869337589
32.30796274852943
32.314552303111704
32.315122747589065
32.30932694109391
32.296860886054766
32.277458205846685
32.25090808664325
32.21705512340883
32.17580348210706
32.127148047766255
32.07115871780072
32.0079950421312
31.937928419915085
31.861327704796345
31.77868788857836
31.690643188846106
31.597950441086542
31.501521650888666
31.402379424222072
31.301687487621972
31.200717024390134
31.10086556031347
31.00364848348759
30.91066455222991
30.823579314811592
30.744105648824508
30.673937354025046
30.614695218516054
30.567891992968647
30.534883861356803
