61.8126674
61.11248990000002
60.40770889999996
59.70096769999999
58.994998700000025
58.29241549999999
57.595861399999976
56.90795000000001
56.23120579999998
55.568123599999986
54.92104970000002
54.292330400000004
53.684133800000005
53.09853890000001
52.53744649999998
52.0027277
51.49601600000001
51.018885499999996
50.57267270000001
50.15862499999998
49.777871
49.431361100000004
49.11986750000002
48.844102999999976
48.6045428
48.40163239999999
48.23563910000002
48.0193637
47.872348699999975
47.80748389999998
47.81318629999998
47.881615100000005
48.006949099999986
48.1847927
48.41152250000001
48.6841982
49.00011709999999
49.3569032
49.75229929999998
50.18416699999998
50.650427300000004
51.14897149999997
51.67780970000002
52.234862899999996
52.8180818
53.42538740000001
54.0547007
54.70391299999998
55.370856200000006
56.053451299999985
56.749500500000025
57.456865400000005
58.17334820000002
58.896751099999996
59.62496540000002
60.355763599999975
61.087036999999995
61.816617499999985
62.54242609999997
63.26238380000002
63.974471
64.6766681
65.36701489999999
66.04369969999999
66.7048514
67.34871770000001
67.97366509999996
68.57808979999999
69.1605365
69.71957959999997
70.25403109999999
70.76276239999999
71.24485280000002
71.6995598
72.12634880000003
72.52513069999998
72.8960243
73.2485336
73.55946290000001
73.84725589999998
74.11565480000002
74.37054020000001
74.62135670000002
74.8833701
75.019307
75.09406189999997
75.12171259999997
75.10187300000001
75.034157
74.91838640000002
74.7544127
74.54211710000001
74.281559
73.97276809999998
73.61598200000002
73.21137890000003
72.79682629999999
72.28052149999999
71.7148553
71.10039199999999
70.43778499999998
69.72774710000003
68.971199
68.16906140000003
67.32246289999999
66.4325321
65.50063519999999
64.52813839999999
63.51658610000002
62.467611799999986
61.382938099999976
60.26440639999998
59.11397689999998
57.93372860000001
56.72582960000001
55.492537100000014
54.23616769999999
52.959216200000014
51.66417739999995
50.35366490000001
49.030322
47.69685139999998
46.35607460000001
45.01075369999999
43.663710200000004
42.31782499999997
40.97597899999995
39.64099370000001
38.31577969999999
37.00318820000002
35.70598129999999
34.42698049999996
33.16891820000002
31.934437699999986
30.7261823
29.546676499999975
28.398385399999988
27.28368499999998
26.20480279999999
25.163936599999992
24.163135700000012
23.204300900000014
22.289243899999985
21.419627899999984
20.596967599999992
19.822658899999983
19.097919500000007
18.423788899999973
17.8011878
17.23088839999996
16.713455000000028
16.249243999999983
15.838582100000009
15.48143959999997
15.177697699999957
14.927118799999981
14.63418770000002
14.433356300000007
14.367095599999994
14.408794399999973
14.5427711
14.758868300000008
15.05007680000001
15.411109999999974
15.837750499999956
16.326434300000006
16.874013200000007
17.47760629999998
18.13442180000001
18.841846100000012
19.597206200000002
20.397947900000002
21.24145759999999
22.125181099999992
23.04644540000001
24.00269629999999
24.991290499999977
26.009614399999993
27.055024699999993
28.1249078
29.216650100000017
30.327667699999996
31.45531729999998
32.597074400000004
33.750355100000014
34.912575499999996
36.081300200000015
37.25394530000001
38.42807540000001
39.601225399999954
40.77101929999998
41.934991999999966
43.09082689999999
44.236148000000014
45.36869809999998
46.48616059999998
47.586278300000004
48.666883099999986
49.725806900000016
50.7609113
51.77011729999999
52.75140530000002
53.70287449999996
54.6225944
55.508812699999986
56.359806799999994
57.174062000000006
57.950063599999964
58.686623600000026
59.38258369999998
60.0371123
60.6495857
61.21964749999997
61.7473868
62.233308499999985
62.67848179999998
63.08480750000001
63.45519619999998
63.79398409999998
64.1077943
64.40657629999998
64.70598200000002
64.99965560000001
65.12959310000001
65.20087310000001
65.21483210000001
65.17298480000002
65.0770835
64.92891019999999
64.7305142
64.48409329999998
64.19196410000002
63.856532300000005
63.480411500000024
63.066274699999994
62.61685430000001
62.1350015
61.62365659999999
61.08575989999998
60.524281399999985
59.94222080000001
59.34257779999999
58.7282927
58.10236519999999
57.467676199999985
56.827076899999994
56.18327
55.53898789999999
54.8967848
54.259096099999965
53.628297800000006
53.006587700000026
52.3960448
51.798599599999996
51.21603410000003
50.6500115
50.10201679999999
49.57341620000001
49.06536800000002
48.57897109999998
48.115116500000006
47.6745764
47.25803389999998
46.86593449999999
46.4987237
46.15663909999997
45.839918300000015
45.54859099999997
45.28268690000003
45.04208720000001
44.826673099999965
44.636177299999986
44.47036219999998
44.32890109999999
44.21140790000001
44.117496499999994
43.999082600000015
43.9024982
43.84526629999998
43.823347699999985
43.8335051
43.87306549999999
43.93977169999997
44.03172289999999
44.147137099999995
44.28446989999998
44.44217689999998
44.618862199999974
44.81310020000001
45.02349500000002
45.24865069999999
45.48711200000001
45.73742360000003
45.99804109999998
46.267390400000004
46.54386769999998
46.825809799999995
47.111523799999986
47.39922770000001
47.68725830000001
