43.435337574670875
43.896532315039494
44.36573251191049
44.841291094796745
45.32035533899161
45.79896272858326
46.272222738980055
46.73447094340545
47.179463703493155
47.600597629111945
47.99105595251964
48.344019015337494
48.65278388248133
48.91093043813364
49.112437903716774
49.25174014443077
49.32385123518465
49.32434174164924
49.2494556406359
49.09594658713153
48.86122533205931
48.54321602250684
48.140248347852406
47.65098044699448
47.07422661287887
46.40877045385466
45.653152945978356
44.80530282111462
43.86215660523654
42.81903110945492
41.66865395920257
40.39962033645409
38.99348325453065
37.4186400686163
35.61508162258565
33.44299284493571
30.29366327679607
24.44959910544074
21.933255672487476
20.00048360457788
18.348878020108796
16.872804408562708
15.520353609882022
14.26161534677332
12.700395750693708
11.535121778026106
10.42432185604397
9.36248904829652
8.346106710502973
7.3731247821289685
6.4426179929492084
5.554598573457424
4.709808096907314
3.9095748801277113
3.1557305244022382
2.450502454754915
1.7963917321807048
1.196138705754388
0.6526251561348044
0.16881451363714406
0.0
0.0
0.0
0.0
0.0
0.0
0.0
0.0
0.0
0.0
0.0
0.0
0.5127252636519961
1.1209503866216097
1.82099822291897
2.6156243606448335
3.5087618788474173
4.506217097024141
5.6169426521956805
6.855297014001519
8.24568331638335
9.833558288050392
11.718627075194377
14.220702507564503
19.73641372180828
22.330996250643743
24.183993189943216
25.713499455354704
27.035752322899526
28.202374706296727
29.2409719107389
30.167761682262316
30.992790240476644
31.722423289064377
32.360709279258586
32.91014712807692
33.37224051685691
33.74779536373
34.037124874432244
34.2402512814777
34.35696237048808
34.386883824561636
34.32950273968009
34.18416351419152
33.94998015619168
33.6257936479678
33.20996010973754
32.700149003344045
32.09293117006438
31.383181303785786
30.563079884323358
29.620189493707702
28.533657759228472
27.265231249712265
25.732158222645676
23.675109387930316
18.924036972239534
16.54812138747496
14.836875029213747
13.393324152686173
12.1090082002289
10.935560589670953
9.84683940607543
8.827131454094818
7.866433770234717
6.958179604097609
6.098052782681939
5.28327604447125
4.512254805512637
3.784289040269666
3.0994030354253983
2.4582404739670527
1.8619547768908207
1.3121487747565674
0.8108253276912682
0.36033583018856463
0.0
0.0
0.0
0.0
0.0
0.0
0.0
0.0
0.0
0.0
0.0
0.08912078123015135
0.6138473042480836
1.2470180650914813
1.997392906433272
2.8766810984191014
3.9015868307016537
5.097878098255023
6.509515574858645
8.22391467611073
10.475058112573485
15.805165249142059
19.184208413728875
21.396735844758002
23.256268086268975
24.919918151409952
26.451598327568167
27.884175388311515
29.236774909353798
30.521308482266228
31.74546714270007
32.914258986693156
34.03090868278272
35.09735586302108
36.11460626819323
37.08293291318431
38.002060334485485
38.87127210917298
39.689518459650856
40.45546296864548
41.16759056741628
41.82423648878829
42.42364781647588
42.96401864704463
43.443553316901806
43.86049204138848
44.213148620383144
44.4999383237045
44.71941894208063
44.87026562353349
44.95132968915148
44.96160154702132
44.900234363891066
44.766482403798236
44.559718672414384
44.27939750619138
43.92494063077789
43.49577916780815
42.99120377179803
42.410275433432
41.7516500618775
41.01342024501919
40.19278489248108
39.285589443978935
38.28562746783566
37.183426121352916
35.96399491973105
34.602230527831686
33.05164649674119
31.20892751363022
28.718207240144736
23.35819103447372
20.910983649138075
19.10540470628663
17.58485689753554
16.239068449776777
15.016333656156688
13.887651973933176
12.835018736881977
11.846500496342887
10.913901702295691
10.03142451094851
9.194938973846435
8.401533736955967
7.649199495705757
6.936633558147207
6.263076887230024
5.628248837476656
5.032246912834646
4.475502879688015
3.958703947855961
3.4828068411281037
3.0489766827380276
2.6585348517859484
2.312998914595771
2.0140140364191668
1.7633308219872128
1.5628460287373265
1.4145442274353377
1.320512341273302
1.2829247085934958
1.3040824792237027
1.386385780543353
1.5324033845407803
1.7448608489118898
2.026704122947283
2.381220792776876
2.812093277358713
3.3236274923863496
3.920960940548082
4.610497453900457
5.400524684832192
6.302301407125697
7.331974033252375
8.514469288580846
9.892127653312086
11.548932956754312
13.710132714283581
18.801684906105855
21.94990692455704
24.017506248905082
25.74820601653053
27.28968257739348
28.701984805955217
30.015777384835737
31.248535525105368
32.41078446797629
33.50897535496142
34.54700284061948
35.527039105830106
36.45010736573584
37.31640919314034
38.12558591630357
38.876902794088544
39.56938959805965
40.20195984333881
40.77349883008913
41.28299978076724
41.7295708178763
42.112559831044564
42.43160881761838
42.686700681838595
42.8782394725222
43.00709045523542
43.07466732843132
43.08296486635529
43.03461402056875
42.932910630474346
42.78190875147298
42.58645947164019
42.35220619825282
42.0856552510136
41.79420496785828
41.48612427915264
41.17055463158116
40.85744562855446
40.55740187786288
40.28151444605231
40.04103867699657
39.84702264387072
39.70979313673057
39.63841769408974
39.640145939956454
39.719893134684106
