21.334664999999998
23.037232350000007
24.73565655
26.41951289999999
28.078510350000006
29.702714250000017
31.28263545
32.80940850000002
34.27465800000001
35.67089955
36.99131700000001
38.22998520000002
39.382137300000025
40.44398655000001
41.41348365000003
42.29027220000003
43.07698065000002
43.78055880000002
44.41619820000002
45.01566299999998
45.651970649999996
46.52916015
47.478342450000014
48.02746575000003
48.3807027
48.55097280000001
48.54887895000002
48.383553900000024
48.06315029999999
47.59515255000004
46.98659955000003
46.2442629
45.374736
44.3846568
43.28057415
42.06912600000001
40.757128500000015
39.35144235
37.85910645000003
36.28729334999999
34.643353800000014
32.93472765
31.16903295
29.354021400000036
27.49744469999998
25.607232750000023
23.69127090000002
21.757355400000016
19.813416150000023
17.867115750000014
15.92611680000001
13.997725500000017
12.089158950000023
10.20727785000001
8.358675599999989
6.549500100000014
4.785587400000032
3.072328050000014
1.4146225499999976
0.0
0.0
0.0
0.0
0.0
0.0
0.0
0.0
0.0
0.0
0.0
0.0
0.0
0.0
0.0
0.0
0.0
0.0
0.0
0.0
0.0
0.0
0.0
0.0
0.0
0.0
0.0
0.0
0.0
0.0
0.0
0.0
0.0
0.0
0.0
0.0
0.0
0.0
0.0
0.0
0.0
0.7070794500000074
1.8744231000000189
3.0397619999999987
4.199042100000017
5.348298450000016
6.483610649999991
7.601191950000002
8.697300150000007
9.768282150000012
10.810663049999992
11.821146150000008
12.796479300000009
13.733677649999997
14.629934550000032
15.482755200000017
16.289867550000025
17.049445050000013
17.760151199999996
18.421228650000025
19.032989250000007
19.59699224999999
20.116979849999993
20.600436450000018
21.061128000000004
21.526007250000017
22.051118100000004
22.77198164999998
23.258111250000002
23.590186949999996
23.814451650000024
23.93161815000002
23.94253290000003
23.847775049999996
23.648101949999987
23.344226400000018
22.936861200000024
22.42698645
21.815537700000025
21.103717800000037
20.29286325000001
19.384488749999992
18.38028720000001
17.282263349999997
16.092511049999995
14.813569649999982
13.448112150000014
11.999078850000014
10.469766450000012
8.863783500000018
7.184872200000016
5.437309350000033
3.625505400000013
1.7542272000000123
0.0
0.0
0.0
0.0
0.0
0.0
0.0
0.0
0.0
0.0
0.0
0.0
0.0
0.0
0.0
0.0
0.0
0.0
0.0
0.0
0.0
0.0
0.0
0.0
0.0
0.0
0.0
0.0
0.0
0.0
0.0
0.0
0.0
0.0
0.0
0.0
0.0
0.0
0.0
0.0
0.0
0.0
0.0
0.0
0.0
0.0
0.0
0.0
0.0
0.0
0.0
0.0
0.0
0.0
0.0
0.0
0.0
0.0
0.0
0.0
0.0
0.0
0.0
0.0
0.0
0.0
0.0
0.0
0.0
0.0
0.0
2.9572553999999878
6.13799175
9.310129950000007
12.4630671
15.586333950000007
18.669862199999997
21.703717200000018
24.678587999999994
27.585430950000024
30.41573700000001
33.16148715
35.815197000000026
38.36991675
40.81918665000003
43.1573043
45.37999290000002
47.48279745000001
49.46193120000002
51.29106510000001
52.95135450000002
54.48204795000001
55.88252175000002
57.15290955000002
58.29450330000002
59.30997600000003
60.20422814999999
60.98603610000002
61.67148239999999
62.292331200000035
62.92066439999999
63.760832850000014
64.61672745
65.05434210000004
65.27063235000003
65.29010070000001
65.13087900000001
64.80695595000002
64.32946905
63.707684700000016
62.9494437
62.061740400000005
61.05085635000002
59.92262760000001
58.68275655000002
57.33658920000003
55.88947155
54.346749599999995
52.713724799999994
50.99569859999998
49.20138052499996
47.40706244999999
45.173191800000026
42.863363400000026
40.485373500000016
38.04719655
35.55680699999999
33.022045650000024
30.450842400000013
27.850859850000013
25.22958239999999
22.594093499999993
19.951209300000016
17.30716679999999
14.667846600000004
12.038371950000014
9.423331500000014
6.826556550000016
4.251254700000031
1.6997871000000133
0.0
0.0
0.0
0.0
0.0
0.0
0.0
