0.0
0.0
0.0
0.0
0.0
0.0
0.0
0.0
0.0
0.0
3.1260553500000077
6.321983250000001
9.369158700000005
12.25506315000001
14.969093700000027
17.502474
19.848699749999987
22.005276150000014
23.969975700000006
25.742263800000018
27.323610600000013
28.717624650000023
29.930765700000013
30.97363665000002
31.86383475000003
32.63325780000001
33.349354500000025
34.19629455000001
35.54054624999999
36.32395800000001
36.792624000000025
36.99029235
36.94908360000002
36.69430215000003
36.24693105
35.62501305000002
34.84463070000002
33.92057460000002
32.86661070000001
31.69574760000002
30.420548400000023
29.053175250000017
27.605433900000016
26.088862800000005
24.51473309999999
22.89409320000003
21.237813300000024
19.556362650000008
17.86012140000001
16.159024200000026
14.462604750000036
12.78012945000001
11.12037465000001
9.491582099999992
7.901548050000029
6.357400500000003
4.865688300000035
3.432247500000015
2.062201350000018
0.7599157499999989
0.0
0.0
0.0
0.0
0.0
0.0
0.0
0.0
0.0
0.0
0.0
0.0
0.0
0.0
0.0
0.0
0.0
0.0
0.0
0.0
0.0
0.0
0.0
0.0
0.973488450000016
2.3323525500000137
3.739776150000038
5.188542150000017
6.671121599999999
8.179807350000035
9.706803150000027
11.244223650000007
12.784005300000006
14.31808455000003
15.838442400000009
17.33714895000001
18.80631885000004
20.23824494999999
21.625398300000008
22.96065090000001
24.237052950000013
25.44823380000001
26.58831285000001
27.652033200000016
28.635207150000006
29.534894399999992
30.350203950000008
31.08358605
31.743594300000012
32.35116719999999
32.95740360000002
33.70401705000004
34.81219830000001
35.47692884999999
35.929155899999984
36.17787854999999
36.22982385000002
36.09038235000004
35.76378630000001
35.25386700000001
34.56392115
33.69724545000001
32.65718115000001
31.447069499999994
30.070563600000007
28.53167295
26.834718900000006
24.98460195000001
22.98657900000001
20.84666430000002
18.571406700000026
16.1680233
13.644488549999986
11.009445149999998
8.272382250000014
5.443457249999989
2.533584900000039
0.0
0.0
0.0
0.0
0.0
0.0
0.0
0.0
0.0
0.0
0.0
0.0
0.0
0.0
0.0
0.0
0.0
0.0
0.0
0.0
0.0
0.0
0.0
0.0
0.0
0.0
0.0
0.0
0.0
0.0
0.0
0.0
0.0
0.0
0.0
0.0
0.0
0.0
0.0
0.0
0.0
0.0
0.0
0.0
0.0
0.0
0.0
0.0
0.0
0.0
0.0
0.0
0.0
0.0
0.0
0.0
0.0
0.0
0.0
0.0
0.0
0.0
0.0
1.1225527500000085
5.421850500000001
9.727207050000017
14.019599549999999
18.280049700000035
22.490291999999997
26.632551000000028
30.68994225000003
34.64647230000001
38.487038700000014
42.19774185
45.765662250000034
49.1792169
52.36627934999999
55.324488450000004
58.09741410000001
60.67930935
63.06563010000001
65.25530715000005
67.24718219999998
69.04072065
70.6366353
72.03719820000002
73.24708710000003
74.27463285
75.13609620000001
75.86622615
76.556172
77.54558295000001
78.38134095000001
78.72967739999999
78.76518374999999
78.53196450000002
78.05853165000003
77.36462085
76.46471085000003
75.37011735
74.09019584999999
72.6330099
71.00599935
69.21633675000004
67.27043729999998
65.17587450000002
62.93964270000001
60.56927085000001
58.07251065000003
55.457425650000026
52.73248035000003
50.125057950000006
46.53900570000002
42.86380890000003
39.11305530000003
35.301045450000004
31.442480849999995
27.552463950000003
23.646498150000017
19.740086850000015
15.848911650000005
11.988386850000005
8.173837650000008
4.420054650000018
0.7414274999999879
0.0
0.0
0.0
0.0
0.0
0.0
0.0
0.0
0.0
0.0
0.0
0.0
0.0
0.0
0.0
0.0
0.0
0.0
0.0
0.0
0.0
0.0
0.0
0.0
0.0
0.0
0.0
0.0
0.0
0.0
0.0
0.0
0.0
0.0
0.0
0.0
0.0
0.0
