3.862961584816474
3.490047518467359
3.1778923124504854
2.927791297819804
2.7409632816513456
2.6185288685960426
2.561524978776981
2.5708984225413385
2.64759580239971
2.792556165668052
3.0068495032190072
3.29174395185074
3.6488624965104623
4.080424072762419
4.5895470009030825
5.180768452844441
5.860832725252875
6.6401584508278235
7.535538439438029
8.576149891282116
9.819688146772133
11.414096946360042
14.902504290980742
17.757190129107336
19.391250267372133
20.73987050855322
21.9371356407065
23.036119015053583
24.064222326422957
25.03773202628569
25.96719395190945
26.85989362729496
27.721030116868448
28.55442656157866
29.362914301486626
30.148605186600655
30.91305077648784
31.657336774257587
32.38220851305209
33.08809298021076
33.775153599820726
34.44334401706181
35.09242925912009
35.72201354060103
36.331557272553894
36.92041787257683
37.48785090584349
38.03305103599176
38.55515363383167
39.05326841928348
39.52650321684671
39.97394944777238
40.39474946280426
40.7880606618001
41.15307512913447
41.48902517091025
41.795215495451124
42.07099610605206
42.31576464486761
42.52900819325785
42.71025796679655
42.85910620716766
42.97521802227058
43.0583026716009
43.10814701979363
43.12450190816341
43.107230067669654
43.056174430604806
42.97118898551019
42.85212486559638
42.69880571503892
42.511004872085586
42.28845304140554
42.03077508213801
41.737511071389164
41.408059268863106
41.041646300102315
40.63729826683798
40.193800554420925
39.70958320618674
39.18266777564377
38.6105158017899
37.98982781444013
37.31623472211146
36.58379336607433
35.784196115257785
34.905137101585616
33.92716422020171
32.81605796419552
31.4999828367523
29.758432921186813
25.77544310793326
23.795802950921754
22.37678969540886
21.18292150671648
20.121353844124307
19.15015946230405
18.24628249188785
17.395645425860124
16.58906617247869
15.820334018114368
15.085127574384197
14.380431997581217
13.704144958097741
13.054834045383323
12.431595381863954
11.833887074529784
11.261491782686056
10.714421602103707
10.19289877673474
9.697270521858162
9.228020763770424
8.785715857159955
8.371005101776385
7.98459235424544
7.627250842919805
7.299786321651084
7.003032699074809
6.737854070961678
6.505115311543923
6.305707534919663
6.1405138332030695
6.0104208448806276
5.916321219306313
5.859087853195997
5.839613517682226
5.8587585715054455
5.917408089684978
6.016456106152675
6.156812638548076
6.339425022275446
6.565282848394313
6.835459034251742
7.151138297155174
7.5136335935288825
7.924506906922099
8.385596456747113
8.899208772217767
9.46828036032193
10.09671967141573
10.789908539717707
11.555559163759499
12.405342984935322
13.358115948267214
14.447568793035975
15.745156205367255
17.472300517922
21.33989880089656
23.200322623786228
24.534777427173005
25.651418866599013
26.635232882979803
27.524105617161922
28.3386485885211
29.091363649399696
29.79040494307748
30.441353205209722
31.04816205444387
31.6137207468141
32.14015780313229
32.629089870728
33.081765448306115
33.49915034605736
33.882017605583584
34.23099246473307
34.54659059372915
34.82924876109516
35.0793433308475
35.29723405659663
35.483231519735476
35.63764406904783
35.76076746407009
35.85291110024915
35.91437120939161
35.94546332851823
35.94648965831747
35.91776760633236
35.85959332463491
35.772246832902304
35.655985765755645
35.51102492406652
35.33752025816592
35.13556236027735
34.90514244534893
34.64610397728226
34.35815516623703
34.04077039691824
33.693205528214115
33.31438820504501
32.902861125706515
32.45662422163575
31.972979033539843
31.448170737057872
30.876871985329505
30.25118460483699
29.55873975442844
28.778357735287656
27.86795352783989
26.715855080296308
24.074914533257417
22.310895145767354
21.214788312233804
20.32096794243184
19.541040794298304
18.838495505955027
18.19431264695746
17.597343632441266
17.040612597934174
16.519639220843224
16.031532096641477
15.574495553152897
15.14749532498884
14.750114299665176
14.38236141628047
14.044620237085397
13.737542913091763
13.462058862331943
13.219273448981692
13.01046986999036
12.837066232277625
12.700609515772687
12.602739388882053
12.545214724126968
12.52987110812796
12.558684692849333
12.633762221880412
12.757402339963244
12.9321382923449
13.160828172466227
13.446790268798727
13.79400549038256
14.207439473537356
14.693542418394504
15.26112582094849
15.92307657987975
16.699745906114476
17.627333381228397
18.783941790647784
20.435055808243707
23.99496843966921
25.630239825505168
26.88761003955772
27.98054319747369
28.974030911866162
29.8974020106598
30.766341188101006
31.589984538661742
32.3739134815742
33.12156618367207
33.83500934955198
34.51535614323413
35.16305017271356
35.7780407267989
36.35987674213314
36.90780207783292
37.420763412551786
37.89751623080408
38.33657559804803
38.73630581423949
39.09488589575861
39.41037023162959
39.680673907154954
39.903577693242994
40.07675928264282
40.19777490688147
40.26405293314572
40.27293055556694
40.22161229447349
40.107189740737915
39.926574344891335
39.676476680528125
39.35331575207348
38.95308910530207
38.47118690119142
37.90207744727062
37.23876678848589
36.47194504329864
35.588353250060784
34.567476383137034
33.37392959116144
31.936081118861395
30.045451754797586
25.557787087098514
23.01638672149833
21.288441212739635
19.851584942673334
18.585839748149912
17.441144867334337
16.39198035508223
15.424028887360208
14.528935863470583
13.701796991617494
12.939894871112347
12.241859264202613
11.607243810304453
11.036176789713911
10.529132659266047
10.086760039791594
9.70973399746727
9.39869586573268
