25.199435475114065
25.374044241532577
25.594212188673822
25.86053297453725
26.172973359286807
26.5309008123214
26.933130483635246
27.37802159552229
27.86357526304826
28.38750884485567
28.947322929358805
29.540362865086358
30.16392724292597
30.815243759290553
31.49153680739404
32.1900229762301
32.90796818517052
33.64260803862802
34.39127189529195
35.15128718891056
35.92001163544209
36.69489063804159
37.47338320809251
38.51315685777567
39.031374930643715
39.80607498302206
40.57479913121516
41.33532699738581
42.08544106787204
42.82303967870955
43.546063401086165
44.25269736557277
44.94053059124398
45.608216255528234
46.25383043800806
46.87567687788096
47.47217569558123
48.0418065126914
48.58317437266242
49.094937621061646
49.57583660295363
50.02466801465997
50.44029746021759
50.82161593718627
51.16755900020296
51.47708351741788
51.7491911804692
51.98292277321008
52.1772164357011
52.33114143026921
52.44372356701571
52.51400155570381
52.54098212102005
52.523694432803545
52.461087196096244
52.35214385513253
52.19576345670952
51.99078344686145
51.735972491456145
51.42988033534148
51.070986911091055
50.189512447811424
49.71151228793707
49.176907934452316
48.5830681653147
47.926839280178726
47.2042938230166
46.4105315729796
45.5392177797188
44.58204653113245
43.527663268135065
42.3599260348119
41.054436025120836
39.57077461314856
37.83150794478375
35.638460013297895
30.76203244660629
27.021246575931805
24.824932260495252
23.022856047698212
21.428436339256052
19.965483644448227
18.59391703986244
17.28960587397677
16.036795191899948
14.824594168890279
13.645172140253496
12.49280471011124
11.363174936806969
10.253044927165814
9.15996290983911
8.08207903951101
7.018087417198638
5.96655130407036
4.928285563546124
3.90151419053538
2.1483935764896445
0.44529160696191294
0.0
0.0
0.0
0.0
0.0
0.0
0.0
0.0
0.0
0.0
0.0
0.0
0.0
0.0
0.0
0.0
0.0
0.0
0.0
0.0
0.0
0.0
0.0
0.0
0.0
0.0
0.0
0.0
0.0
0.0
0.0
0.0
0.0
0.0
0.0
0.0
0.0
0.0
0.0
0.0
0.0
0.0
0.0
0.0
0.0
0.0
0.0
0.0
0.0
0.0
0.0
0.0
0.0
0.0
0.0
0.0
0.0
1.6348852192413414
6.540816240114728
9.802175563227133
11.84534686229651
13.548700159876509
15.077462224159198
16.50095840615501
17.8564595036331
19.166847234293062
20.447168950372703
21.707910844896222
22.95642288873902
24.19790674746725
25.435901335149158
26.672720425767217
27.909611206118957
29.147039645634386
30.384672388334124
31.62172521043938
32.856835018097016
34.088245735015164
35.31390345365089
36.53145083681723
37.73834399026914
38.93189265805261
40.10930768080877
41.2677277764987
42.40431827147228
43.51621439715176
44.60064740265638
45.654911146451
46.67637795135276
47.66247741513551
48.61084331753086
49.519841277580895
50.385492999270355
51.2077276104757
51.98409734012793
52.71293697552815
53.39274174865077
54.022175890769454
54.6000151359392
55.12521330894249
55.59685633263136
56.014150601392316
56.37646928578192
56.683258280135355
56.93413074390105
57.12876656819748
57.26693808985979
57.348504868134484
57.37337901303429
57.34163801898285
57.25321636564346
57.108225098810905
56.906693555824916
56.648646828895224
56.334075343886056
55.9628716988685
55.53483570794572
55.04960466043386
54.50664309350546
53.9051667354952
53.24412557693374
52.52203132246781
51.242571391581436
50.39009573171967
49.47261869322324
48.48614379052701
47.425385936797404
46.283125464192665
45.049399482682794
43.70987073357965
42.24294945959259
40.61342260301981
38.756469439059856
36.52209716424571
33.25800723030155
27.347637698339256
24.829393995062766
22.878608859895657
21.205897508437317
19.70690800309605
18.329541149531316
17.04338399882679
15.828925966745365
14.672895015681153
13.565850698045
12.500898354637691
11.472859899373411
10.47784789459112
9.512909720867825
8.575779526916872
7.664782977462877
6.778348635963427
5.9166229686841385
5.077990172004352
2.5521847394829105
1.6919940043724104
0.8586863867782472
0.052840980114496006
0.0
0.0
0.0
0.0
0.0
0.0
0.0
0.0
0.0
0.0
0.0
0.0
0.0
0.0
0.0
0.0
0.0
0.0
0.0
0.0
0.0
0.0
0.0
0.0
0.0
0.0
0.0
0.0
0.0
0.0
0.0
0.0
0.0
0.0
0.0
0.0
0.0
0.0
0.0
0.0
0.0
0.0
0.0
0.0
