45.67769689999998
45.331899799999995
44.98337029999999
44.631870799999966
44.277133999999975
43.91895199999998
43.55708719999997
43.191331699999985
42.82162610000001
42.44788129999998
42.07015669999999
41.68866020000003
41.3035997
40.91545039999999
40.5246875
40.1320238
39.73820180000001
39.344142199999986
38.95079539999998
38.55928999999996
38.17075460000001
37.78640689999999
37.40755369999997
37.035472100000014
36.67146889999999
36.31682119999998
35.97280609999998
35.64073039999996
35.32169299999998
35.01685219999996
34.72721779999999
34.45376990000002
34.197310399999985
33.95858180000001
33.7382078
33.53669329999998
33.35439469999998
33.191549599999995
33.048336199999994
32.9246951
32.82050749999998
32.73559519999999
32.66954239999996
32.584689499999996
32.51857729999998
32.479403000000005
32.464196599999994
32.4703445
32.495440999999985
32.53728829999998
32.59383710000003
32.66318659999997
32.743495400000015
32.833100300000005
32.930308399999966
33.033605
33.14159420000001
33.2528504
33.36618560000001
33.4803821
33.59443009999999
33.707438600000025
33.818546300000015
33.9271592
34.0327427
34.1349701
34.233722599999986
34.3290002
34.42121869999998
34.5033095
34.5396029
34.563036200000006
34.572866899999966
34.56853069999998
34.549463300000006
34.51521919999998
34.465352899999985
34.3995971
34.31765479999999
34.21934780000002
34.104586999999974
33.973313000000005
33.82558519999996
33.661522399999974
33.481362200000014
33.28534219999997
33.07390790000001
32.84750479999998
32.606667499999965
32.35204940000002
32.08439300000002
31.804529899999988
31.513321399999985
31.21186639999998
30.901263799999985
30.582671899999987
30.257456899999994
29.926955300000017
29.59268180000002
29.25618080000003
28.919115499999993
28.583178799999974
28.250152699999994
27.92190829999997
27.600316700000032
27.287249000000013
26.9846951
26.69458550000001
26.418880399999992
26.159510300000004
25.918346299999975
25.6972892
25.498091299999995
25.3224455
25.172044699999994
24.9860336
24.82321819999998
24.73515769999997
24.71647639999999
24.76361030000001
24.874034899999987
25.04617609999997
25.278845900000004
25.571242400000003
25.922830999999963
26.333077099999976
26.801594599999998
27.3278786
27.91142420000002
28.55157800000003
29.2475678
29.998502599999977
30.803253799999982
31.66057399999996
32.568948500000026
33.52674379999999
34.53205909999996
35.582756
36.676577300000005
37.81102819999999
38.98340600000004
40.19085949999997
41.430359300000006
42.69869779999999
43.992548600000006
45.30849619999999
46.64291719999998
47.992247600000006
49.35268580000001
50.72054899999997
52.09203559999999
53.463343999999985
54.8307023
56.19039799999998
57.538748299999995
58.872100099999976
60.18694879999999
61.47981949999999
62.7474452
63.98652919999999
65.19407179999999
66.36710299999999
67.50286069999997
68.59870159999998
69.65219030000003
70.66103989999998
71.6231714
72.53668400000001
73.40255779999997
74.19822080000002
74.94167119999997
75.6321665
76.26929089999999
76.85322259999997
77.38473380000002
77.8656362
78.29904829999998
78.69025669999998
79.048112
79.38770180000003
79.73608279999999
80.05633789999996
80.19836329999997
80.26218859999997
80.2489721
80.16002059999995
79.9966112
79.76013979999999
79.45212109999996
79.07409950000002
78.62770849999997
78.11478949999999
77.53712449999998
76.89673309999998
76.19569429999996
75.43608709999998
74.62022809999999
73.75040419999998
72.90499369999996
71.88833299999997
70.82150899999998
69.70725409999999
68.54850859999996
67.34821279999997
66.109307
64.83476119999999
63.52760480000001
62.190748399999976
60.8272214
59.43987500000002
58.03161979999998
56.605217899999964
55.1634017
53.708844199999994
52.24404019999999
50.771425099999995
49.293374899999975
47.8120577
46.32961190000001
44.8479383
43.368937699999975
41.89433269999998
40.4257568
38.964695000000006
37.512572900000016
36.070697299999985
34.64028589999997
33.22246729999998
31.818370099999992
30.428944699999985
29.055141499999994
27.69791089999999
26.35811419999999
25.036583000000007
23.734148900000005
22.45167320000001
21.189928100000007
19.949804599999993
18.732134300000013
17.537748799999992
16.367568799999976
15.222515000000001
14.10350810000002
13.011557899999977
11.9476148
10.912718300000002
9.907907899999971
8.934282500000005
7.992851899999961
7.084744700000026
6.211030099999992
5.3727178999999685
4.570907000000009
3.806607200000011
3.0807985999999907
2.3944018999999876
1.7483080999999874
1.1433190999999534
0.5801773999999901
0.05953639999997051
0.0
0.0
0.0
0.0
0.0
0.0
0.0
0.0
0.0
0.0
0.0
0.0
0.0
0.0
0.0
0.0
0.0
0.0
0.0
0.0
0.0016214000000300643
0.5254403000000047
1.0811570000000155
1.6666924999999992
2.280027200000022
2.9191712000000107
3.5822534
4.267402699999987
4.9728668000000065
5.696833999999991
6.437581699999983
7.193446700000004
7.962706399999973
8.74372729999996
9.53481650000002
10.334251399999985
11.140398500000014
11.951535199999979
12.765909200000001
13.581797899999998
