0.0
0.0
0.0
0.0
0.0
0.0
0.0
0.0
0.0
0.0
0.0
0.0
0.0
0.0
0.0
0.0
0.0
0.0
0.0
0.0
0.0
0.0
0.0
0.0
0.0
0.0
0.0
0.0
0.0
0.09223610000000776
2.0212510999999753
4.037019800000004
6.135176299999973
8.310463699999987
10.557001399999994
12.868136599999993
15.236563099999987
17.654380699999958
20.113154600000012
22.6040342
25.11778279999999
27.644926099999967
30.175811599999992
32.70069769999997
35.20984279999998
37.693713200000026
40.14289399999999
42.548296999999984
44.9012498
47.19346609999999
49.41722389999998
51.565395200000005
53.63138659999998
55.60931749999998
57.49399039999997
59.28089090000004
60.96621740000001
62.54691079999999
64.0205951
65.38572589999998
66.64144189999996
67.78771340000003
68.82543139999999
69.7563779
70.5836714
71.31203419999999
71.948624
72.50445950000001
72.997628
73.4632646
73.94387000000002
74.38239050000001
74.57416339999997
74.6429486
74.59649779999998
74.44193899999995
74.1858359
73.83445520000001
73.39382600000002
72.9217445
72.29813359999997
71.59762940000002
70.8262313
69.99011689999999
69.09543410000002
68.1486278
67.1561132
66.12451339999997
65.0605406
63.97093669999997
62.862532699999974
61.742248699999976
60.616856299999995
59.49324589999999
58.3781
57.278041699999974
56.199426799999976
55.14852200000001
54.131148499999995
53.15294930000002
52.219121899999976
51.33447769999998
50.50329350000002
49.729459999999996
49.01627390000001
48.366467600000014
47.78220919999998
47.26504310000001
46.81597909999999
46.4353142
46.0745483
45.7244447
45.60683269999998
45.653788400000025
45.83172109999999
46.12102880000002
46.508554399999994
46.984407799999985
47.540302700000005
48.168814099999956
48.86299219999998
49.61606539999996
50.42129179999999
51.27198889999998
52.161474199999994
53.083005799999974
54.02993089999999
54.995566999999994
55.9733207
56.956747099999994
57.9394904
58.915402699999994
59.87860339999999
60.823390100000005
61.74438709999998
62.636634500000035
63.49540999999997
64.3164962
65.09609150000001
65.83092889999998
66.51833539999996
67.1562914
67.74360889999996
68.2801394
68.76718969999999
69.20793769999999
69.6086798
69.98064259999998
70.34408149999999
70.73751739999999
71.03888329999997
71.18197790000002
71.24164520000001
71.21945929999997
71.117321
70.93745779999998
70.682513
70.35545660000001
69.9595259
69.49831460000001
68.97580249999999
68.39611790000001
67.7638049
67.0835264
66.36027200000002
65.59915009999997
64.80538789999999
63.98442049999999
63.14162359999998
62.28249169999998
61.4124005
60.536696000000006
59.660546000000004
58.78899949999998
57.92686789999999
57.07860620000002
56.2484318
55.44026509999997
54.657551299999994
53.90340889999997
53.18051090000003
52.49108479999999
51.83694230000001
51.21944959999997
50.63946800000002
50.09750239999999
49.59349339999997
49.12702520000001
48.69717709999998
48.3025829
47.94140119999999
47.61131540000001
47.3095931
47.03290790000001
46.77751759999999
46.53920480000002
46.31327690000001
46.094595799999986
45.87766700000002
45.65666929999997
45.4255439
45.178053799999994
44.907902599999964
44.608823599999994
44.27463919999999
43.89935000000001
43.4772536
43.00300399999997
42.471700699999985
41.87876989999997
41.22029119999998
40.49281939999997
39.693443899999984
38.81993719999997
37.87054699999997
36.844233800000005
35.74055209999999
34.559680099999994
33.30241969999999
31.970226199999992
30.565119199999984
29.089742
27.547331900000014
25.941749899999976
24.277332200000004
22.55900899999998
20.792185699999997
18.982713199999992
17.13688790000001
15.261392299999978
13.36323560000001
11.449723999999984
9.5283716
7.606900400000021
5.693091800000027
3.7948459999999917
1.9200037999999993
0.07634659999998519
0.0
0.0
0.0
0.0
0.0
0.0
0.0
0.0
0.0
0.0
0.0
0.0
0.0
0.0
0.0
0.0
0.0
0.0
0.0
0.0
0.0
0.0
0.0
0.0
0.0
0.0
0.0
0.0
0.0
0.0
0.0
0.0
0.0
0.0
0.0
0.0
0.0
1.3696033999999877
3.192470599999984
5.008328599999993
6.8074655000000135
8.58070399999996
10.319401399999999
12.015776300000027
13.662760099999993
15.25426429999999
16.785210200000016
18.251558600000003
19.650339500000026
20.97971149999997
22.239021199999996
23.42865469999998
24.550186099999966
25.60616960000003
26.60008009999998
27.536402299999963
28.420333699999986
29.25781429999996
30.055556300000017
30.82080649999998
31.561435399999976
32.28581840000001
