0.0
0.0
0.0
0.0
0.0
0.0
0.0
0.0
0.0
0.0
0.0
0.0
0.0
0.0
0.0
0.0
0.0
0.0
0.0
0.0
0.0
0.0
0.0
0.0
0.0
0.0
0.0
0.0
0.0
0.0
0.0
0.0
0.0
0.0
0.0
0.0
0.0
0.0
0.0
0.0
0.0
0.0
0.0
0.0
0.0
0.0
0.0
0.0
0.0
0.0
0.0
0.0
0.0
0.0
0.0
0.0
0.0
0.0
0.0
0.0
0.0
0.0
0.0
0.0
0.0
0.0
0.0
0.0
0.0
0.0
0.0
0.0
0.0
0.0
0.0
0.0
0.0
0.0
0.0
0.0
0.0
0.0
0.0
0.0
0.0
0.0
0.0
0.0
0.0
0.0
0.0
0.0
0.0
0.0
0.0
0.0
0.0
0.0
0.0
0.0
0.0
0.0
0.0
0.0
0.0
0.0
0.0
0.0
0.0
0.0
0.0
0.0
0.0
0.0
0.0
0.0
0.0
0.0
0.0
0.0
0.0
0.0
0.0
0.0
0.0
0.0
0.0
0.0
0.0
0.0
0.0
0.0
0.0
0.0
0.0
0.0
0.0
0.0
0.0
0.0
0.0
0.0
0.0
0.0
0.0
0.0
0.0
0.0
0.0
0.0
0.0
0.0
0.0
0.0
0.0
0.0
0.0
0.0
0.0
0.0
0.0
0.0
0.21858870000002878
0.8267853000000179
1.4049106499999868
1.9514946000000124
2.4656461500000324
2.94732075
3.397498500000034
3.818852400000002
4.216639349999999
4.600437600000014
4.987621650000026
5.41084665000002
5.937294000000018
6.339135000000001
6.588436799999995
6.760800750000007
6.855959550000012
6.873913200000013
6.814973550000012
6.679764300000018
6.469131900000015
6.1843237500000185
5.826810000000022
5.398372650000018
4.901061000000026
4.337236200000039
3.709571250000013
3.0209619000000107
2.2745712
1.4739185999999858
0.6226126500000068
0.0
0.0
0.0
0.0
0.0
0.0
0.0
0.0
0.0
0.0
0.0
0.0
0.0
0.0
0.0
0.0
0.0
0.0
0.0
0.0
0.0
0.0
0.0
0.0
0.0
0.0
0.0
0.0
0.0
0.0
0.0
0.0
0.0
0.0
0.0
0.0
0.0
0.0
0.0
0.0
0.0
0.0
0.0
0.0
0.0
0.0
0.0
0.0
0.0
0.0
0.0
0.0
0.0
0.0
0.0
0.0
0.0
0.0
0.0
0.0
0.0
0.0
0.0
0.0
0.8053122000000068
2.1195817499999983
3.435722400000011
4.752130350000016
6.066889950000036
7.378308300000006
8.684425200000003
9.983235900000025
11.272602000000026
12.550251450000008
13.813823100000015
15.060733050000024
16.288308300000004
17.493786749999998
18.674139000000025
19.826380199999996
20.947347300000004
22.033966350000004
23.083029750000016
24.091552650000008
25.056550200000025
25.97530485000001
26.845410900000005
27.66486360000001
28.432192800000017
29.14650750000001
29.807852249999996
30.41720715000003
30.97693334999999
31.490951249999995
31.965408750000016
32.40903765000003
32.83449015
33.259318950000036
33.70816019999999
34.21576290000002
34.58196390000002
34.771479600000006
34.87839960000001
34.91047559999999
34.87559295
34.78177065000001
34.63698315000001
