33.58406227871763
33.936110088832336
34.335918076135954
34.78294692137732
35.275834472264435
35.812503057815306
36.39023884773244
37.005865404991226
37.655833020411585
38.33630431983872
39.04333312179707
39.77286183048285
40.52085302050682
41.28331115648086
42.05632371582144
42.8361067026146
43.61901997004967
44.401571141473106
45.18048086520589
45.95261740696512
46.71522280195357
47.46511721472455
48.20018426652145
48.917917730556276
49.61612789069406
50.29280216874933
50.94608300527764
51.57427987111212
52.17583787223357
52.74932158732447
53.293411877208285
53.806909708764195
54.288668791448494
54.73767057133084
55.15299723733363
55.53367075939258
55.87896030559958
56.18813851958046
56.46053681236316
56.69558647647406
56.89267282637914
57.05138575795954
57.17125022862648
57.25184821397445
57.292843523839366
57.29393814326053
56.64054553614324
56.529464240481694
56.37869636612821
56.18818982394018
55.958046690880415
55.68827035161931
55.37884021786863
55.029738965203705
54.64086990866072
54.212076524122914
53.74311825694288
53.23362566802164
52.68308126742254
52.09077789956942
51.45576587922447
50.77679380316601
50.05220357815871
49.279834304640154
48.456774074682926
47.57915689196864
46.641683523923845
45.636925033496745
44.55412932829294
43.37680067608164
42.07760945987186
40.60514006770566
38.83720751457875
36.212946326299836
31.686538053370796
29.764977541266745
28.278464977432897
27.01350434788823
25.89154180961116
24.873008589704682
23.93473466948144
23.061877750792224
22.244310452996785
21.47481876805256
20.748145738519124
20.06030386716596
19.408286835922652
18.789711293747846
18.20275992610003
17.645949423221595
17.11810734019074
16.618296107717146
16.14577177772736
15.69990372532172
15.280193881648305
14.886229950095274
14.517639825896449
14.174100300862111
13.855259944696213
13.560823616741914
13.290434634302265
13.04371692758292
12.820266294856651
12.619590213880569
12.441194542835245
12.284509770310546
12.148928499315454
12.033754202701052
11.938249109471354
11.861581588668834
11.802841945448007
11.761072141801977
11.73520939456168
11.724129306009722
11.72661686426983
11.741364310515051
10.857325023887565
10.908405947213776
10.967540019408666
11.032886772626398
11.102510857424399
11.174422367264018
11.246572642016364
11.316868137522068
11.383191570853107
11.443429491605695
11.495458059755425
11.537166123605157
11.566500340377596
11.581477411000332
11.580201671805796
11.560879924950084
11.521852948737692
11.461617481288679
11.378810313849822
11.272318742491258
11.14120460196717
10.98479609345261
10.802588164184309
10.594305852881938
10.359880412359596
10.099392388154431
9.813143645394668
9.501550562970834
9.165205233294603
8.804817090594863
8.421193148210651
8.015247316580856
7.58797494409478
7.14042898059834
6.67374854707847
6.1890987876640615
5.687701622894438
5.170792302146232
4.639647791235497
4.095544221044577
3.5397812355054192
2.9736856832219565
2.3985374602350884
1.8156403007619395
1.2262982468917494
0.6317893352676026
0.03337167310625659
0.0
0.0
0.0
0.0
0.0
0.0
0.0
0.0
0.0
0.0
0.0
0.0
0.0
0.0
0.0
0.0
0.0
0.0
0.0
0.0
0.0
0.0
0.0
0.0
0.0
0.0
0.0
0.0
0.0
0.0
0.0
0.0
0.0
0.0
0.0
0.0
0.0
0.0
0.0
0.0
0.0
0.0
0.0
0.0
0.0
0.0
0.0
0.0
0.0
0.0
0.0
0.0
0.0
0.0
0.0
0.0
0.0
0.0
0.0
0.0
0.0
0.0
0.0
0.0
0.0
0.0
0.0
0.0
0.18160259340859172
1.6572762601205566
4.37224878879829
7.486992764571367
9.005093341269962
10.256000038285908
11.374782430877987
12.415948733029632
13.408432254542166
14.370021472474324
15.3126672708788
16.244894717561635
17.173044476681056
18.101926490266752
19.035246425941907
19.97584791324805
20.925891114957253
21.88695294385184
22.86003409678465
23.845762747184537
24.84432487809552
25.85550081610704
26.87869650073673
27.91294831381463
28.956984603178757
30.009211115149142
31.067581742251924
32.13001451022056
33.1939742495235
34.256727700030844
35.3153310889911
36.36661600372011
37.40727758114805
38.433848885639925
39.442798080664275
40.43056329474601
41.39352903205089
42.32817670689819
43.23104216307105
44.09881743095888
44.92838266774281
45.716846059093506
46.461906932270274
47.1603362044013
47.811168510896934
48.412583967906244
48.96357194835477
49.46361051556805
49.91274351402396
50.31161501802549
50.66151898744308
50.96457273397526
51.222972280241564
51.44058977393312
51.62137997486589
51.770151807648816
51.8923946730356
51.994247947505684
52.08238218230654
52.16396165964041
52.24647624988078
52.33760120052837
52.445031312267716
52.57622375916178
52.73822366853321
52.937447898565296
53.17937943891809
53.46848591174694
53.807820263841066
