81.54804405000002
81.06129074999998
80.5800171
80.10021360000002
79.61773710000001
79.12822170000004
78.62703420000001
78.10931865000005
77.5698627
77.00323125000001
76.40363280000003
75.76500855000003
75.08112150000002
74.34546735000002
73.55140815000001
72.69239505000002
71.761701
70.75282169999998
69.65929740000003
68.47506930000003
67.19443499999998
65.81155845000004
64.3215837
62.720278500000006
61.00372245
59.1686634
57.21269565000003
55.13417085000002
52.93228710000001
50.60704440000001
48.42921765000002
45.296595300000014
41.944207799999994
38.457190200000035
34.84271505000001
31.10942505000001
27.267611249999998
23.32894575000001
19.306704450000026
15.215455200000008
11.071146900000024
6.8908867500000195
2.6927620500000105
0.0
0.0
0.0
0.0
0.0
0.0
0.0
0.0
0.0
0.0
0.0
0.0
0.0
0.0
0.0
0.0
0.0
0.0
0.0
0.0
0.0
0.0
0.0
0.0
0.0
0.0
0.0
0.0
0.0
0.0
0.0
0.0
0.0
0.0
0.0
0.0
0.0
0.0
0.0
0.0
0.0
0.0
0.0
0.0
0.0
0.0
0.0
0.0
0.0
0.0
0.0
0.0
0.0
0.0
0.0
0.0
0.0
0.0
0.0
0.0
0.0
0.0
0.0
0.0
0.0
0.0
0.0
0.0
0.0
0.0
0.0
0.0
0.0
0.0
0.0
0.0
0.0
0.0
0.0
0.0
0.0
0.0
0.0
0.0
0.0
0.0
0.0
0.0
0.0
0.0
0.0
0.0
0.0
0.0
0.0
0.0
0.0
0.0
0.0
0.0
0.0
0.0
0.0
0.0
0.0
0.0
0.0
0.0
0.0
0.0
0.0
0.0
0.0
0.0
0.0
0.0
0.0
0.0
0.0
0.0
0.0
0.0
0.0
0.0
0.0
0.0
0.0
0.0
0.0
0.0
0.0
0.0
0.0
0.0
0.0
0.0
0.0
0.0
0.0
0.0
0.0
0.0
0.0
0.0
0.0
0.0
0.0
0.0
0.0
0.0
0.0
0.0
0.0
0.0
0.0
0.0
0.0
0.0
0.0
0.0
0.0
0.0
0.0
0.0
0.058030499999999
1.2919318500000245
2.606468700000035
4.005383250000017
5.491660350000001
7.067438399999999
8.734232100000018
10.492486950000007
12.342024750000009
14.281642649999984
16.3093359
18.4222533
20.616518999999997
22.88754435000001
25.22967150000002
27.636440700000012
30.1008576
32.615170500000026
35.17104855000002
37.75949265000003
40.37096910000001
42.995543250000026
45.62287950000001
48.24241950000001
50.835541349999986
53.314481550000025
55.748203500000024
58.12641615
60.43914030000002
62.67706500000004
64.83128025000002
66.89332155000001
68.85534810000001
70.71032100000002
72.45173595000003
74.07393510000003
75.57201795000003
76.94201955
78.18104415000002
79.28748795000001
80.26170735000002
81.10708815
81.83276310000002
82.4597598
83.03993445
83.72747460000002
84.49636305000004
84.8297307
84.91891980000003
84.79164045000002
84.46678185
83.95810995000002
83.2761831
82.42959945000001
81.42593250000002
80.27208750000001
78.97470240000003
77.54050425000003
75.97639830000003
74.28969075000002
72.48791055000001
70.57929945000004
68.57250015000002
66.47615535
64.30019970000004
62.05421145000001
59.74834800000003
57.39281130000002
54.997936950000025
52.573926900000004
50.043189899999994
47.51245289999999
44.981715900000005
42.14437095000003
39.347521949999994
36.60422205000002
33.92641065000001
31.32477975000002
28.80859575000003
26.385654900000006
24.0621942
21.842713200000013
19.730241299999992
17.72611500000002
15.830156100000004
14.040760800000005
12.35472149999999
10.767404999999998
9.272618850000004
7.862655899999998
6.528071550000018
5.257594650000031
4.038350250000005
