62.76202789999999
61.89065959999998
61.01085650000001
60.1238066
59.23069790000001
58.33259960000001
57.43069970000001
56.52606739999996
55.619801599999974
54.71297150000002
53.80667599999999
52.901924899999976
51.99975769999999
51.10121389999997
50.20730330000002
49.31906540000002
48.437480299999976
47.56358750000001
46.69836709999998
45.842828900000015
44.997923300000004
44.16468979999999
43.34404910000001
42.53698129999998
41.74446649999997
40.96742539999998
40.20677869999996
39.46347679999996
38.73832160000003
38.032263499999985
37.346104400000016
36.680646200000034
36.036661100000025
35.41492129999999
34.816109900000015
34.24088030000002
33.6898265
33.16354250000001
32.662473799999994
32.1871253
31.737853399999967
31.315014500000014
30.918875900000007
30.549645500000015
30.2074718
29.89241419999998
29.604502400000015
29.343647300000022
29.109759800000027
28.902631999999993
28.72202629999999
28.567586300000006
28.43892589999998
28.335599599999977
28.231204099999974
28.122502099999995
28.056033499999998
28.026571099999977
28.02977869999998
28.06212199999999
28.120541900000006
28.20233570000001
28.30503829999999
28.426333099999997
28.5641114
28.71638330000001
28.881158899999978
29.056626500000004
29.240944700000007
29.432450300000017
29.629480100000006
29.8303709
30.033667399999995
30.23785490000002
30.441596899999993
30.643556899999982
30.842576599999973
31.03752739999998
31.227429199999985
31.41148009999999
31.588907899999963
31.759207699999997
31.921963699999996
32.077027400000006
32.22439880000002
32.36443429999998
32.497727899999994
32.62528939999997
32.74854439999997
32.82623959999999
32.865473299999984
32.88581779999998
32.88685730000002
32.86835419999997
32.83015999999996
32.772215300000006
32.6945201
32.597222900000006
32.48053160000003
32.344713500000005
32.19018440000001
32.01733039999996
31.82671579999998
31.61887519999998
31.394432300000027
31.154040499999986
30.898442300000017
30.628380199999974
30.344566999999998
30.04786400000003
29.739073099999974
29.41905559999999
29.088613400000025
28.748667199999957
28.400048599999966
28.043648599999994
27.6803879
27.311098099999988
26.936729599999968
26.558173400000012
26.176320500000024
25.792121299999966
25.406496500000003
25.020307399999986
24.634563799999988
24.25009729999997
23.867887999999997
23.488826899999964
23.11386440000001
22.743832100000017
22.3797101
22.022359699999978
21.672701599999996
21.331597099999986
20.999966899999983
20.67864259999996
20.368515199999987
20.070416299999994
19.7852072
19.51366009999999
19.25663629999999
19.014907999999995
18.789217700000023
18.580367299999995
18.38906960000001
18.216037399999994
18.061953799999966
17.927472199999993
17.813186600000012
17.719720700000014
17.581556300000013
17.48419970000001
17.429017100000006
17.413721600000006
17.436560899999993
17.496198499999974
17.59141669999998
17.72129480000001
17.885030899999983
18.081852799999993
18.31119619999998
18.572407700000003
18.864982399999974
19.18835600000001
19.54202359999996
19.925450599999984
20.33813210000001
20.779563200000002
21.24917959999999
21.746506099999998
22.270918999999992
22.82185400000001
23.398776499999997
24.001092499999984
24.628118900000008
25.279321100000026
25.953986299999976
26.651490800000005
27.37115149999997
28.112285300000003
28.87420910000001
29.656239799999973
30.457605200000007
31.277651899999967
32.11554829999999
32.970611299999966
33.84203899999999
34.729029500000024
35.6307512
36.54640220000001
37.475061800000006
38.41583900000002
39.36781310000003
40.330003999999995
41.30143160000002
42.281026699999984
43.26774979999997
44.26050200000001
45.25815469999997
46.25954959999997
47.26349869999998
48.26884370000001
49.27433719999996
50.27873179999999
51.28080979999999
52.27923469999998
53.27281849999999
54.26019500000002
55.24017619999998
56.21139589999998
57.17263639999998
58.12262059999999
59.060101100000004
59.983860200000024
60.892680200000015
61.78534339999999
62.66078060000002
63.51780379999999
64.35540319999998
65.1725096
65.96814289999998
66.74135269999996
67.49133709999998
68.21720509999999
68.9182439
69.59377040000001
70.2431609
70.86594020000003
71.46163309999997
72.02985349999999
72.5703935
73.08307489999999
73.56896689999999
74.0163083
74.43626630000001
74.82916759999996
75.19542799999998
75.53564149999997
75.8506397
76.1414324
76.4093561
76.65604429999998
76.8836651
77.09492119999999
77.29337659999997
77.48369420000003
77.6522417
77.72361079999999
77.7624287
77.7692003
77.7445196
77.68901029999999
77.60320699999997
77.48779279999998
77.343332
77.170478
76.96985450000001
76.7421743
76.48800169999997
76.20807920000001
75.9030305
75.573509
75.2202572
74.8438988
74.4451169
74.02468370000001
73.58322290000001
73.10569640000001
72.62816989999999
72.1506434
71.61274669999999
71.0565548
70.48286959999999
69.89249299999999
69.28625660000002
68.66502169999998
68.0296199
67.38088280000001
66.71967169999998
66.04684789999997
65.36324299999997
64.66968859999997
63.966986600000034
63.25596860000001
62.537377100000015
61.81195459999999
61.0803842
60.343349
59.60144299999998
58.855230500000026
58.1052164
57.351905599999995
56.59568420000002
55.836878899999995
55.07584610000002
54.31279369999999
53.547959299999995
52.78149139999999
52.01347909999999
51.244070900000025
