0.0
0.0
0.0
0.0
0.0
0.0
0.0
0.0
0.0
0.0
0.0
0.0
0.0
0.0
0.0
0.0
0.0
0.0
0.0
0.0
0.0
0.0
0.0
0.0
0.0
0.0
0.0
0.0
0.0
0.0
0.0
0.0
0.0
0.0
0.0
0.0
0.0
0.0
0.0
0.0
0.0
0.0
0.0
0.0
0.0
0.0
0.7415166000000161
2.2296202500000115
3.678787200000019
5.084829750000019
6.443693849999984
7.751726400000019
9.005407949999992
10.20166455
11.337689550000015
12.411032700000007
13.4196447
14.361966299999999
15.237017400000017
16.04439705000001
16.78472895000003
17.45970600000004
18.073025850000008
18.631192800000008
19.1455671
19.636998150000025
20.145848250000007
20.76117285000001
21.507207150000006
21.922457700000002
22.212611850000016
22.382570100000024
22.4367429
22.378917000000037
22.21265640000003
21.941302349999997
21.568107000000026
21.096188849999987
20.528621849999983
19.868524500000014
19.119148950000003
18.28365825000001
17.365393650000016
16.367740950000023
15.294264150000018
14.14861634999999
12.93453975000002
11.655954749999994
10.316959950000005
8.921787600000009
7.474714500000028
5.980373849999985
4.44339884999999
2.868600900000018
1.2610141499999932
0.0
0.0
0.0
0.0
0.0
0.0
0.0
0.0
0.0
0.0
0.0
0.0
0.0
0.0
0.0
0.0
0.0
0.0
0.0
0.0
0.0
0.0
0.0
0.0
0.0
0.0
0.0
0.0
0.0
0.0
0.0
0.0
0.0
0.0
0.0
0.0
0.0
0.0
0.0
0.0
0.0
0.0
0.0
0.0
0.0
0.0
0.0
0.0
0.0
0.0
0.0
0.0
0.0
0.0
0.0
0.0
0.0
0.0
0.0
0.667385400000037
2.8053399000000097
4.912332150000026
6.978160200000022
8.992666649999999
10.946139600000006
12.829045350000026
14.632295700000022
16.347337050000004
17.966239500000015
19.481741399999997
20.887427550000012
22.177996500000013
23.349572400000007
24.40023960000002
25.33111185
26.148604350000035
26.86960154999999
27.535312200000007
28.258715100000032
29.46619830000003
30.37982970000001
30.95688585000002
31.26989415000001
31.337431949999985
31.17397800000002
30.79129350000001
30.19953585000001
29.407926900000017
28.42510935000002
27.259503150000018
25.919661900000015
24.414050100000004
22.75162230000001
20.941555800000003
18.99338430000003
16.917176100000002
14.723355899999994
12.422883000000002
10.026984000000013
7.547464650000013
4.99630890000003
2.385857099999997
0.0
0.0
0.0
0.0
0.0
0.0
0.0
0.0
0.0
0.0
0.0
0.0
0.0
0.0
0.0
0.0
0.0
0.0
0.0
0.0
0.0
0.0
0.0
0.0
0.0
0.0
0.0
0.0
0.0
0.0
0.0
0.0
0.0
0.0
0.0
0.0
0.0
0.0
0.0
0.0
0.0
0.0
0.0
0.0
0.0
0.0
0.0
0.0
0.0
0.0
0.0
0.0
0.0
0.0
0.0
0.0
0.0
0.0
0.0
0.0
0.0
0.0
0.0
0.0
0.0
0.0
0.0
0.0
0.0
0.0
0.0
0.0
0.0
0.0
0.0
0.0
0.0
0.0
0.0
0.0
0.0
0.0
0.0
0.0
0.0
0.0
0.0
0.0
0.0
0.0
0.0
0.0
0.0
0.0
0.0
0.0
0.0
0.0
0.0
0.0
0.0
0.0
0.0
