9.107868047411472
9.515497923642858
9.849478845781809
10.099050150988404
10.25548720308866
10.312829397581197
10.268575383591784
10.123844842240757
9.883130108253205
9.553668236153403
9.1445291140007
8.665749895652425
8.127586730714158
7.5399858556510955
6.912258864808712
6.252883841916731
5.569511984008535
4.8689172451575615
4.157122255545893
3.4394401577468017
2.720592181079536
2.004740044553696
1.2956158133895475
0.5965308601603261
0.0
0.0
0.0
0.0
0.0
0.0
0.0
0.0
0.0
0.0
0.0
0.0
0.0
0.0
0.0
0.0
0.0
0.0
0.0
0.0
0.0
0.0
0.0
0.0
0.0
0.0
0.0
0.0
0.0
0.0
0.0
0.0
0.0
0.0
0.0
0.0
0.0
0.0
0.0
0.0
0.0
0.0
0.0
0.0
0.0
0.0
0.16815141846882967
0.9514980908037729
1.79720800376482
2.7236302856202386
3.7633496959054655
4.98520256937269
6.605076847216614
10.159157020457013
11.83056818492929
13.042928378520408
14.064803692520144
14.974475240999988
15.808118478512782
16.586054932726835
17.32101673074275
18.02157164114866
18.69374201301622
19.341844817112232
19.969068472358288
20.577684063109526
21.169379618442793
21.745282512285755
22.306128865721032
22.852295840859913
23.383848570846908
23.90060579860861
24.402140227272408
24.887838973356864
25.35693405305274
25.808511310179735
26.24154984339099
26.654926024016202
27.04746147518849
27.417927670177683
27.765079822645774
28.08767303676617
28.384497156411896
28.654354378648677
28.89612581914783
29.10874533324612
29.291231456677373
29.442682323742137
29.562290012199114
29.649340606353228
29.703188932517946
29.72328668644843
29.709179050957907
29.660461552245962
29.57680585813651
29.457951909811165
29.303657796211894
29.113747311956363
28.888018251982587
28.626294949468523
28.328362978255065
27.993975788907733
27.62287147269883
27.21466096422879
26.76884628328687
26.284745174072025
25.761405733944553
25.197491397608196
24.591100554854293
23.939504329163373
23.238642262650288
22.482375460413213
21.660983483160265
20.75802614269653
19.742726646918925
18.545784949817403
16.923234261110302
13.496085432066252
11.96701509483121
10.848018269198223
9.921380208434025
9.1184099269297
8.40683130671951
7.768677776297883
7.192923522138441
6.672450657506385
6.202481944705104
5.7797902684079805
5.402211955203491
5.068302683513375
4.7772188101175
4.5284894243977885
4.321987752210163
4.157835336661035
4.036364276075188
3.9581105925873863
3.923709278138106
3.9340670274324294
3.9902514750440288
4.093590673104054
4.245699339092781
4.4485685874298975
4.704647881931113
5.017047282713595
5.389709797552333
5.8278642665496285
6.338600207977676
6.9319796467638115
7.623186505713566
8.437016567793219
9.419660199267073
10.680140113049271
12.758034797345779
16.074796649303483
17.562862801742867
18.784510680947353
19.877584039103887
20.89245278796294
21.85381007320346
22.775656678135206
23.66666692419705
24.532487385942325
25.376985541541906
26.202804819986927
27.011801597499495
27.805272628938397
28.58410984546984
29.348900670839782
30.10001622685853
30.837667031589127
31.56193164522002
32.272766110161456
32.970066261725606
33.65367112711432
34.32336777891314
34.978900509684465
35.62000596677768
36.24634615835135
36.85755456277443
37.453207593366464
38.032819689805706
38.59582270753492
39.14157281750202
39.66936991955917
40.17835507829865
40.66761835613782
41.13609510551729
41.58262140092905
42.0058892431353
42.40447285650194
42.77684363586165
43.121311878699146
43.43625697802169
43.71931056347236
43.96894775280047
44.18290406144544
44.358962094679
44.49479113920671
44.58799580795092
44.63605390710119
44.63637433862479
44.586263263096534
44.48297148630528
44.32360861990356
44.105160843438405
43.82448251332231
43.47818669510944
43.062617211235995
42.57373012987705
42.006986955207395
41.35713465643501
40.617939437845955
39.78173843317103
38.83869468039387
37.775604232561605
36.57371793359458
35.204231727502915
33.618087623873464
31.715642996059266
29.206434934500276
23.24541311893864
20.048283345302398
17.79852714262726
15.892905290816508
14.18072730203707
12.596622638878706
11.105800687846497
9.687604828633003
8.328931614236385
7.02122027730279
5.758758462918616
4.537749341715829
3.355798119038774
2.211459212818403
1.1040648988099462
0.033473265694915426
0.0
0.0
0.0
0.0
0.0
0.0
0.0
0.0
0.0
0.0
0.0
0.0
0.0
0.0
0.0
0.0
0.0
0.0
0.0
0.0
0.0
0.0
0.0
0.0
0.0
0.0
0.0
0.0
0.0
0.0
0.0
0.0
0.0
0.0
0.0
0.0
0.0
0.0
0.0
0.0
