92.03078389999997
92.1708194
92.30948869999997
92.4455741
92.57806579999998
92.70625099999998
92.82977329999997
92.94881090000003
93.0640172
93.17007589999999
93.21450709999999
93.23895019999998
93.24212809999997
93.22312010000002
93.18118370000002
93.11578430000002
93.02668429999997
92.9138837
92.77753099999997
92.618042
92.43604039999997
92.23226869999999
92.0075882
91.76312749999998
91.49995579999998
91.21932049999995
90.9225581
90.61094569999999
90.28581979999998
89.94857630000001
89.60049229999997
89.2428746
88.8769112
88.50373069999996
88.124432
87.73996550000001
87.35119249999998
86.9588258
86.56354850000001
86.16586550000001
85.76613319999996
85.36470800000001
84.96170870000002
84.55719470000001
84.15116600000003
83.74347409999999
83.33391109999998
82.92218
82.50792439999998
82.09075820000001
81.6702656
81.24600110000002
80.81745979999997
80.38419619999999
79.9457945
79.5018092
79.05191359999998
78.59575129999999
78.13305499999997
77.6636465
77.18737730000001
76.70418799999997
76.21404890000001
75.7170788
75.21339649999999
74.70329899999999
74.18699419999999
73.66489789999996
73.1373665
72.63368419999999
72.0756212
71.5135487
70.94814980000004
70.38004820000002
69.80992699999999
69.23843959999999
68.66623939999998
68.09406889999998
67.5224924
66.95219300000001
66.38373499999999
65.81774209999998
65.2546895
64.69508210000001
64.1393654
63.5879255
63.04114849999999
62.49933140000002
61.962741499999986
61.431616399999974
60.90613429999998
60.3864437
59.87266340000001
59.36485280000001
58.86307129999999
58.367318900000015
57.87762529999997
57.3939608
56.91626599999998
56.44451119999998
55.978637
55.51858400000001
55.064322499999996
54.61579310000003
54.17293639999996
53.735722700000004
53.304152000000016
52.878224299999964
52.45790990000001
52.0432682
51.63432889999998
51.231151400000016
50.833795099999996
50.442349099999966
50.056932199999984
49.677633500000006
49.304631199999996
48.93807379999997
48.578080099999994
48.22479859999996
47.878466900000014
47.5392038
47.20715779999999
46.882536799999976
46.56548929999996
46.25610439999998
45.954500900000006
45.66079759999997
45.375053899999976
45.09729949999998
44.82753439999999
44.565728899999996
44.31182359999997
44.06572940000002
43.82726809999996
43.5962912
43.37259079999999
43.15584019999999
42.9458018
42.74211920000001
42.54440630000001
42.35227699999998
42.165285799999964
41.98298719999997
41.804905999999995
41.63056699999999
41.45943559999999
41.29109599999999
41.12501359999999
40.960713199999965
40.79771959999997
40.63555759999999
40.47381140000002
40.31209489999997
40.149962599999995
39.98711749999997
39.82323289999999
39.65804150000001
39.49130570000002
39.32287699999999
39.152666299999986
38.980554799999965
38.80657219999999
38.630748199999985
38.453201600000014
38.274080899999966
38.0936237
37.91215669999997
37.730006599999975
37.547618899999996
37.36543910000003
37.18400180000001
37.00390099999999
36.82579009999997
36.65035219999999
36.4783001
36.310435699999985
36.147501500000004
35.99038850000003
35.83992829999996
35.69701189999997
35.56247089999998
35.43728539999996
35.32231669999997
35.21848549999998
35.126682800000005
35.047858999999974
34.95994700000001
34.85828389999998
34.78542979999999
34.7419787
34.72846520000002
34.74536449999997
34.7931815
34.8717677
34.98338030000002
35.126623399999986
35.30253650000002
35.51141659999998
35.7536201
36.02944399999997
36.33912589999997
36.68284400000001
37.060776499999974
37.47295310000001
37.919403499999994
38.400098
38.914917799999984
39.46362529999997
40.0459829
40.66166390000001
41.310222799999984
41.99121409999996
42.7040438
43.44808819999998
44.2225751
45.02679170000001
45.85978759999999
46.720612399999986
47.60828599999998
48.52162040000001
49.45945729999997
50.42048989999999
51.403411399999996
52.40676650000003
53.42907019999999
54.468688999999976
55.52407850000002
56.59342700000002
57.675071300000006
58.767110599999995
59.86773320000001
60.9749789
62.086887499999975
63.2014988
64.31679320000002
65.4307214
66.54120439999997
67.64619289999997
68.74363759999999
69.8314595
70.9076093
71.9700674
73.01681419999996
74.03525689999998
75.02503910000001
75.99337789999998
76.93855070000001
77.8588646
78.7526861
79.61850049999998
80.45488219999999
81.26049470000001
82.0340906
82.774571
83.4808964
84.15223519999998
84.78784489999998
85.3871315
85.94967919999998
86.47528009999996
86.9639342
87.4158494
87.83161969999998
88.2122549
88.55923999999999
88.87480249999999
89.16223909999998
89.4262721
89.6739701
89.9159657
90.12235100000001
90.20886709999999
90.2458436
90.23387449999998
90.17361319999999
90.0657725
89.91109490000002
89.7103526
89.46443660000001
89.17426759999996
88.84076629999996
88.46503159999996
88.04810299999998
87.59122789999999
87.09562399999997
86.56265749999997
85.993754
85.39042819999999
84.75431359999999
84.0871328
83.39072720000003
82.66696789999999
81.9179636
81.145823
80.352833
79.54133990000001
78.7138088
77.8727939
77.02090880000002
