14.027066160949554
14.085309807885437
14.324164495994944
14.76437774703784
15.453013358747357
16.51556427829731
19.270561520764698
21.551948573677993
23.02182600521333
24.318291190828226
25.531033920065884
26.691273116487277
27.812292666126915
28.899981587459926
29.956738287583295
30.983169798181898
31.97889828040391
32.94305227089656
33.87447258795259
34.771903391308186
35.634052656042876
36.45966612601111
37.24756071354468
37.99664930654891
38.70596377787639
39.37466992008437
40.002063411194484
40.58758314429801
41.13081219712932
41.63146719660407
42.08940334291131
42.50458696577867
42.87711621929423
43.20716900973564
43.49505780045796
43.741127712815945
43.94585086031531
44.10976668148085
44.23346444033451
44.31759644694499
44.36286202350333
44.370003885359395
44.339782064267574
44.27297732017132
44.17039906716155
44.03284908828079
43.8611109418406
43.65596042031672
43.418143778853775
43.148358036972894
42.847267870022314
42.51546350425303
42.15345166084905
41.761667950735436
41.340443147962986
40.73295555799376
40.255111638332785
39.748513004010555
39.21273510365191
38.6470583457594
38.05028139298582
37.42057626221858
36.755181450321494
36.049860548367924
35.297992815556896
34.48866916909772
33.60250224422402
32.60000144947795
31.375204758710854
28.71551927469235
26.854296385917298
25.774231244629263
24.926732933365056
24.214519901133325
23.59720612715158
23.053390045428724
22.570139581927066
22.139032498310034
21.754255502556635
21.411647793704724
21.108169887030908
20.841523969319802
20.60995260956468
20.412101852485243
20.24689752196017
20.113461508929973
20.011083797484325
19.93917355862889
19.897205282701183
19.88472071441388
19.90130406435339
19.94655814933765
20.02012022236954
20.12164463661488
20.250795232780167
20.407282330185744
20.449662747228263
20.665114768872705
20.907858822818568
21.17788890500391
21.47542312795667
21.80094788648338
22.155363550044495
22.540166637176124
22.957785473003316
23.4121719079813
23.909924794630246
24.462776064383124
25.094280546987786
25.86448487326873
27.155862385609808
28.816098027378025
29.54677808023366
30.114187086454923
30.58984436308477
31.001733741033014
31.364258308612918
31.685931507879967
31.972252795684202
32.227010430786805
32.45292127827712
32.652065004784
32.82603175731582
32.976127027531966
33.10344122751089
33.20888743249734
33.293256343125826
33.35723647845974
33.40143164838047
33.42640416638131
33.43265241342145
33.420639396474975
33.39081215356299
33.343590160478215
33.279344922482984
33.19845221864979
33.101252072466686
32.91775783639705
32.78986120781255
32.64671923774777
32.48851740915528
32.3153309300979
32.12709806986526
31.9235995827021
31.70432787021754
31.46841528512787
31.214440808641925
30.940146709494286
30.641886713901638
30.313494186313797
29.9435257712944
29.50664324794613
28.91629181526574
27.6718659029449
27.110056454690913
26.698286468169137
26.3559635986866
26.057580267984108
25.79090845252077
25.54888717288293
25.32692371375987
25.12180822800251
24.931122831627928
24.753010389529965
24.585924943933716
24.428549087643784
24.279753641082145
24.138494251219715
24.003841063307537
23.87489910224628
23.75082092031895
23.630800670024925
23.514038287801743
23.3997657962369
23.287214568938513
23.175633856744717
23.064267111712454
22.952369197377497
22.839218331455704
22.63001257648883
22.509728081728646
22.38605925461894
22.2583603596539
22.12605126661049
21.98857819916195
21.845459855415466
21.69628765165788
21.540709788743616
21.378474282343287
21.209395681485667
21.033358975491982
20.85034531455795
20.660378988894053
20.463563947405355
20.26005030356688
20.050044867326434
19.833821774353883
19.611675552319298
19.383958260949502
19.151087564231595
18.913516644010723
18.67174673321451
18.426321102921683
18.17783632072035
17.926895471863592
17.674126938322335
17.42017562692328
17.165716178800746
16.91143221847411
16.658045800994024
16.40632646134803
16.157061878622102
15.911108815701061
15.66935138146572
15.432716367147883
15.202155004281677
14.978668092606577
14.76329101559503
14.557063060165703
14.36108814841105
14.17648169863804
14.00440930892599
13.846065989032668
13.702701974752626
13.575630861640587
13.466190249493874
13.375803843876124
13.30592894545311
13.25809726140376
13.233899793916937
13.235020928914333
13.263230137535865
13.320420226914715
13.408593100039296
13.52993101656627
13.686781160229438
13.881764255622745
14.11779820926698
14.398263904077517
14.727113061796514
15.109176922887341
15.550471986686775
16.058895352346354
16.645352420672108
17.325914247165905
18.12666941184656
19.096440993419947
20.354620687669225
22.7620109106582
25.55293233412939
26.939531368519194
28.095782698408126
29.135553403650892
30.102389546132713
31.017900549921606
31.894198443913403
32.73856761035426
33.55548080845625
34.34769766610831
35.1168165885221
35.863659028656265
36.58847256094745
37.291072023349756
37.97096895178256
38.62746377420936
39.259650502819014
39.86652263841968
40.44698433847818
40.999873934392525
41.524039194676774
42.018320691263305
42.48163082644156
42.91295939717968
43.31141169043131
43.67622519611347
44.00681999565505
44.302832256301734
44.564110165898285
44.79078897998432
44.983283101527725
45.142352759522055
45.269086767506714
45.36496578882963
45.2299036484755
45.26380191508643
45.27387473001445
45.26318593222697
45.235192353423145
45.193711840643346
45.1429108217509
45.08721993518217
45.03132043776808
44.97998771397705
44.93804456775995
44.910191114157676
44.900877393255755
44.91412522808975
44.953359240440726
45.02129203668885
45.119772492080045
