0.0
0.0
0.0
0.0
0.0
0.0
0.0
0.0
0.0
0.0
0.0
0.0
0.0
0.0
0.0
0.0
0.0
0.0
0.0
0.0814893345346013
0.997345080442559
2.0662874012675423
3.5060128265974564
6.409813646098495
7.675975228142372
8.606687040537818
9.38079337530818
10.057070594562528
10.66426114644186
11.219218093323335
11.732966879761857
12.213308099831476
12.66609445440363
13.095876199637242
13.506334688633228
13.900540009189369
14.281066548170504
14.650137581977184
15.009667567432325
15.361352822235567
15.706678012078454
16.046920154179023
16.38325273645613
16.716651399407926
17.047967390272177
17.37792261694337
17.707100325457134
18.035923154710094
18.364738093901874
18.693730666045028
19.023013830972594
19.352581625408757
19.68232288790548
20.012060002595444
20.341524062211278
20.670386327101507
20.998254231249042
21.32465308609954
21.64909883420617
21.971064532873957
22.289929525141623
22.605119214893744
22.91595565592799
23.221777880133075
23.521863237355007
23.815477284494918
24.10190354111753
24.380402400168574
24.6502720293305
24.91079416788803
25.161320232055026
25.40119447916432
25.629827890650496
25.846612204454516
26.051035009766657
26.24259832466199
26.420835185402293
26.585318021962173
26.735682724705864
26.87157008058676
26.992698860924992
27.098776353500824
27.18957153706308
27.26485537803618
27.324381381688127
27.367952060465996
27.39534596773629
27.406390426615427
27.40091430699357
27.378776660803922
27.339844746479244
27.284010287910146
27.211186674638327
27.12130642875181
27.014361390589166
26.89038575078236
26.749491729723964
26.591860763349786
26.417741391472347
26.227471453222478
26.021461023388582
25.80021297727216
25.56432238528116
25.31448533484707
25.051535879521552
24.77641442032364
24.49020638746714
24.194173703835794
23.88976634949267
23.578603693953657
23.262535031987674
22.94362720770678
22.624170171623682
22.30672734988361
21.994096895711415
21.689353217403667
21.395885682912713
21.117377193360316
20.857781528812723
20.621349588426842
20.412529730215002
20.235885878762495
20.0959100349765
19.996808429188892
19.94219595272347
19.93483399023555
19.9764077395308
20.067391047349545
20.20704186287609
20.39362032524444
20.624547864166445
20.896756529646808
21.206901900746033
21.551623233737224
21.927660253806486
22.33195830582696
22.761725875399264
23.214413199100754
23.687732593156344
24.179680798866634
24.688482722056918
25.21257158467346
25.75059102289102
26.301365133604072
26.863819505866243
27.43703970766689
28.0201593159898
28.612438731181836
29.213388914842984
29.821726239431637
30.437532337539487
31.06003995773554
31.688750080266814
32.323140612432205
32.96272048642524
33.60697971713423
34.255351699630104
34.90727902198558
35.56211997689507
36.21926634661159
36.8780258843531
37.53773700582224
38.19768730772235
38.857146597778105
39.5153391011749
40.17149033032618
40.824766534355135
41.47431655838423
42.119248227775714
42.75865094464274
43.39174217181401
44.01703248513833
44.634042128833144
45.241554983647205
45.83853289908288
46.42387663738476
46.99648064128872
47.555196077450375
48.09883290545787
48.626160900814384
49.1359201670467
49.626816698740654
50.097553147837814
50.546767821191935
50.97310676191201
51.375203601539994
51.75167519266026
52.10103269857928
52.421899429226016
52.71285142776854
52.97245482719205
53.19927894758146
53.39195439733135
53.54902628495503
53.6690776500197
53.75070107416307
53.792508813512434
53.79310720947123
53.751062631315236
53.136585320006944
52.98406298189421
52.78601160649956
52.54125298228762
52.24852223567513
51.90643780357081
51.51355516517526
51.06822027008562
50.568560000633866
50.012387878449616
49.39710736722135
48.71953699271911
47.97570462190155
47.1605871311727
46.267608818062655
45.287950070825474
44.209316373867594
43.013670273976714
41.67254662267379
40.13577340952906
38.29632843278829
35.79924776858424
30.31729255553916
27.768890655749644
25.876362243697802
24.263092720566714
22.814069839895012
21.475359407206525
20.216505836568835
19.018376562622052
17.868092430413974
16.75655481927213
15.677084015078155
14.624667168368589
13.595492047940187
12.586635043254006
11.595838891444298
10.621344132386614
9.661838804585651
8.71633075644519
7.784073728839548
6.864624534928895
5.9576686162255665
5.063083969177712
4.1808928934554395
3.3112392912298674
2.4543945222095114
1.610681965015615
0.0
0.0
0.0
0.0
0.0
0.0
0.0
0.0
0.0
0.0
0.0
0.0
0.0
0.0
0.0
0.0
0.0
0.0
0.0
0.0
0.0
0.0
0.0
0.0
0.0
0.0
0.0
0.0
0.0
0.0
0.0
0.0
0.0
0.0
0.0
0.0
0.0
0.0
0.0
0.0
0.0
0.0
0.0
0.0
0.0
0.0
0.0
0.0
0.0
0.0
0.0
0.0
0.0
