14.506180699999994
15.266738299999986
16.02361309999999
16.7763893
17.52468079999998
18.268249999999984
19.0069484
19.740568100000008
20.46910910000001
21.192512000000026
21.910747100000005
22.623784700000027
23.331624799999993
24.034178300000022
24.731356099999985
25.42303939999998
26.10905000000003
26.789120599999965
27.462983899999998
28.130313199999986
28.790722399999968
29.443795699999992
30.089147000000004
30.726330800000003
31.354901600000012
31.97441389999997
32.58451129999998
33.184778
33.77488729999999
34.35454219999997
34.9234754
35.48150869999998
36.02849359999996
36.56428160000002
37.08887269999999
37.60226689999999
38.104493899999994
38.59567249999999
39.07595119999999
39.545478499999994
40.00443259999997
40.45311049999999
40.89169040000001
41.32043959999998
41.73959569999999
42.149455700000004
42.550227500000005
42.94214869999998
43.32545689999997
43.70033029999998
44.066947099999986
44.425455799999995
44.77594549999999
45.118534999999966
45.45325400000002
45.7801322
46.099199300000016
46.4104256
46.7137517
47.009177599999994
47.29655479999996
47.57588330000004
47.847074000000006
48.11000809999999
48.36465589999999
48.61092829999999
48.848765900000025
49.07813899999998
49.29898819999998
49.511313500000014
49.71514460000001
49.91048149999997
50.09735390000003
50.27582119999999
50.445645799999994
50.607956299999984
50.761861700000004
50.90786690000001
51.046150100000006
51.17691919999998
51.30044149999998
51.41704369999997
51.527082199999995
51.63091339999999
51.72904219999999
51.8220032
51.91036069999998
51.994827499999985
52.07608669999999
52.15499959999997
52.23242749999998
52.30929109999998
52.3866002
52.4653349
52.54650499999998
52.631179699999976
52.7203391
52.81493360000001
52.915883899999976
53.02372459999997
53.1401189
53.2648589
53.39883560000002
53.5424945
53.696251400000016
53.86034389999997
54.03492050000001
54.22009999999995
54.41576359999998
54.6217925
54.83794910000002
55.063877000000026
55.29916039999996
55.543324100000014
55.79574439999998
56.0557679
56.32271150000003
56.5957436
56.87409200000001
57.15680629999998
57.442995499999995
57.7316795
58.02190789999998
58.3126412
58.60286959999999
58.89155360000004
59.17765369999997
59.4601601
59.738063000000004
60.01035259999999
60.276108200000024
60.534438800000004
60.784512799999995
61.02561740000001
61.257128900000005
61.47854239999997
61.68950149999999
61.889828000000016
62.079640699999985
62.259266299999986
62.4293879
62.59116379999999
62.746286900000015
62.89719260000001
63.026268800000004
63.0839759
63.11845760000001
63.12923869999998
63.11599249999998
63.0785408
63.0167054
62.93060510000002
62.82032899999997
62.686203800000015
62.52864530000002
62.34818809999997
62.145455899999995
61.92128029999999
61.67658199999998
61.41234110000002
61.1297456
60.83004290000002
60.51459919999999
60.1848698
59.8424585
59.489028499999996
59.12633210000001
58.75615129999998
58.380446299999996
58.00111789999997
57.62021539999998
57.2397287
56.86176649999998
56.48837809999998
56.121642499999986
55.7636387
55.41641599999999
55.0820237
54.76245170000003
54.459630499999975
54.1754312
53.91169519999998
53.67008570000002
53.45232529999999
53.259928699999996
53.094321500000014
52.93952509999997
52.74130729999998
52.622180599999986
52.5739478
52.59093619999999
52.66913629999999
52.805548399999985
52.9978559
53.24415799999997
53.54285089999998
53.89250900000001
54.29170670000002
54.7390778
55.23316699999999
55.77245960000002
56.355322099999995
56.980002199999994
57.64459909999999
58.34706349999999
59.085167899999995
59.85659570000002
60.658792700000014
61.489145300000004
62.34483199999997
63.2229125
64.12035739999996
65.0339591
65.96051000000001
66.8965946
67.83888649999999
68.78388109999997
69.72813319999999
70.66807879999998
71.60033209999999
72.52135880000002
73.42955510000002
74.3007155
75.1507889
75.97671619999997
76.77561649999997
77.54466829999997
78.28137679999999
78.98333629999999
79.64846779999999
80.27495959999997
80.86132669999996
81.40649989999997
81.9098852
82.37160140000002
82.79256920000002
83.17495670000001
83.52277339999999
83.84288000000001
84.14688919999998
84.45535339999998
84.72823699999998
84.84760129999997
84.8995466
84.88445899999996
84.80281369999997
84.65523440000003
84.44249329999998
84.16536260000002
83.82485209999999
83.42197160000003
82.95784970000001
82.43370409999997
81.85087130000001
81.21077690000001
80.51487619999999
79.7648324
78.96230869999998
78.1090871
77.2070387
76.25818309999997
75.26453989999997
74.22833660000002
73.15180069999998
72.01264234999998
70.873484
69.62848970000002
68.35121150000002
67.04476790000001
65.71242589999997
64.35745250000002
62.983322599999994
61.59348139999999
60.19146319999999
58.78080229999999
57.365092399999995
55.947897499999996
54.532662799999976
53.12286319999996
51.721825100000025
50.33272639999999
48.958566800000014
47.602167799999975
46.26611329999999
44.952719900000005
43.66397750000001
42.401579000000005
41.16683120000001
39.96068450000001
38.783643800000014
37.63582790000001
36.516880400000005
35.42599939999996
34.36187809999997
33.32282360000001
32.30660840000002
31.310589200000003
30.3316772
29.366427199999993
28.41103759999999
