75.3144656
75.15693679999997
74.9982794
74.83902799999997
74.67977659999998
74.52108949999997
74.3635013
74.20757630000003
74.05384909999998
73.90279489999998
73.75491860000001
73.61066570000003
73.47042229999998
73.33454479999999
73.20335989999997
73.08583700000003
72.96056240000001
72.84078229999997
72.72652640000001
72.61776500000002
72.51446840000001
72.41645839999997
72.32349739999997
72.23525869999997
72.1513859
72.07137409999996
71.99474809999998
71.92085449999996
71.8490102
71.77847270000001
71.70849949999996
71.63816989999997
71.56659289999999
71.49287749999998
71.4159842
71.33499230000001
71.24880289999999
71.15646560000002
71.0569112
70.94915959999997
70.83217129999998
70.7049662
70.5665642
70.41610399999999
70.25266490000003
70.07544499999999
69.88367210000003
69.67660369999996
69.45364579999998
69.21417469999997
68.95774490000001
68.68391089999999
68.39234599999999
68.08278289999998
67.7550731
67.40909780000001
67.04488669999996
66.66249919999997
66.26211349999997
65.84393750000002
65.40829790000001
64.95561049999999
64.48632080000002
64.00099309999997
63.500161999999996
62.98454029999997
62.45478140000001
61.91162780000001
61.35591110000001
60.78846290000003
60.2101148
59.62184689999999
59.0245502
58.41917510000001
57.80676109999998
57.18828829999997
56.5647665
55.93723519999998
55.3067339
54.6743318
54.04103870000001
53.4079238
52.77596719999997
52.14623810000001
51.51968689999997
50.897353100000004
50.280187099999985
49.6691096
49.06510069999998
48.46902169999999
47.88179329999998
47.304276800000004
46.73724439999999
46.18155739999999
45.637987999999986
45.10724899999997
44.59002349999998
44.08702430000003
43.59887510000002
43.12616989999998
42.669443300000026
42.22922990000001
41.80600490000001
41.40018410000001
41.01218330000001
40.64229949999998
40.29085939999998
39.95813030000001
39.64434979999998
39.349636699999955
39.074169200000014
38.81800669999999
38.58120859999996
38.36377489999999
38.16564620000003
37.98673340000001
37.82688799999997
37.68596150000001
37.56368659999999
37.45979600000002
37.373962999999996
37.30583119999998
37.22792810000002
37.1549849
37.108177700000006
37.08501169999999
37.0833188
37.10119819999998
37.13677880000001
37.18851619999997
37.25480659999999
37.334164999999985
37.425254899999985
37.52671009999998
37.63725349999999
37.755578299999996
37.88055589999999
38.01093890000001
38.14559869999996
38.28346609999999
38.42347189999999
38.56454690000003
38.70580009999996
38.84628109999998
38.9851583
39.12165949999998
39.25516099999998
39.385098499999984
39.51108589999996
39.63291529999997
39.75064610000004
39.864575299999984
39.975415700000006
40.0842959
40.161100099999985
40.19988829999998
40.222876100000015
40.229113100000006
40.217737999999976
40.187978599999994
40.1390627
40.07024780000002
39.980910199999975
39.8704856
39.7384394
39.58429639999999
39.40772989999999
39.20838350000003
38.98604929999998
38.74048969999999
38.47161559999999
38.179426999999976
37.863894199999976
37.52513599999999
37.1633603
36.778715600000005
36.37155829999997
35.94224479999998
35.491190900000014
35.01890149999998
34.525940899999966
34.012903099999996
33.480500899999996
32.92950650000001
32.36072180000002
31.775008099999983
31.173375200000006
30.55674379999999
29.92627220000001
29.28302959999999
28.628204
27.963072499999996
27.288882499999985
26.60700020000002
25.918762100000027
25.2256532
24.529009999999996
23.8304066
23.131238899999996
22.4330216
21.737299099999987
21.045556399999974
20.35930819999998
19.68009890000002
19.00938379999997
18.348707299999987
17.69952469999998
17.063291299999985
16.441521799999983
15.835552699999974
15.246779900000021
14.676599299999975
14.126288000000036
13.597123100000008
13.090292599999982
12.60704389999997
12.148446200000016
11.715598400000006
11.309480599999995
10.931072900000004
10.581206899999996
10.260743899999992
9.970367000000001
9.710759300000028
9.482485099999996
9.286049299999984
9.121897400000003
8.960982799999998
8.78198089999999
8.681089999999957
8.648122999999961
8.67610040000002
8.760121700000015
8.896444700000025
9.082277600000007
9.315303800000025
9.593622499999988
9.915629900000017
10.27981130000001
10.68483020000001
11.129409499999987
11.612301800000012
12.132319100000004
12.688184299999978
13.278768799999959
13.902765799999992
14.558987299999998
15.246126499999983
15.962935999999972
16.708079300000012
17.48024960000002
18.278051000000016
19.10008760000002
19.944963499999975
20.811253100000016
21.6974417
22.602014599999993
23.523427399999974
24.460135699999995
25.410535699999976
26.372993899999987
27.3458471
28.327402399999993
29.31593720000001
30.309728900000003
31.306995500000003
32.30592530000002
33.30479570000002
34.30173560000001
35.29493330000002
36.28260679999997
37.26291469999999
38.234134399999995
39.1944542
40.14221089999998
41.07577100000002
41.99353069999998
42.89400499999998
43.77582769999997
44.637721699999965
45.47852870000003
46.2972983
47.093139500000014
47.865458299999986
48.61374979999996
49.3377467
50.03735989999998
50.712737899999986
51.3642074
51.992302999999986
52.59782659999998
53.18172859999999
53.74522669999998
54.28971680000002
54.8167433
55.3281476
55.825889900000014
56.312168000000014
56.78926880000001
57.259746499999984
