0.0
0.0
0.0
0.0
0.0
0.0
0.0
0.0
0.0
0.0
0.0
0.0
0.0
0.0
0.0
0.0
0.0
0.0
0.0
0.0
0.0
0.0
0.0
0.0
0.0
0.0
0.0
0.0
0.0
0.0
0.0
0.0
0.0
0.0
0.0
0.0
0.0
0.0
0.0
0.0
0.0
0.0
0.0
0.0
0.0
0.0
0.0
0.0
0.0
0.0
0.0
0.0
0.0
0.0
0.0
0.0
0.0
0.0
0.0
0.0
0.0
0.0
0.0
0.0
0.0
0.0
0.0
0.0
0.0
0.0
0.0
0.0
0.0
0.0
0.0
0.0
0.0
0.0
0.0
0.0
0.0
0.0
0.0
0.0
0.0
0.0
0.0
0.0
0.0
0.0
0.0
0.0
0.0
0.0
0.0
0.0
0.0
0.0
0.0
0.0
0.0
0.0
0.0
0.0
0.0
0.0
0.0
2.9566762500000245
6.335526450000025
9.68167695
12.985905900000024
16.23965970000001
19.43514210000002
22.56513600000001
25.6232262
28.603621199999985
31.50137595000001
34.312080000000016
37.03208025
39.65834730000002
42.188564549999995
44.62081635000001
46.953988950000024
49.18803780000002
51.298237650000004
53.260086000000015
55.12321155000002
56.88886170000002
58.55877390000002
60.13481924999999
61.61909160000002
63.013863000000015
64.32167280000002
65.5450158
66.68656500000003
67.74912705000003
68.73546405000003
69.64847175000004
70.4910459
71.26626045
71.97710024999999
72.62681745
73.21884240000003
73.75678364999999
74.24478435000003
74.6875668
75.09096705000005
75.46229130000002
75.81156329999999
76.15308360000002
76.50881535000002
76.91101275000001
77.09892464999999
77.22108074999998
77.281446
77.28336165
77.22963435
77.12266980000003
76.96465095
76.75740435
76.50248925000004
76.2014649
75.85562325000001
75.46616715000002
75.03434400000002
74.5611339
74.04769515000002
73.4950524
72.90418575000001
72.27616440000003
71.61205755000003
70.91293440000001
70.17995325000001
69.41427240000002
68.61713925000002
67.78975665
66.93355020000001
66.04981185000003
65.14001175000001
64.20579825000002
63.24832965000002
62.26956614999999
61.27097790000002
60.25425780000002
59.22114330000001
58.17332730000001
57.112591800000004
56.04076335000002
54.95953485000001
53.87077740000004
52.776273
51.67775910000003
50.57706224999998
49.71158940000001
48.486909900000036
47.268155549999996
46.05724200000002
44.85595125
43.66588710000002
42.48847515000001
41.32496280000001
40.17641925000001
39.04364639999999
37.92717885000002
36.827328450000024
35.74418430000002
34.67747910000001
33.626678250000026
32.590890750000014
31.569002849999983
30.559410750000005
29.560287900000013
28.56945135000003
27.58422809999999
26.601766950000005
25.618682100000015
24.63140955000002
23.635984350000005
22.628085150000015
21.603256950000006
20.556688349999998
19.48347885000001
18.378638849999994
17.23708965
16.053752550000006
14.82372705000001
13.542112649999998
12.204409800000013
10.806341700000011
9.343943400000011
7.813784549999994
6.212880299999999
4.538824950000017
2.7898365000000265
0.9646675500000017
0.0
0.0
0.0
0.0
0.0
0.0
0.0
0.0
0.0
0.0
0.0
0.0
0.0
0.0
0.0
0.0
0.0
0.0
0.0
0.0
0.0
0.0
0.0
0.0
0.0
0.0
0.0
0.0
0.0
0.0
0.0
0.0
0.0
0.0
0.0
0.0
0.0
0.0
0.0
0.0
0.0
0.0
0.0
0.0
0.0
0.0
0.0
0.0
0.0
0.0
0.0
0.0
0.0
0.0
0.0
0.0
0.0
0.0
0.0
0.0
0.0
0.0
0.0
0.0
0.0
