0.4585068421910137
0.09606766731555126
0.0
0.0
0.0
0.0
0.0
0.0
0.0
0.0
0.0
0.0
0.0
0.0
0.0
0.0
0.0
0.0
0.0
0.0
0.0
0.0
0.3226872798023737
0.7580564180593001
1.238486360711304
1.76608550926333
2.343535260124745
2.974403220887325
3.663444030433486
4.417254275166097
5.245273605311654
6.161686715425032
7.189498669001552
8.370279071810105
9.795346492367196
11.786554093497726
15.889470054574746
17.71011273435179
19.093689582862115
20.279264422181885
21.343115432012965
22.321281404211856
23.233988467092324
24.09383920498713
24.90918600780243
25.68581140033465
26.427827051008734
27.138223049894897
27.819172943601558
28.472283718042526
29.09872464744268
29.69935247769641
30.274766125747856
30.825384204456597
31.35146541675211
31.85315941252678
32.330529505396946
32.78357636290407
33.21228058974397
33.61658276110846
33.9964299068866
34.35177361525116
34.68257452773883
34.988796250837375
35.270429301914504
35.527503470627515
35.7600699427691
35.96820940221752
36.15205355162794
36.31175517966828
36.44750701360297
36.55953943002444
36.64811061817322
36.713522209342344
36.756115274484145
36.776242680458225
36.774299993072795
36.75070987707664
36.705899355312376
36.64032009702378
36.55444246091324
36.44873445168994
36.32366947818233
36.17969911676962
36.017301386322686
35.836927932963725
35.63905441660564
35.42411776411198
35.19256777399216
34.944832466072654
34.68133362717951
34.40246561010824
34.10863700565542
33.800220402626444
33.477603121504615
33.141148998072474
32.79121677194827
32.42812798762799
32.05217941658937
31.66362926284933
31.262664232494437
30.849378201276433
30.423713639984673
29.985432782094968
29.533981330398973
29.068400247807414
28.587071259726716
28.087321714757078
27.564682002508007
27.011412240742658
26.412744330157185
25.735303377297754
24.86393722900925
23.082591206804892
22.310263670380643
21.779603350164827
21.367190891479076
21.034289366734303
20.762487645215543
20.54138072389058
20.364461478017276
20.2274132829885
20.12728820915687
20.062051339309132
20.03033574045983
20.03131126893649
20.064597023036544
20.130233920247747
20.228736355872577
20.361157983588313
20.529289389697702
20.73592438974707
20.98548308865171
21.285144798298504
21.64753594493967
22.09835170701139
22.70933023175683
24.185531966205446
25.027027620662338
25.614605190083857
26.11473760979512
26.56574106906574
26.983743747857897
27.37714272092001
27.75079389182337
28.107738649339645
28.44991252593896
28.7785966377626
29.094598111667747
29.398452771927893
29.690475043339166
29.970870201672824
30.239734585347005
30.497148899116674
30.7431238623591
30.977667930481065
31.200756730855154
31.412368400539265
31.61248639208635
31.80108067733647
31.978139742627466
32.143654558784455
32.29765022160869
32.44016009623823
32.57126253561392
32.69105894240045
32.79970289079348
32.897363468865414
32.98427675222537
33.06069072296269
33.126882005397036
33.18314422863699
33.229808387031014
33.26721341623539
33.29573152789554
33.31574539833847
33.32764649710092
33.3318281311151
33.32868959078002
33.318638720637026
33.30207133976263
33.279413265644585
33.25108963644341
33.21757365937104
33.1793508959307
33.13693747018056
33.090886626959644
33.04176500661263
32.99016475229525
32.936684129714735
32.88194433122747
32.82655564133538
32.77114839864056
32.716329302385404
32.66269241312948
32.61081051388662
32.561186687929684
32.51430590073037
32.4705589938304
32.43031623190804
32.39386989925694
32.361458099664034
32.333261491914975
32.309386698230604
32.2898925009334
32.2747840743903
32.263989033866594
32.257407737393955
32.254899798055185
32.25625228657337
32.26123762162396
32.269582151333346
32.28096715688405
32.29505878140539
32.31147073064635
32.329809902788284
32.349623072250765
32.370439208831655
32.391757312902264
32.413017560958636
32.43363386264743
32.45301329552509
32.47053309948309
32.48556871438743
32.497472543707445
32.50559045773497
32.50923725868197
32.50770808445792
32.50029167960685
32.48625901433991
32.46490138371703
32.43598340650509
32.397436773237175
32.34999217706249
32.2925170263865
32.22437580806057
32.14488617999403
32.0533431587979
31.9490108866401
31.831065418917415
31.698574427061605
31.550470130710064
31.38544344280701
31.201917116072227
30.997861066054856
30.7705854949873
30.51634040276992
30.22955094740597
29.90120682419147
29.51471864615915
29.031562552779643
28.27788693879419
26.973767882802363
26.396657656535254
25.935331564260842
25.532084082312057
25.16592974229492
24.826528094966907
24.50797456418932
24.20658785718815
23.919954339467303
23.646452061886038
23.38495593730834
23.134729725481648
22.895262584276008
22.666255955507385
22.447535059965944
22.239017999754775
22.04068628673527
21.852565766542906
21.674713188188953
21.50720485463317
21.350102434157993
21.203455765369934
21.067246643126698
20.94141568084879
20.82583596319249
20.72030503010157
20.624527904956523
20.538108349936476
20.46054904448734
20.391285712621308
20.32964062933564
20.27488942000078
20.22622312241611
20.182787121189612
20.14366431291253
20.107925036360893
20.074606088650345
20.04278676163955
20.011526068869355
19.979975347490548
19.947351091418806
19.912976239302356
19.876289926614813
19.83688228158671
19.794501859649205
19.749066046732946
19.70062726285315
19.649388766166243
