0.0
0.0
0.0
0.0
0.0
0.0
0.0
0.0
0.0
0.0
0.0
0.0
0.0
0.0
0.0
0.0
0.0
0.0
0.0
0.0
0.0
0.0
0.0
0.0
0.0
0.0
0.0
0.0
0.0
0.0
0.0
0.0
0.0
0.0
0.0
0.0
0.0
0.0
0.0
0.0
0.0
0.0
0.0
0.0
0.0
0.0
0.0
0.0
0.0
0.0
0.0
0.0
0.0
0.0
0.0
0.0
0.0
0.0
0.0
0.0
0.0
0.0
0.0311432000000309
0.6804743000000022
1.3454275999999925
2.025706099999998
2.7210721999999783
3.4313476999999635
4.156324700000013
4.895854699999999
5.649878299999985
6.4183063999999845
7.2010499000000125
7.998197900000012
8.809720699999973
9.63564799999999
10.476128299999985
11.331221000000017
12.201015199999988
13.085689099999998
13.98533179999999
14.9000621
15.829939400000008
16.775082500000007
17.735521100000007
18.711255199999968
19.702255100000006
20.708431700000006
21.729606799999992
22.765602200000004
23.816120899999984
24.8808659
25.959421400000018
27.05128249999999
28.155884899999997
29.27266429999999
30.40087820000002
31.539784099999984
32.68858009999997
33.8463158
35.012129899999984
36.18498290000001
37.363835299999984
38.54764759999998
39.73526150000001
40.9256078
42.117498499999996
43.30977530000001
44.50122049999999
45.690646099999995
46.87680469999997
48.058537999999984
49.234539199999986
50.40356089999998
51.56438539999998
52.71573559999997
53.856304699999995
54.984875000000024
56.10013969999999
57.20082169999998
58.285643900000004
59.3533886
60.402689599999974
61.43238860000002
62.44114909999998
63.42778309999999
64.39107289999995
65.32977109999999
66.24274909999998
67.12881889999997
67.98691129999999
68.81595710000002
69.61491680000002
70.38283999999999
71.11886540000003
71.82222080000001
72.49213400000002
73.13727739999997
73.7267333
74.28173720000001
74.80219999999997
75.28809199999998
75.73965080000002
76.15741100000001
76.54226359999998
76.895456
77.21894839999997
77.51538409999999
77.7886241
78.04416289999999
78.29001949999999
78.53837089999998
78.6922169
78.7662293
78.79438489999998
78.77730740000001
78.71565019999998
78.6101261
78.46150730000001
78.2705363
78.03801500000002
77.76480470000004
77.45179639999999
77.09979199999998
76.70977159999997
76.28262620000001
75.81930619999999
75.3207323
74.7879143
74.22183230000003
73.62343670000001
73.0517117
72.3649586
71.64710959999998
70.89917449999997
70.1223116
69.3175901
68.48607919999999
67.6289669
66.74726299999999
65.84212579999999
64.91462449999999
63.96585799999996
62.996865799999995
62.008776499999996
61.002629600000006
59.979434899999966
58.940231899999986
57.88603040000003
56.817840200000006
55.7366117
54.64326559999997
53.538722599999986
52.42390339999998
51.29963959999998
50.166733100000016
49.02604519999999
47.87828869999996
46.724235799999995
45.56453989999998
44.399913799999986
43.230981199999995
42.058365800000004
40.88257250000002
39.704195299999974
38.52367970000002
37.341500899999986
36.158134100000005
34.97393569999997
33.78929180000001
32.604588499999984
31.420152499999997
30.236280799999985
29.053300099999998
27.871507400000013
26.691199699999988
25.512674000000025
24.336197599999995
23.162097199999998
21.990669799999964
20.8222421
19.6571705
18.49578169999999
17.33849149999997
16.185715699999992
15.037870100000015
13.895489300000003
12.759018800000009
11.629082299999979
10.506214399999996
9.391068499999975
8.284268299999987
7.186526599999961
6.098615599999975
5.0212481
3.9552853999999744
2.9015590999999916
1.860930499999988
0.8343202999999602
0.0
0.0
0.0
0.0
0.0
0.0
0.0
0.0
0.0
0.0
0.0
0.0
0.0
0.0
0.0
0.0
0.0
0.0
0.0
0.0
0.0
0.0
0.0
0.0
0.0
0.0
0.0
0.0
0.0
0.0
0.0
0.0
0.0
0.0
0.0
0.0
0.0
0.0
0.0
0.0
0.0
0.0
0.0
0.0
0.0
0.0
0.0
0.0
0.0
0.0
0.0
0.0
0.0
0.0
0.0
0.0
0.0
0.0
0.0
0.0
0.0
