79.10180960000004
78.1732094
77.24315389999998
76.30876219999999
75.36706430000002
74.4150605
73.44989960000001
72.46424569999999
71.47859179999995
70.40784740000002
69.31245199999998
68.190386
67.03989709999998
65.8597082
64.64880950000001
63.40663670000003
62.1329819
60.82799359999999
59.492176699999995
58.12639249999997
56.73182899999997
55.310000899999984
53.86260109999997
52.39170859999997
50.89952120000002
49.388533699999996
47.86130029999997
46.32061279999998
44.76935210000001
43.21042879999997
41.64690199999999
40.0817714
38.518125799999986
36.95896489999999
35.40728839999997
33.866066299999986
32.33809040000002
30.8261822
29.332984999999976
27.861023300000017
26.412702799999966
24.990280699999953
23.595895400000014
22.231507099999977
20.89892749999999
19.599819799999988
18.335698699999995
17.107900700000005
15.91764349999999
14.766026000000002
13.653909499999969
12.582155299999963
11.551387100000007
10.56213949999998
9.614828300000008
8.70975049999998
7.847143700000012
7.0270376000000265
6.249461899999993
5.514297799999958
4.8213968000000005
4.170491599999994
3.561255499999961
2.993272699999981
2.4661274000000035
1.9793146999999607
1.5322405999999913
1.124281399999988
0.7548134000000067
0.4231534999999957
0.12852949999996327
0.0
0.0
0.0
0.0
0.0
0.0
0.0
0.0
0.0
0.0
0.0
0.0
0.0
0.0
0.0
0.0
0.023213299999961804
0.2765839999999838
0.5469430999999926
0.8325976999999637
1.131854899999985
1.4431108999999784
1.7648212999999953
2.095560500000011
2.433902899999989
2.7784823000000087
3.127991899999986
3.481243700000013
3.8369902999999894
4.194162499999995
4.551691100000029
4.908536600000015
5.2637782999999985
5.616495500000025
5.965856599999999
6.311059699999961
6.651391999999982
6.98614069999996
7.314682099999994
7.636422200000022
7.950796699999992
8.257330400000004
8.555488699999975
8.844915200000003
9.125194099999996
9.395969000000012
9.656942899999997
9.907848499999995
10.14844819999997
10.378563799999997
10.598017099999971
10.806748700000004
11.0047289
11.191957700000003
11.368583600000017
11.53484419999999
11.691006800000007
11.837635699999996
11.975354599999985
12.105084200000011
12.227982800000023
12.345654199999979
12.418003399999982
12.45459379999999
12.473126600000006
12.473334499999988
12.454890800000001
12.417617299999987
12.3612764
12.285749299999999
12.190887500000024
12.076601899999961
11.94289250000002
11.789729599999985
11.617172599999996
11.425310600000001
11.214321800000011
10.984325000000023
10.735617199999965
10.468406299999982
10.18307839999999
9.880019599999983
9.559645700000008
9.222402199999998
8.868883100000012
8.49962300000001
8.115215900000013
7.716344899999982
7.3036634000000005
6.877943600000015
6.439898300000001
5.9903293999999585
5.530068499999984
5.059947200000002
4.580797099999982
4.093568599999973
3.5991229999999943
3.09841070000001
2.5923227000000075
2.0818391000000016
1.5678805999999927
1.0514272999999923
0.5333701999999895
0.014719100000010598
0.0
0.0
0.0
0.0
0.0
0.0
0.0
0.0
0.0
0.0
0.0
0.0
0.0
0.0
0.0
0.0
0.0
0.0
0.0
0.0
0.0
0.0
0.0
0.0
0.0
0.0
0.0
0.0
0.0
0.0
0.0
0.0
0.0
0.0
0.0
0.0
0.0
0.0
0.0
0.0
0.0
0.0
0.0
0.0
0.0
0.0
0.0
0.0
0.0
0.0
0.0
0.0
0.0
0.0
0.0
0.0
0.0
0.0
0.0
0.0
0.27165379999997896
1.2762266000000182
2.316706699999975
3.3919952000000064
4.500963500000008
5.642334499999954
6.814712299999993
8.01661189999999
9.246399800000018
10.502412799999972
11.782898600000012
13.085986100000008
14.4098042
15.752422400000007
17.111791399999973
18.485891599999977
19.8727034
21.27014779999998
22.67620519999999
24.08879659999997
25.50587270000002
26.925502999999992
28.3456382
29.764377499999984
31.179790400000016
32.59006519999998
33.993390199999965
35.38795369999996
36.772033099999994
38.14393549999998
39.50199769999999
40.84461590000001
42.170215999999975
43.4772536
44.76418429999997
46.02958249999999
47.271963199999966
48.4899305
49.6821479
50.847308599999984
51.98413549999997
53.09144059999999
54.16809529999999
55.21308979999999
56.22544399999996
57.2043263
58.14902389999998
59.0590022
59.93384540000002
60.77331589999998
61.577354299999975
62.34616849999997
63.080114900000005
63.779757800000034
64.44595849999999
65.07972680000002
65.68233979999997
66.25531219999996
66.80030719999999
67.31922560000002
67.81417610000003
68.28747530000001
68.74164769999999
69.17942569999997
69.6038684
