6.109624101430304
6.024150936259227
5.9444762459498435
5.869899566265627
5.79915394169936
5.730331136000277
5.661000613617291
5.588237303605897
5.5086800139767345
5.418616346432653
5.314089571124793
5.190984472704365
5.045169671340781
4.872612070349637
4.669487812625343
4.432366226186842
4.158248446075793
3.84469108072541
3.4898845793263367
3.092638615895452
2.652461049424404
2.169506023429749
1.644557394670462
1.0789641352828698
0.47461305892728206
0.0
0.0
0.0
0.0
0.0
0.0
0.0
0.0
0.0
0.0
0.0
0.0
0.0
0.0
0.0
0.0
0.0
0.0
0.0
0.0
0.0
0.0
0.0
0.0
0.0
0.0
0.0
0.0
0.0
0.0
0.0
0.0
0.0
0.0
0.0
0.0
0.0
0.0
0.0
0.0
0.0
0.0
0.0
0.0
0.0
0.0
0.0
0.0
0.0
0.0
0.0
1.668790748300597
7.3469763675744435
10.003045209410985
12.008615551272058
13.756863959514067
15.367204746158894
16.89598020151295
18.375156603229385
19.824724828321607
21.257754671809696
22.682833053096683
24.10541908359445
25.528508872048544
26.953295345377263
28.379424503940673
29.805234983917053
31.22804526464342
32.6442441488107
34.04973362213809
35.439569575696
36.80863080876051
38.151450593359954
39.46246927211865
40.73605363345406
41.966669623911486
43.14893654968725
44.277693870048125
45.348028899567964
46.35537205567797
47.29558230091287
48.164881458551534
48.95987550260506
49.677574601569404
50.315346189321474
50.87098333257583
51.34260711761395
51.72873219486594
52.02818196201585
52.240134956480546
52.36402762443064
52.39985508280796
52.346758329947875
52.205771584750856
51.97705839322771
51.661099204624705
51.25850464293326
50.769861115112214
50.19577650865427
49.53675833840933
48.79316247138973
47.9650908524659
47.05226732599561
46.05392918575701
44.96856997750152
43.79368806928741
42.5252863300233
41.1572200450676
39.679925956371854
38.078341244787026
36.32753943758165
34.38278259194597
32.15068654913093
29.361382225175273
22.99562853491155
19.42103564365714
17.093291939827527
15.211953665545028
13.593142235529175
12.157809338209685
10.863589428152714
9.68481731477506
8.604714136736074
7.611680557724231
6.6974114040757335
5.855707123106141
5.081815876206845
4.37201625891756
3.7232726782117522
3.1330354435738075
2.5991184559507596
2.1195437538819863
1.6925026791639335
1.3162477612712848
0.9890683294213967
0.7092774536482103
0.4751195906051293
0.2848191335258048
0.13651599169697648
0.02825821741795835
0.0
0.0
0.0
0.0
0.0122495161834172
0.09747248044176673
0.2061139423621876
0.33535961507483536
0.4823323935945336
0.6440870994815123
0.8176425104818248
0.9999363672565584
1.1879066934734874
1.378475888460996
1.5685968551340044
1.7552162656248584
1.935392495441322
2.1062861203122907
2.2651583053259934
2.409453756757373
2.5368430575137975
2.645226013019246
2.732797351271338
2.7980891496827454
2.8400147256440187
2.8578771454748937
2.8514115912958595
2.8207705397624534
2.7665698546450517
2.6898178960403776
2.5919413919739602
2.474710442982037
2.3402197972023258
2.1908162133794247
2.029060429945465
1.8576965388364286
1.679572014178516
1.4976243084615772
1.3148795890169016
1.1343688441926043
0.9591762111459593
0.7923751001006952
0.6370544860253722
0.4962804866406055
0.37311674829216374
0.2705742164038202
0.19168263561202709
0.13938802919415139
0.11663929690847
0.1263115205793997
0.17130022082680968
0.2544430199162639
0.37862958589131956
0.5467904857554823
0.7619250774784518
1.0272321913910674
1.3461693374177752
1.7225840891885196
2.1609579636694867
2.6666776031201564
3.246561436959748
3.9096469938942757
4.668686561971395
5.543031066526059
6.565152613098079
7.7984670393735875
9.409372038321468
13.203856703643869
15.676682601865101
17.266859553544894
18.600565613539153
19.79541931676917
20.898611269870166
21.93399778499696
22.915120867564998
23.850156446721737
24.744110708323205
25.60002672160876
26.419621686136217
27.203661969425504
27.95225109238384
28.664951955796433
29.340915281683845
29.978987318455168
30.577756718749526
31.135592959947246
31.65073511574166
32.12128819650678
32.54528283743303
32.920681902331964
33.24541433839293
33.51738421877922
33.73449600865616
33.89465635239158
33.99578581813843
34.035842071907645
34.01276983846093
33.92452841997543
33.769044327117584
33.54419037056178
33.24772443097623
32.87723574039116
32.430044661528235
31.903045406970904
31.29252616765921
30.59383513914228
29.800849862029196
28.905196980781504
27.89469075475013
26.75050617379969
25.440792658420555
23.90373881940364
21.98432709454791
18.75742320995687
14.10398201271949
12.01880800090164
10.347129293528027
8.895336573864183
7.590352012672153
6.396036764987302
5.2921438799173455
4.266517217424841
3.311694149479113
2.4230941519428724
1.5980385393251857
0.835133800263709
0.13389860136816878
0.0
0.0
0.0
0.0
0.0
0.0
0.0
0.0
