27.243533720012927
27.293580517258953
27.28283968485587
27.21201722094851
27.082304672346705
26.895276804043604
26.652944811370148
26.357648083497992
26.012015540130992
25.61883935976161
25.180968697758406
24.70113420678544
24.181717756984224
23.62435475423839
23.02931940162496
22.394412353149196
21.71245321804441
20.964987980533273
20.099281479343862
18.809523170075714
16.95121433852974
16.224599309213602
15.715975498269131
15.337600602991191
15.054571638460835
14.847994318610045
14.70576817147559
14.61919939197789
14.581508814071416
14.58705685245259
14.630906717868768
14.70858010084417
14.815925333089915
14.948962217931225
15.103845955485154
15.276754838448948
15.463882596831276
15.661301717293952
15.864909450547762
16.070238890627188
16.272326810793196
16.465488271955284
16.642960327093782
16.796710195933603
16.917504131167156
16.995813194441844
17.023733196912502
16.9975537679852
16.91920516708906
16.795086836247116
16.633508349737532
16.442559661579267
16.229024920092726
15.998279115720795
15.754486443491125
15.50086700811634
15.24000988823856
14.973963600411391
14.704431484280452
14.432846404686238
14.16043238682319
13.888229775329915
13.617136385728045
13.347936938182198
13.081299916871343
12.817799357842873
12.557959332950203
12.302172318502205
12.050767846031754
11.804009271830804
11.562049019106407
11.324976248508905
11.092833556235101
10.865576022209467
10.64312184561129
10.425379049966399
10.212168015937815
10.003318613863668
9.798613427614765
9.597753899297707
9.400468937941039
9.206431687061505
9.015293263716568
8.826719858716476
8.640353075285402
8.455827725686694
8.272771123568322
8.090797141212562
7.909496859312624
7.728452071339466
7.54722602416833
7.365352346904018
7.182374755835301
6.9978081439649475
6.8111773891966365
6.622037539638491
6.429959229323379
6.234554190355346
6.035425363321049
5.832215421441735
5.624555690348932
5.412115284566703
5.194559555537048
4.9716048701462245
4.743011182662196
4.508580062990366
4.268202836791042
4.0218053230718285
3.769375992966652
3.510972591484681
3.2466823490549697
2.976708612809148
2.701277232111163
2.4206981351561216
2.1353330713818175
1.8456140497063824
1.5519952165291555
1.254997893920422
0.9551454687067076
0.65300601358054
0.3491828415664247
0.044297027663931204
0.0
0.0
0.0
0.0
0.0
0.0
0.0
0.0
0.0
0.0
0.0
0.0
0.0
0.0
0.0
0.0
0.0
0.0
0.0
0.0
0.0
0.0
0.0
0.0
0.0
0.0
0.0
0.0
0.0
0.0
0.0
0.0
0.0
0.0
0.0
0.0
0.0
0.0
0.0
0.0
0.0
0.0
0.0
0.0
0.0
0.0
0.0
0.0
0.0
0.0
0.0
0.0
0.0
0.0
0.0
0.0
0.0
0.0
0.0
0.0
0.0
0.0
0.0
0.0
0.0
0.0
0.0
0.0
0.0
0.0
0.0
0.0
0.0
0.0
0.0
0.0
0.0
0.0
0.26617403965189396
0.8898057968567095
1.5594111041989664
2.3123046958305347
3.288019432637775
5.15488480311235
5.926241363938789
6.462566054385226
6.880632699214404
7.220711710160202
7.5037358720057075
7.74298152834531
7.94817267488429
8.127157730243528
8.286802008092836
8.433356974266616
8.572733157600501
8.710628300809525
8.852494459949671
9.003471990681494
9.16837767106013
9.351545566795695
9.556739184601698
9.787084198274838
10.045024316400426
10.332239081695754
10.649775884896346
10.997990548283376
11.37670003370828
11.785180792550133
12.222289691132104
12.686524818037956
13.176091292561765
13.688951315559235
14.222875593645965
14.775440974344303
15.344078411302315
15.926125088415942
16.518708426277044
17.118894059256768
17.723577630996303
18.32954634850686
18.93344437377933
19.531837296971034
20.121246012054417
20.698028157778392
21.258636233316174
21.79950726626034
22.3171358396905
22.80810810846625
23.26918924348898
23.69735497050291
24.089819473258885
24.444137915968433
24.75817530764092
25.03022395255048
25.258976403802862
25.44354843689669
25.583541830651967
25.679012785906224
25.73050479732843
25.73902941666852
25.7060715479341
25.633560773665106
25.52388880311574
25.379815383846562
25.20451434954265
25.001488810753727
24.77452866959006
24.527656792635625
24.265095206659844
23.99115772264441
23.71026472620415
23.426802045366134
23.145121600693212
22.86945842991577
22.603841441784205
22.352097440359948
22.117702059868517
21.903839772856344
21.713289076077317
21.548468574696713
21.411373187781113
21.303638919756956
21.226530927683378
21.180994132232346
21.167710868314078
21.187148828020298
21.239627347618175
21.3254221864558
21.444742655167108
21.597833868322372
21.784884781309263
22.0061046605288
22.261656712994466
22.551580268342448
22.87576619398963
23.23388761979168
23.625322205282956
24.04911293446981
