0.0
0.0
0.0
0.0
0.0
0.0
0.0
0.0
0.0
0.0
0.0
0.0
0.0
0.0
0.0
0.0
0.0
0.0
0.0
0.0
0.0
0.0
0.0
0.0
0.0
0.0
0.0
0.0
0.0
0.0
0.0
0.0
0.0
0.0
0.0
0.0
0.0
0.0
0.0
0.0
0.0
0.0
0.0
0.0
0.0
0.0
0.0
0.0
0.0
0.0
0.0
0.0
0.0
0.0
0.0
0.0
0.0
0.0
0.0
0.0
0.0
0.0
0.0
0.0
0.0
0.0
0.0
0.0
0.0
0.0
0.0
0.0
0.0
0.0
0.0
0.0
0.0
0.0
0.0
0.0
0.0
0.0
0.0
0.0
0.0
0.0
0.0
0.0
0.0
2.237371950000001
5.782928250000022
9.317525250000015
12.831629250000024
16.31615205000001
19.76240640000001
23.162106000000012
26.50749915000003
29.791190549999992
33.00645315000001
36.1469163
39.20674395
42.1805901
45.063509700000004
47.85104775
50.542001400000004
53.03444025
55.41804345000001
57.691073549999984
59.852238600000014
61.900068450000006
63.83367209999999
65.65229219999999
67.35570599999998
68.94391350000001
70.41718200000004
71.7762243
73.02206505000001
74.15612985
75.180468
76.09779705
76.91208194999999
77.62898055000002
78.25726920000002
78.81142664999999
79.31782650000001
79.83059700000001
80.48222985000001
80.96292435000001
81.19520804999999
81.27388335000002
81.21284985000003
81.02266589999999
80.711796
80.28714540000001
79.75455015000003
79.11908895000002
78.38530590000002
77.55734415
76.63912409999999
75.63434340000003
74.54661060000002
73.37953425000003
72.13654469999999
70.82120595000002
69.43712655000003
67.98795960000001
66.47700180000001
64.90786170000004
63.28459335000001
61.61067165
59.88979425
58.12570335000004
56.32205205000004
54.48258255
52.610858850000014
50.71048950000002
48.776685375000014
46.84288125000002
44.58588915000003
42.31704675000001
40.04121000000002
37.76310120000001
35.48717535000002
33.21775380000001
30.95893515000001
28.71459525000001
26.488387200000012
24.2836077
22.103375250000003
19.95054104999999
17.827555350000026
15.73673475000001
13.679950350000007
11.658939599999991
9.675083550000027
7.729495950000023
5.823023249999993
3.956289150000009
2.1296500500000284
0.34323959999999587
0.0
0.0
0.0
0.0
0.0
0.0
0.0
0.0
0.0
0.0
0.0
0.0
0.0
0.0
0.0
0.0
0.0
0.0
0.0
0.0
0.0
0.0
0.0
0.0
0.0
0.0
0.0
0.0
0.0
0.0
0.0
0.0
0.0
0.0
0.0
0.0
0.0
0.0
0.0
0.0
0.0
0.0
0.0
0.0
0.0
0.0
0.0
0.0
0.0
0.0
0.0
0.0
0.0
0.0
0.0
0.0
0.0
0.0
0.0
0.0
0.0
0.0
0.0
0.0
0.0
0.0
0.0
0.0
0.0
0.0
0.0
0.0
0.0
0.0
0.0
0.0
0.0
0.0
0.0
0.0
0.0
0.0
0.0
0.0
0.0
0.0
0.0
0.0
0.0
0.0
0.0
0.0
0.0
0.0
0.0
0.0
0.0
0.0
0.0
0.0
0.0
0.0
0.0
0.0
0.0
0.0
0.0
0.0
0.0
0.0
0.0
0.0
0.0
0.0
0.0
0.0
0.0
0.0
0.0
2.3876836500000094
