90.17973140000002
88.07875339999997
85.93364119999998
83.7508397
81.53703139999999
79.29913640000002
77.04416390000002
74.7791528
72.49877194999998
70.21839109999999
67.8022367
65.40999079999999
63.049672400000006
60.728855
58.45481509999997
56.23444309999999
54.07412449999996
51.97976960000001
49.956843199999994
48.010186399999995
46.14422449999999
44.36275910000001
42.6690869
41.06591060000001
39.55548739999996
38.13945079999999
36.818988799999964
35.59475479999997
34.46692700000002
33.43523810000002
32.49897529999998
31.657010000000014
30.9078275
30.249616099999994
29.68011859999996
29.196929300000004
28.797345500000002
28.43381750000001
28.085703800000005
27.97355659999999
28.022116099999998
28.194673099999985
28.46990299999998
28.83349039999999
29.27474330000002
29.784929900000012
30.356446999999974
30.982374500000027
31.656178399999963
32.37171080000001
33.12291289999999
33.90393380000001
34.70904139999996
35.5326224
36.36924169999999
37.21346419999999
38.06015179999997
38.9041961
39.740755999999976
40.56519830000003
41.372978899999985
42.1599398
42.922130899999964
43.65586940000001
44.35779919999996
45.02498000000002
45.65482789999998
46.24520449999997
46.794654499999986
47.302316599999976
47.768339299999965
48.1940591
48.582683600000024
48.9403013
49.277693299999974
49.61440219999998
49.9877015
50.20189789999999
50.316124099999996
50.35719919999999
50.32527169999999
50.2206683
50.04386419999997
49.7955722
49.476713000000004
49.08832610000001
48.63162920000003
48.10798850000002
47.51891869999997
46.86614240000001
46.1514119
45.37674680000001
44.5441964
43.65601789999997
42.7145576
41.72231029999999
40.681859899999964
39.59599819999999
38.46754670000001
37.299475399999984
36.09487309999998
34.85691770000002
33.58884649999999
32.29404530000001
30.975959300000017
29.638063399999986
28.283921599999992
26.917097900000027
25.541275099999986
24.1600469
22.777066400000013
21.395986699999995
20.020401499999988
18.65381540000001
17.29982210000002
15.961747999999977
14.643008599999993
13.346811499999989
12.076215799999964
10.834280599999964
9.623768000000018
8.447410399999983
7.307643199999998
6.206842399999971
5.147116699999984
4.130426299999981
3.1584640999999944
2.2328042000000172
1.3547831000000077
0.5254997000000237
0.0
0.0
0.0
0.0
0.0
0.0
0.0
0.0
0.0
0.0
0.0
0.0
0.0
0.0
0.0
0.0
0.0
0.0
0.0
0.0
0.0
0.0
0.0
0.0
0.0
0.0
0.0
0.0
0.0
0.0
0.0
0.0
0.0
0.09312709999999357
0.5915822000000241
1.0887008000000058
1.5822850999999627
2.0701966999999795
2.5503565999999838
3.0208046000000253
3.4796992999999885
3.9253478000000106
4.3560571999999755
4.770461299999998
5.167223599999993
5.54521549999998
5.903575700000025
6.240225200000016
6.559084400000016
6.855965600000003
7.132769599999991
7.390684400000019
7.631699899999958
7.859112800000012
8.07791269999999
8.295999799999995
8.483614699999995
8.5684676
8.614977799999991
8.622610700000008
8.590920799999994
8.519581400000016
8.408444000000022
8.257389800000023
8.06647819999999
7.835887399999984
7.565825299999983
7.256737400000004
6.909039500000009
6.523355299999986
6.100367900000024
5.640908899999966
5.145869299999967
4.616258899999969
4.053206299999992
3.457899499999991
2.831734399999988
2.1761069000000006
1.4925317000000053
0.7826126000000079
0.048072200000002
0.0
0.0
0.0
0.0
0.0
0.0
0.0
0.0
0.0
0.0
0.0
0.0
0.0
0.0
0.0
0.0
0.0
0.0
0.0
0.0
0.0
0.0
0.0
0.0
0.0
0.0
0.0
0.0
0.0
0.0
0.0
0.0
0.0
0.0
0.0
0.0
0.0
0.0
0.0
0.0
0.0
0.0
0.0
0.0
0.0
0.0
0.0
0.0
0.0
0.0
0.0
0.0
0.0
0.0
0.0
0.0
0.0
0.0
0.0
0.0
0.7029572000000042
2.661880100000014
4.677500299999993
6.746669600000005
8.8661804
11.032646899999998
13.242594199999957
15.492428599999997
17.778556399999996
20.09726509999999
22.44490159999997
24.817753399999976
27.212197099999997
29.624609299999985
32.0514854
34.48940990000002
36.935086100000014
39.385395499999994
41.83730869999999
44.2879745
46.7347496
49.175139200000004
51.606826699999985
54.02764400000002
56.43560119999999
58.828827200000006
61.2056588
63.56446249999998
65.90372359999996
