23.112585685099308
23.215174694500725
23.240697867824426
23.187076182020043
23.052084057124592
22.83329117338803
22.527924756492432
22.132639079242445
21.643186211573877
21.05382267156503
20.356360668867197
19.53842915680196
18.579817027849305
17.444007981068754
16.052692737754434
14.162951354309534
9.71668870219755
7.453244539880157
5.815136965999411
4.427456684906426
3.190415378417994
2.060555051318526
1.015044763714375
0.04055778708328262
0.0
0.0
0.0
0.0
0.0
0.0
0.0
0.0
0.0
0.0
0.0
0.0
0.0
0.0
0.0
0.0
0.0
0.0
0.0
0.0
0.0
0.0
0.0
0.0
0.0
0.0
0.0
0.0
0.0
0.0
0.0
0.0
0.0
0.0
0.0
0.20007613244259803
1.5736611656436001
3.3318021559375017
7.313334194739374
10.22753530494738
12.004627129022872
13.49320838257158
14.83568979324966
16.090267619097666
17.287680380286368
18.446630322928634
19.57944141001484
20.69472832219545
21.798725220211658
22.895994824667774
23.989901886166894
25.08289712194719
26.176669055308473
27.272311991236037
28.37037140519653
29.470948959313787
30.573747207965113
31.678125937073034
32.78315065923674
33.88760914123347
34.99005512878111
36.08884210966738
37.18217580174599
38.26808504951315
39.34455950907171
40.40946714840765
41.46066033739767
42.49599731374135
43.51331204035149
44.510488337754495
45.48544400847075
46.436172317148404
47.36070001056644
48.25717410814668
49.12380211415697
49.9588701162378
50.760791081683905
51.52810616735402
52.259466798468125
52.953865075196305
53.60955732027894
54.22621820952074
54.802807833758116
55.33861561603267
55.8330621755583
56.28568266648768
56.69612952993346
57.06416690022799
57.38965201592775
57.67253817554321
57.912866580538676
58.11081383289252
58.26647201629508
58.380143033384904
58.45213959374334
58.48278847858164
58.47246268230087
58.42159525391072
58.33058834069316
58.19989440883104
58.02993454310499
57.82116752261052
56.957513498058795
56.64428064012517
56.29501823475602
55.91015046857033
55.49015925801711
55.035365109753094
54.545959942688484
54.02201590928092
53.46344938929721
52.869990515044776
52.24113270748721
51.57614548470955
50.873957677714436
50.133137987218134
49.35174073171248
48.527233867100705
47.656225015635165
46.73419513971166
45.755038352359435
44.71019805295583
43.587209449886785
42.36673110754508
41.01586571087019
39.469345108661486
37.55288162241342
33.25765661610701
30.40368529731581
28.665402509157957
27.264560815849585
26.052702324398943
24.96760167276937
23.976124195420756
23.058284765000916
22.201024974590037
21.39542654047851
20.635160302259592
19.91565994543665
19.233579915542865
18.586462302234075
17.972515927343725
17.390465573716913
16.839386548815867
16.318669856999236
15.827960872005054
15.367032282104027
14.93585096291028
14.534469149757602
14.163079973539759
13.821934572392351
13.511359650813512
13.231738617416344
12.98348300828508
12.7670422770567
12.58289642772497
12.431520098131788
12.313385163120646
12.228961566423202
12.178678872966486
12.162842805642045
12.182152807807064
12.2366147532238
12.32665515944251
12.452524121932765
12.614428815192952
12.812562008511819
12.24694936668834
12.549907586794395
12.890556239820846
13.268522967194397
13.683377883011458
14.134637188400315
14.621819100811468
15.144402169384858
15.701903294184195
16.293913304272518
16.920134512227083
17.580520371367857
18.275384568619888
19.00564698614402
19.773205999482418
20.581630639545
21.43752329914502
22.353473741867507
23.35619433009809
24.51606066085207
26.223222221623665
28.67163001843533
29.603245454452328
30.241273769836717
30.695958144674318
31.005763424085565
31.186507311237342
31.24304992434729
31.172784458524433
30.965654663085587
30.60095541118966
30.036972072624433
29.17121244488996
27.411306191957838
24.709942191357875
23.319652024482377
22.086819354370714
20.915465229505703
19.77080453752206
18.636200614919805
17.502560209705294
16.364495897729928
15.218730153454022
14.06328336819671
12.897000622326804
11.719368870486576
10.530295883943628
9.330013648644403
8.119070003256894
6.898212764970275
5.668436106064539
4.430919802668569
3.187050473085325
1.9383826483666236
0.6866804942042166
0.0
0.0
0.0
0.0
0.0
0.0
0.0
0.0
0.0
0.0
0.0
0.0
0.0
0.0
0.0
0.0
0.0
0.0
0.0
0.0
0.0
0.0
0.0
0.0
0.0
0.0
0.0
0.0
0.0
0.0
0.0
0.0
0.0
0.0
0.0
0.0
0.0
0.0
0.0
0.0
0.0
0.0
0.0
0.0
0.0
0.0
0.0
0.0
0.0
0.0
0.0
0.0
0.0
0.0
