10.949744118500364
10.796243020080837
10.664020300659331
10.553702549543372
10.465870056035296
10.401070265933171
10.359812214077596
10.342576756056435
10.349826150317131
10.38201346215514
10.439589367652216
10.523013172260946
10.632805263184393
10.769489124975621
10.93369413187848
11.126109917648183
11.34754709266268
11.598998880831255
11.881645205682332
12.19695670444113
12.546793836343568
12.933526030304431
13.360293474059842
13.831279992289492
14.352319645493385
14.931842106537951
15.582742105164098
16.326616923600515
17.20503094610283
18.323422033805336
20.804269130892134
22.71194569949607
23.830710603164814
24.751604568486364
25.567295317441385
26.31492959527812
27.013700518691067
27.674937281064075
28.305893433956353
28.91147085318208
29.49509719797587
30.059242227997913
30.605702252308078
31.13580706415412
31.65053885563535
32.150625281201194
32.63658713953512
33.108795040592724
33.567491405712
34.012838398371066
34.444907447697034
34.863727437705485
35.26928947939665
35.66157572760283
36.04054900143964
36.40619779652712
36.75851052138801
37.097482860575184
37.42312440525637
37.73544963308983
38.03447723419074
38.32022233635412
38.59271775938197
38.851998024519155
39.09812041769733
39.33114679167819
39.55115205554148
39.75822957390572
39.95247421206666
40.13400994219925
40.302951758202354
40.459436822852616
40.60359534570209
40.73555260603647
40.85544089580762
40.963332021903405
41.059288679835234
41.14331866204852
41.21540126758429
41.27543920342794
41.323295332626216
41.35877226093953
41.38162018916165
41.391480595875095
41.38801932942045
41.37076477175939
41.3392357570097
41.292872436744
41.231055332926225
40.994593337790285
40.89750360742622
40.782978083269064
40.65011175075118
40.49795795192622
40.325444691158665
40.13142136247275
39.914602258011904
39.67357466777753
39.406759671450885
39.11238293318154
38.78841657518681
38.432514545021604
38.041862484954336
37.61306412389181
37.141812661966156
36.62248072322371
36.04734294140475
35.405166779041096
34.67826972545025
33.83524856421942
32.80800151441558
31.3594659340565
28.28204730778597
26.87567959227078
25.797824252311848
24.86562420165874
24.020387060818603
23.234292320595966
22.491666029529576
21.782745122692408
21.10106194025764
20.44214699264495
19.802832549517177
19.180822504777947
18.57445979334904
17.982548940565
17.40423501677106
16.83891136053976
16.28618453100901
15.745822824648831
15.217708172393095
14.701800464629043
14.198184008530491
13.706975093266498
13.228366407821078
12.762607533119645
12.309927989703162
11.443062572619365
11.003100658436031
10.578008906774416
10.168281183538387
9.774404817143159
9.396916336205468
9.03634896665968
8.693249772082625
8.368172646598454
8.061676880012959
7.774334021671221
7.506714146355985
7.259389935351367
7.032935484129567
6.827938446132244
6.6449719756270476
6.484638088552353
6.347510856092786
6.234177754523901
6.14524323668197
6.081291924621019
6.042937615460239
6.0307953324947565
6.0454850392245
6.087659512200046
6.157992232277209
6.257190248061475
6.38598475813423
6.545197864235163
6.73568081531997
6.958416947619303
7.214477604508366
7.50510353927059
7.8317036391459425
8.19590926406435
8.59965384079018
9.045254384628223
9.535589590779
10.074273452356593
10.665991398529332
11.317082809705225
12.036406167798022
12.837100291903086
13.7400724272151
14.78261832434766
16.04529877025782
17.80215859707883
21.520779543819327
23.20049448995318
24.472300557636004
25.564406943607914
26.547779491632298
27.455437485157027
28.305782874483004
29.110161205722648
29.876098268262865
30.608769430071124
31.31192239123549
31.98827445868975
32.639884338333275
33.26830635905302
33.87473862455539
34.46013377533821
35.025223666341894
35.57062484433784
36.09683278290535
36.60426168224186
37.09327416016754
37.56418131859413
38.01724745807369
38.45272781816413
38.87079525792607
39.27166216339924
39.65549467692671
40.022458018839174
40.37269247726457
40.70636413493198
41.02360636358778
41.32454902293495
41.60933411836073
41.87806746216321
42.130879919049406
42.367869041189124
42.58913709109402
42.79477349268908
42.98486109736112
43.159458737291146
43.31862499054263
43.462376746587886
43.59070312983663
43.70357637267938
43.80093111227159
43.88266598979947
43.94867212275295
43.99876172593439
44.0327620379356
44.050429998977364
44.05149687509605
43.84787068707001
43.810219634448735
43.75513250870247
43.682196683325536
43.59096289034363
43.480939328846056
43.351613678381455
43.202426467962
43.03282769507087
42.84222449875831
42.62997469348342
42.395414308765204
42.137833082966644
41.8564360138275
41.55036163220834
41.21863992884117
40.86015766826686
40.47361614560754
40.057469366325485
39.60982049472009
39.12827141500669
38.609708975603155
38.049934551102496
37.44307310984394
36.780428484617495
36.04820510271636
35.2222135102226
34.25225762558251
32.99028201619225
30.090634746595285
28.5887137849497
27.543566339466516
26.67668820695344
25.915499623626083
25.227691799389504
24.595576560242538
24.008325289268083
23.458773670645442
22.941968211396535
22.45431215023393
21.99313168382967
21.55636339728887
21.142373313237453
20.749803134426557
20.377508645626595
20.024474370348898
19.689771627966866
19.372495044548263
19.07177167130594
18.786725437442023
18.516475922557053
18.26013246676665
18.016791259512587
17.785534957009443
17.565440997062275
17.355569379101293
17.154988156740888
16.96277161826599
16.778008762013492
16.59987948434067
16.427603546519624
16.26053166103468
16.09811257837508
15.93994107047339
15.785745276607054
