56.19001189999999
57.3104444
58.422917300000016
59.51914429999997
60.591195500000005
61.63146769999997
62.632832900000004
63.58878680000002
64.49338939999998
65.34156199999997
66.12905749999999
66.85278709999997
67.5110579
68.10404809999999
68.63472769999998
69.11075929999998
69.5481215
69.98031590000001
70.48444370000001
70.8255779
70.99528369999997
71.0495159
70.98990799999999
70.81827170000001
70.53668599999997
70.14737839999998
69.65287339999999
69.05587369999996
68.35926019999997
67.56615139999998
66.67978459999998
65.70366440000002
64.6414439
63.49692469999998
62.2740569
60.9769391
59.60981839999997
58.17706069999998
56.68309129999999
55.132454300000006
53.52975320000001
51.87962120000001
50.186721199999994
48.45577550000001
46.69147669999998
44.898428299999956
43.08126349999999
41.24449670000001
39.392612599999964
37.529917699999984
35.6606591
33.78893539999998
31.918696700000016
30.053714899999985
28.197583699999978
26.353778000000005
24.52553510000003
22.715884400000007
20.927677099999997
19.1635862
17.4260768
15.71734670000002
14.03944520000003
12.394273100000005
10.783404500000023
9.208354100000014
7.670399000000002
6.170608399999993
4.709962399999999
3.289233200000015
1.909074199999991
0.569990300000008
0.0
0.0
0.0
0.0
0.0
0.0
0.0
0.0
0.0
0.0
0.0
0.0
0.0
0.0
0.0
0.0
0.0
0.0
0.0
0.0
0.0
0.0
0.0
0.0
0.0
0.0
0.0
0.0
0.0
0.0
0.0
0.0
0.0
0.0
0.0
0.0
0.0
0.0
0.0
0.0
0.0
0.0
0.0
0.0
0.0
0.0
0.0
0.0
0.0
0.0
0.0
0.0
0.9466456999999917
2.839129700000013
4.804735099999988
6.840729499999979
8.943964699999956
11.11093609999999
13.337842100000012
15.620435599999983
17.9542319
20.33444929999998
22.7558903
25.213268299999996
27.70091059999997
30.213025699999992
32.74361419999996
35.2864985
37.835500999999994
40.384295599999966
42.926556200000014
45.455956699999994
47.96623039999998
50.45119969999999
52.904805800000005
55.321197799999986
57.6946139
60.019618999999985
62.290956200000004
64.5036953
66.65311399999999
68.7349058
70.7450018
72.67971919999997
74.51416940000001
76.25435180000002
77.91060199999997
79.48072219999997
80.9630195
82.35609799999999
83.6589479
84.87100489999997
85.99206110000002
87.02232439999997
87.96253729999997
88.81397689999999
89.57854399999998
90.25906010000001
90.85953470000001
91.38575929999999
91.84625779999999
92.2544843
92.63304049999999
93.0235955
93.32505049999996
93.44471179999996
93.46458109999999
93.38988559999999
93.22546640000002
92.9758379
92.6454254
92.23841660000001
91.75896950000002
91.21112330000001
90.59897659999997
89.92653889999998
89.1978791
88.41706610000003
87.58822820000002
86.71546400000003
85.8029612
84.85496689999998
83.87572819999997
82.86949219999998
81.8406248
80.79340280000002
79.73216239999996
78.66123979999998
77.58488209999999
76.5073661
75.43287949999998
74.36552090000002
73.3093295
72.31345879999999
71.23995230000001
70.19175020000002
69.17271350000003
68.1863765
67.23603590000003
66.3248399
65.45549119999997
64.63060339999998
63.85234460000002
63.12270470000001
62.4433172
61.815577999999995
61.2405266
60.7189946
60.251516600000016
59.8383302
59.47949480000001
59.174832200000004
58.923896899999995
58.666011799999985
58.4366981
58.33833170000001
58.34150959999997
58.428411799999985
58.58700979999997
58.80851240000001
59.08594009999999
59.413441999999975
59.78590969999999
60.19865059999999
60.647298799999994
61.12763689999997
61.63571479999997
62.16761209999998
62.71955690000002
63.287836700000014
63.86894690000002
64.45932350000001
65.05561039999999
65.6545406
66.25299559999998
66.84797570000002
67.4365703
68.0160767
68.5840001
69.13793479999995
69.67574239999999
70.1954033
70.69522460000003
71.17363219999999
71.62937869999999
72.06145430000002
72.46908679999997
72.85186040000004
73.21892270000002
73.54455349999996
73.84621639999999
74.12480239999995
74.38170740000001
74.6188025
74.8385825
75.04419559999997
75.23968100000002
75.42827599999998
75.5054069
75.54885799999998
75.55978759999999
75.53941340000003
75.48910160000001
75.4103372
75.3046349
75.1735391
75.0187427
74.8419089
74.64470089999999
74.4288116
74.19596359999997
73.94773099999996
73.68577700000002
73.41161630000002
73.1207345
72.82985270000002
72.5389709
72.21945830000003
71.89403540000002
71.56371199999997
71.22946819999997
70.89210590000002
70.55233790000001
70.21072849999996
69.86775289999999
69.52376749999999
69.17903959999997
68.83371769999997
