0.0
0.0
0.0
0.0
0.0
0.0
0.0
0.0
0.0
0.0
0.0
0.0
0.0
0.0
0.0
0.5735086516209731
2.81848494446097
5.631578823103332
9.975276558191489
17.53557546218427
20.85429670750872
23.513130377450633
25.839651227598214
27.951287924805346
29.905742819975842
31.735830229799404
33.461790184486716
35.09669531502246
36.64920271534947
38.12508976900223
39.52815422365486
40.860840711104075
42.12460823192264
43.32023317383708
44.44800628735473
45.50784924247444
46.49949081670469
47.422500903635076
48.27636639890991
49.060571470197054
49.77460751407787
50.4180109565632
50.99039501114206
51.49145826780986
51.920987595088754
52.278888458599454
52.565137255487684
52.77983538537727
52.923180772531005
52.9953400751157
52.996632362399325
52.92737554581736
52.78788243089992
52.57840114141993
52.29911546881152
51.95007100807383
51.53111679837448
51.041859619829495
50.22319629049683
49.587207395190546
48.87874809466983
48.09530093303538
47.233248017585176
46.28759589041612
45.25126172255009
44.11419767739355
42.86172651586444
41.471521849767036
39.90700299514463
38.10070580240185
35.89661323524452
32.614684133118125
26.731462644005315
24.18116129982354
22.171776343978923
20.423195767461625
18.83407049245785
17.353903136237616
15.953420701143198
14.614139759017297
13.323760181659628
12.073884977818134
10.858746959247284
9.674486245573714
8.518647869425603
7.389867016707117
6.28764499329955
5.212234285703175
4.164439394532833
2.221845973461118
1.177887662699559
0.16810739477475636
0.0
0.0
0.0
0.0
0.0
0.0
0.0
0.0
0.0
0.0
0.0
0.0
0.0
0.0
0.0
0.0
0.0
0.0
0.0
0.0
0.0
0.0
0.0
0.0
0.0
0.0
0.0
1.378915587361023
3.3020090074977477
5.600272011177963
8.564938420298219
15.430481247696168
20.01310700078221
22.918237726864927
25.335168583110654
27.48004374168113
29.441017263608973
31.263785082635934
32.975020910210226
34.59133556066206
36.12343406084615
37.57829654601883
38.960428204051176
40.27259920423641
41.516395480773774
42.6925525069214
43.801189522293136
44.84203070008353
45.81452199583549
46.71796096476363
47.551599490699274
48.31467125448806
49.00649661318506
49.62652425088611
50.174331651731116
50.64970222107262
51.05261111224361
51.38324192410486
51.641990070507475
51.82950988080269
51.94657648369008
51.994247753351274
51.97377021094022
51.88654237652153
51.7341182304774
51.518202190667715
51.240601797463704
50.90321972752671
50.50801530721784
50.057008671808
49.30192456623947
48.74198984192451
48.133342296147646
47.47775912869353
46.77691249475788
46.032237458999724
45.24487547320147
44.41558485602113
43.54461136771288
42.631492151220854
41.674714416550096
40.671208128161915
39.61538257349494
38.49736021268017
37.299050354434996
35.984261361754314
34.46494578709422
32.3688226520508
28.56334489279454
27.0017959864209
25.861763056759905
24.941838001554892
24.169947019151852
23.50984088206717
22.940015136283687
22.446360237791005
22.018885171534645
21.65011657629685
21.33417175328135
21.066215438119606
20.842138814703194
20.65829192431611
20.511363886706047
20.398251879135728
20.315980586388918
20.261634812493703
20.23232361022328
20.225144642628198
20.23717154590708
20.26543161402429
20.30689895457979
20.358489884890073
20.41706235258295
20.47942928436375
20.54239744245597
20.60275101941154
20.65732603909376
20.703031153143986
20.736901101933988
20.756140687351945
20.758178673461572
20.740740140024368
20.70188705143123
20.640047643467412
20.554064967335876
20.44321667930753
20.307202902216517
20.14617477602445
19.960652988986155
19.751515626836117
19.519958768563157
19.267418923201024
18.99555707811953
18.70619872148373
18.401289220384633
17.990038479658253
17.586071828511837
17.188861285737204
16.83317207623366
16.472448665018995
16.109027753412377
15.745232636140896
15.383432351323611
15.026027519153544
14.675437767958512
14.334127873061245
14.004581456743358
13.68934460341724
13.390982211329574
13.112092078131193
12.855337652888405
12.623403632306829
12.419025122048597
12.244969162594426
12.104055187143933
11.99913089154117
11.933076107521671
11.908816454126823
11.929342598367073
11.997726128620537
12.117128636316389
12.29088356136457
12.522552520548839
12.816048563668177
13.175776489817801
13.606890808389979
14.115660529777598
14.710097869075158
15.401032546381817
16.204182094457323
17.14438191803098
18.266102798547085
19.66706352736032
21.699259558119074
25.895273334283857
27.777817456434068
29.242620891839987
30.51733426945615
31.673869550519576
32.74509467757672
33.748702003075984
34.69516187442699
35.590978858092086
36.44038929635299
37.246217618174974
38.01040167506608
38.73433238337968
39.419065542026836
40.06548115577088
40.674392761441716
41.24662632519064
41.78311517344966
42.2848997411006
42.75319843656315
43.18939990370265
43.59507653216686
43.97197326512901
44.32201706665361
44.64726477637417
44.9498881506551
45.23211705000484
45.496188416244095
45.74425937383252
45.97837014863079
45.98826851856273
46.19095824171563
46.384078004732075
46.56833414192085
