0.0
0.0
0.0
0.0
0.0
0.0
0.0
0.0
0.0
0.0
0.0
0.0
0.0
0.0
0.0
0.0
0.0
0.0
0.0
0.0
0.0
0.0
0.0
1.3123357500000106
2.6740956000000082
4.047304800000029
5.426661900000008
6.806776350000007
8.182123950000012
9.547314149999988
10.896822750000023
12.225303750000027
13.5275448
14.798511750000014
16.033304100000006
17.227377750000016
18.37636680000003
19.47626175000003
20.523454049999987
21.514736100000018
22.447301250000024
23.319011100000022
24.128395499999996
24.874830750000022
25.559118750000007
26.183576099999996
26.75359335000002
27.279105150000003
27.779089800000023
28.290880199999982
28.897116600000018
29.711401500000022
30.172850400000026
30.504569700000005
30.710925300000014
30.795837600000027
30.762692400000013
30.61465275000003
30.35474804999999
29.98578495000004
29.510614650000008
28.93195469999999
28.252656300000012
27.475570650000005
26.603504399999984
25.63948695
24.586547699999997
23.447849699999992
22.226600549999993
20.926275149999995
19.550259300000032
18.102161550000012
16.585768649999995
15.00477824999999
13.363199850000033
11.664998400000016
9.91431704999999
8.115298950000009
6.272131800000004
4.389226050000015
2.4708139500000263
0.5213505000000259
0.0
0.0
0.0
0.0
0.0
0.0
0.0
0.0
0.0
0.0
0.0
0.0
0.0
0.0
0.0
0.0
0.0
0.0
0.0
0.0
0.0
0.0
0.0
0.0
0.0
0.0
0.0
0.0
0.0
0.0
0.0
0.0
0.0
0.0
0.0
0.0
0.0
0.0
0.0
0.0
0.0
0.0
0.0
0.0
0.0
0.0
0.0
0.0
0.0
0.0
0.0
0.0
0.0
0.0
0.0
0.0
0.0
0.0
0.0
0.0
0.0
0.0
0.0
0.0
0.0
0.0
0.0
0.0
0.0
0.0
0.0
0.0
0.0
0.0
0.0
0.0
0.0
0.0
0.0
0.0
0.0
0.0
0.0
0.0
0.0
0.0
0.0
0.0
0.0
0.0
0.0
0.0
0.0
0.0
0.0
0.0
0.0
0.0
0.0
0.0
0.0
0.0
0.0
0.0
0.0
0.0
0.0
0.0
0.0
0.0
0.0
0.0
0.0
0.0
0.0
0.0
0.0
0.0
0.0
0.0
0.0
0.0
0.0
0.0
0.0
0.0
0.0
0.0
0.0
0.0
0.0
0.0
0.0
0.0
0.0
0.0
0.0
0.0
0.0
0.0
0.0
0.0
0.0
0.0
0.0
0.0
0.0
0.0
0.0
0.0
0.0
0.0
0.0
0.0
0.0
0.0
2.114636700000009
4.5746877000000055
7.042223100000003
9.513322499999994
11.984065499999996
14.45048714999999
16.908711600000007
19.354773899999998
21.784976400000012
24.195487800000016
26.582610450000004
28.942780350000014
31.27256715
33.56862959999999
35.82771555000001
38.04675105000002
40.22270670000002
42.35268675000002
44.434018200000025
46.46398350000001
48.440132399999996
50.369993850000014
52.16544795
53.89911120000001
55.56924615000001
57.17424900000001
58.71256049999998
60.18284415000002
61.58385255
62.914471950000035
64.17381135000002
65.36106885
66.47562075000002
67.51702155000001
68.48513759999999
69.38014710000002
70.20258465000002
70.95356400000003
71.6350008
72.24992445000004
72.80314635
73.30224000000003
73.75954575000002
74.19640305000004
74.65192680000001
75.20603969999999
75.59901525000001
75.80590545000001
75.90502920000003
75.90436095000001
75.81098415
75.63144765
75.37198845000003
75.03848715000001
74.63695800000002
74.1732816
73.65342765000001
73.08354405
72.46982324999999
71.81850225000002
71.13604080000002
70.42880955
